,satisfaction_level,last_evaluation,number_project,average_montly_hours,time_spend_company,Work_accident,left,promotion_last_5years,sales,salary
0,,0.53,2,157,3,0,1,0,sales,
1,0.8,0.86,5,262,6,0,1,0,sales,medium
2,0.11,,7,272,4,0,1,0,,medium
3,0.72,0.87,5,223,5,0,1,0,sales,low
4,0.37,0.52,2,159,3,0,1,0,sales,low
5,0.41,0.5,2,153,3,0,1,0,sales,low
6,0.1,0.77,6,247,4,0,1,0,sales,low
7,0.92,0.85,5,259,5,0,1,0,sales,low
8,0.89,1.0,5,224,5,0,1,0,sales,low
9,0.42,0.53,2,142,3,0,1,0,sales,low
10,0.45,0.54,2,135,3,0,1,0,sales,low
11,0.11,0.81,6,305,4,0,1,0,sales,low
12,0.84,0.92,4,234,5,0,1,0,sales,low
13,0.41,0.55,2,148,3,0,1,0,sales,low
14,0.36,0.56,2,137,3,0,1,0,sales,low
15,0.38,0.54,2,143,3,0,1,0,sales,low
16,0.45,0.47,2,160,3,0,1,0,sales,low
17,0.78,0.99,4,255,6,0,1,0,sales,low
18,0.45,0.51,2,160,3,1,1,1,sales,low
19,0.76,0.89,5,262,5,0,1,0,sales,low
20,0.11,0.83,6,282,4,0,1,0,sales,low
21,0.38,0.55,2,147,3,0,1,0,sales,low
22,0.09,0.95,6,304,4,0,1,0,sales,low
23,0.46,0.57,2,139,3,0,1,0,sales,low
24,0.4,0.53,2,158,3,0,1,0,sales,low
25,0.89,0.92,5,242,5,0,1,0,sales,low
26,0.82,0.87,4,239,5,0,1,0,sales,low
27,0.4,0.49,2,135,3,0,1,0,sales,low
28,0.41,0.46,2,128,3,0,1,0,accounting,low
29,0.38,0.5,2,132,3,0,1,0,accounting,low
30,0.09,0.62,6,294,4,0,1,0,accounting,low
31,0.45,0.57,2,134,3,0,1,0,hr,low
32,0.4,0.51,2,145,3,0,1,0,hr,low
33,0.45,0.55,2,140,3,0,1,0,hr,low
34,0.84,0.87,4,246,6,0,1,0,hr,low
35,0.1,0.94,6,255,4,0,1,0,technical,low
36,0.38,0.46,2,137,3,0,1,0,technical,low
37,0.45,0.5,2,126,3,0,1,0,technical,
38,0.11,0.89,6,306,4,0,1,0,technical,
39,0.41,0.54,2,152,3,0,1,0,technical,
40,0.87,0.88,5,269,5,0,1,0,technical,
41,0.45,0.48,2,158,3,0,1,0,technical,
42,0.4,0.46,2,127,3,0,1,0,technical,
43,0.1,0.8,7,281,4,0,1,0,technical,
44,0.09,0.89,6,276,4,0,1,0,technical,
45,0.84,0.74,3,182,4,0,1,0,technical,
46,0.4,0.55,2,147,3,0,1,0,support,
47,0.57,0.7,3,273,6,0,1,0,support,
48,0.4,0.54,2,148,3,0,1,0,support,
49,0.43,0.47,2,147,3,0,1,0,support,
50,0.13,0.78,6,152,2,0,1,0,support,
51,0.44,0.55,2,135,3,0,1,0,support,
52,0.38,0.55,2,134,3,0,1,0,support,
53,0.39,0.54,2,132,3,0,1,0,support,
54,0.1,0.92,7,307,4,0,1,0,support,
55,0.37,0.46,2,140,3,0,1,0,support,
56,0.11,0.94,7,255,4,0,1,0,support,
57,0.1,0.81,6,309,4,0,1,0,technical,
58,0.38,0.54,2,128,3,0,1,0,technical,
59,0.85,1.0,4,225,5,0,1,0,technical,
60,0.85,0.91,5,226,5,0,1,0,management,
61,0.11,0.93,7,308,4,0,1,0,IT,
62,0.1,0.95,6,244,5,0,1,0,IT,
63,0.36,0.56,2,132,3,0,1,0,IT,
64,0.11,0.94,6,286,4,0,1,0,IT,
65,0.81,0.7,6,161,4,0,1,0,IT,
66,0.43,0.54,2,153,3,0,1,0,product_mng,
67,0.9,0.98,4,264,6,0,1,0,product_mng,
68,0.76,0.86,5,223,5,1,1,0,product_mng,
69,0.43,0.5,2,135,3,0,1,0,product_mng,
70,0.74,0.99,2,277,3,0,1,0,IT,
71,0.09,0.77,5,275,4,0,1,0,product_mng,
72,0.45,0.49,2,149,3,0,1,0,product_mng,
73,0.09,0.87,7,295,4,0,1,0,product_mng,
74,0.11,0.97,6,277,4,0,1,0,product_mng,
75,0.11,0.79,7,306,4,0,1,0,product_mng,
76,0.1,0.83,6,295,4,0,1,0,product_mng,
77,0.4,0.54,2,137,3,0,1,0,marketing,
78,0.43,0.56,2,157,3,0,1,0,sales,
79,0.39,0.56,2,142,3,0,1,0,accounting,
80,0.45,0.54,2,140,3,0,1,0,support,
81,0.38,0.49,2,151,3,0,1,0,technical,
82,0.79,0.59,4,139,3,0,1,1,management,
83,0.84,0.85,4,249,6,0,1,0,marketing,
84,0.11,0.77,6,291,4,0,1,0,marketing,
85,0.11,0.87,6,305,4,0,1,0,marketing,
86,0.17,0.84,5,232,3,0,1,0,sales,
87,0.44,0.45,2,132,3,0,1,0,sales,
88,0.37,0.57,2,130,3,0,1,0,sales,
89,0.1,0.79,6,291,4,0,1,0,sales,
90,0.4,0.5,2,130,3,0,1,0,sales,
91,0.89,1.0,5,246,5,0,1,0,sales,
92,0.42,0.48,2,143,3,0,1,0,sales,
93,0.46,0.55,2,129,3,0,1,0,sales,
94,0.09,0.83,6,255,4,0,1,0,sales,
95,0.37,0.51,2,155,3,0,1,0,sales,
96,0.1,0.77,6,265,4,0,1,0,sales,
97,0.1,0.84,6,279,4,0,1,0,sales,
98,0.11,0.97,6,284,4,0,1,0,sales,
99,0.9,1.0,5,221,6,0,1,0,sales,
100,0.38,0.52,2,154,3,0,1,0,sales,
101,0.36,0.52,2,147,3,0,1,0,sales,
102,0.42,0.46,2,150,3,0,1,0,sales,
103,0.09,0.94,7,267,4,0,1,0,sales,
104,0.43,0.52,2,158,3,0,1,0,sales,
105,0.24,0.46,7,224,5,0,1,0,accounting,
106,0.91,1.0,4,257,5,0,1,0,accounting,
107,0.44,0.5,2,148,3,0,1,0,accounting,
108,0.71,0.87,3,177,4,0,1,0,hr,
109,0.4,0.49,2,155,3,0,1,0,hr,
110,0.43,0.47,2,144,3,0,1,0,hr,
111,0.09,0.85,6,289,4,0,1,0,hr,
112,0.43,0.52,2,160,3,0,1,0,technical,
113,0.9,0.96,4,258,5,0,1,0,technical,
114,0.84,1.0,5,234,5,0,1,0,technical,
115,0.37,0.48,2,137,3,0,1,0,technical,
116,0.86,0.68,5,263,2,0,1,0,technical,
117,0.11,0.84,6,251,4,0,1,0,technical,
118,0.37,0.57,2,133,3,0,1,0,technical,
119,0.4,0.46,2,132,3,0,1,0,technical,
120,0.14,0.62,4,158,4,1,1,0,technical,
121,0.4,0.46,2,135,3,0,1,0,technical,
122,0.75,1.0,4,216,6,0,1,0,technical,
123,0.11,0.84,6,300,5,1,1,0,support,
124,0.46,0.49,2,138,3,0,1,0,support,
125,0.11,0.92,6,260,4,0,1,0,support,
126,0.38,0.49,2,132,3,0,1,0,support,
127,0.7,0.89,3,183,5,0,1,0,support,
128,0.09,0.82,6,250,4,0,1,0,support,
129,0.37,0.45,2,151,3,0,1,0,support,
130,0.1,0.83,6,292,4,0,1,0,support,
131,0.38,0.57,2,140,3,0,1,0,support,
132,0.9,1.0,5,221,5,0,1,0,support,
133,0.44,0.51,2,138,3,0,1,0,support,
134,0.36,0.5,2,132,3,0,1,0,technical,
135,0.31,0.84,7,133,5,0,1,0,technical,
136,0.1,0.84,6,283,4,1,1,0,technical,
137,0.42,0.48,2,129,3,0,1,0,management,
138,0.74,1.0,4,249,5,0,1,0,IT,
139,0.73,0.87,5,257,5,0,1,0,IT,
140,0.09,0.96,6,245,4,0,1,0,IT,
141,0.45,0.53,2,155,3,0,1,0,IT,
142,0.11,0.8,6,256,4,0,1,0,IT,
143,0.37,0.47,2,152,3,0,1,0,product_mng,
144,0.84,0.99,4,267,5,0,1,0,product_mng,
145,0.41,0.46,2,151,3,0,1,0,product_mng,
146,0.76,0.92,4,239,5,0,1,0,product_mng,low
147,0.11,0.87,6,306,4,0,1,0,IT,low
148,0.84,0.88,4,263,5,1,1,0,marketing,low
149,0.39,0.5,2,147,3,0,1,0,marketing,low
150,0.11,0.91,6,278,4,0,1,0,marketing,low
151,0.45,0.56,2,154,3,0,1,0,marketing,low
152,0.37,0.52,2,143,3,0,1,0,marketing,low
153,0.4,0.52,2,155,3,0,1,0,marketing,low
154,0.39,0.48,2,160,3,0,1,0,sales,low
155,0.11,0.8,6,304,4,0,1,0,accounting,low
156,0.83,1.0,5,240,5,0,1,0,support,low
157,0.11,0.92,6,305,4,0,1,0,technical,low
158,0.39,0.5,2,136,3,0,1,0,management,low
159,0.45,0.45,2,132,3,0,1,0,marketing,low
160,0.1,0.95,7,301,4,0,1,0,marketing,low
161,0.9,0.98,5,243,6,0,1,0,marketing,low
162,0.45,0.51,2,147,3,0,1,0,sales,low
163,0.79,0.89,5,239,5,0,1,0,sales,low
164,0.9,0.99,5,260,5,0,1,0,sales,low
165,0.11,0.84,7,296,4,0,1,0,sales,low
166,0.43,0.55,2,129,3,0,1,0,sales,low
167,0.31,0.54,5,132,5,0,1,0,sales,low
168,0.32,0.5,2,135,5,0,1,0,sales,low
169,0.45,0.57,2,158,3,0,1,0,sales,low
170,0.81,0.99,4,259,5,0,1,0,sales,low
171,0.41,0.46,2,160,3,0,1,1,sales,low
172,0.11,0.78,7,278,4,0,1,0,sales,low
173,0.1,0.88,6,284,4,0,1,0,sales,low
174,0.7,0.53,2,274,4,0,1,0,sales,low
175,0.54,0.74,4,164,2,0,1,0,sales,low
176,0.41,0.48,2,148,3,0,1,0,sales,low
177,0.38,0.5,2,140,3,0,1,0,sales,medium
178,0.37,0.51,2,127,3,0,1,0,sales,medium
179,0.11,0.85,6,308,5,0,1,0,sales,medium
180,0.4,0.47,2,146,3,0,1,0,sales,medium
181,0.1,0.84,6,261,4,0,1,0,accounting,medium
182,0.89,0.99,5,257,5,0,1,0,accounting,medium
183,0.11,0.8,6,285,4,0,1,0,accounting,medium
184,0.36,0.55,2,141,3,0,1,0,hr,medium
185,0.4,0.46,2,127,3,0,1,0,hr,medium
186,0.09,0.85,6,297,4,0,1,0,hr,medium
187,0.4,0.46,2,143,3,0,1,0,hr,medium
188,0.37,0.55,2,152,3,0,1,0,technical,medium
189,0.44,0.51,2,156,3,0,1,0,technical,high
190,0.09,0.8,7,283,5,0,1,0,technical,low
191,0.92,0.87,4,226,6,1,1,0,technical,medium
192,0.74,0.91,4,232,5,0,1,0,technical,medium
193,0.09,0.82,6,249,4,0,1,0,technical,medium
194,0.89,0.95,4,275,5,0,1,0,technical,medium
195,0.09,0.8,6,304,4,0,1,0,technical,low
196,0.27,0.54,7,278,3,0,1,0,technical,low
197,0.1,0.91,6,287,4,0,1,0,technical,low
198,0.1,0.89,7,285,4,0,1,0,technical,low
199,0.77,0.94,5,226,6,0,1,0,support,low
200,0.9,0.82,5,259,5,0,1,0,support,low
201,0.39,0.5,2,135,3,0,1,0,support,low
202,0.76,1.0,5,219,5,0,1,0,support,low
203,0.1,0.93,6,256,4,0,1,0,support,low
204,0.87,0.9,5,254,6,0,1,0,support,low
205,0.38,0.5,2,153,3,0,1,0,support,low
206,0.77,0.99,5,228,5,0,1,0,support,low
207,0.78,0.87,4,228,5,0,1,0,support,low
208,0.44,0.5,2,128,3,0,1,0,support,low
209,0.38,0.52,2,153,3,0,1,0,support,low
210,0.43,0.46,2,156,3,0,1,0,technical,low
211,0.39,0.5,4,294,3,0,1,0,technical,low
212,0.88,1.0,5,219,5,0,1,0,technical,low
213,0.45,0.46,2,153,3,0,1,0,management,low
214,0.4,0.53,2,151,3,0,1,0,IT,low
215,0.36,0.51,2,155,3,0,1,0,IT,low
216,0.36,0.48,2,158,3,0,1,0,IT,low
217,0.9,0.98,5,245,5,0,1,0,IT,low
218,0.43,0.53,2,131,3,0,1,0,IT,low
219,0.89,0.87,5,225,5,0,1,0,product_mng,low
220,0.1,0.84,6,286,4,0,1,0,product_mng,low
221,0.37,0.5,2,135,3,0,1,0,product_mng,low
222,0.37,0.51,2,153,3,0,1,0,product_mng,low
223,0.87,0.9,5,252,5,0,1,0,IT,low
224,0.4,0.56,2,149,3,0,1,0,accounting,low
225,0.9,0.97,4,258,5,0,1,0,accounting,low
226,0.37,0.46,2,158,3,0,1,0,hr,low
227,0.44,0.54,2,149,3,0,1,0,hr,low
228,0.85,0.95,5,236,5,0,1,0,hr,low
229,0.78,0.98,5,239,6,0,1,0,marketing,low
230,0.42,0.47,2,159,3,0,1,0,marketing,low
231,0.92,0.99,5,255,6,0,1,0,sales,low
232,0.11,0.83,6,244,4,0,1,0,accounting,low
233,0.42,0.56,2,134,3,0,1,0,support,low
234,0.48,0.57,4,270,4,0,1,0,technical,low
235,0.83,0.85,4,255,5,0,1,0,management,low
236,0.4,0.53,2,151,3,0,1,0,marketing,low
237,0.43,0.45,2,135,3,0,1,0,marketing,low
238,0.43,0.53,2,146,3,0,1,0,marketing,low
239,0.1,0.97,7,254,4,0,1,0,sales,low
240,0.1,0.87,7,289,4,0,1,0,sales,low
241,0.37,0.46,2,156,3,0,1,0,sales,low
242,0.38,0.53,2,156,3,0,1,0,sales,low
243,0.4,0.5,2,128,3,0,1,0,sales,low
244,0.89,0.86,5,275,5,0,1,0,sales,low
245,0.45,0.46,2,155,3,0,1,0,sales,low
246,0.37,0.48,2,159,3,0,1,0,sales,low
247,0.46,0.49,2,148,3,0,1,0,sales,low
248,0.87,0.91,4,228,5,0,1,0,sales,low
249,0.11,0.84,6,298,4,0,1,0,sales,low
250,0.79,0.87,5,261,5,0,1,0,sales,low
251,0.79,0.92,5,254,6,0,1,0,sales,low
252,0.19,0.59,7,192,3,0,1,0,sales,low
253,0.87,0.98,4,248,5,0,1,0,sales,low
254,0.6,0.92,2,258,5,0,1,0,sales,low
255,0.44,0.45,2,156,3,0,1,0,sales,medium
256,0.11,0.81,6,266,4,1,1,0,sales,medium
257,0.42,0.54,2,156,3,0,1,0,sales,medium
258,0.88,0.88,5,232,5,1,1,0,accounting,medium
259,0.11,0.84,6,287,4,0,1,0,accounting,medium
260,0.46,0.46,2,154,3,0,1,0,accounting,medium
261,0.82,0.97,5,263,5,0,1,0,hr,medium
262,0.44,0.56,2,131,3,0,1,0,hr,medium
263,0.11,0.78,6,260,4,0,1,0,hr,medium
264,0.42,0.5,2,139,3,0,1,0,hr,medium
265,0.84,0.93,4,251,5,0,1,0,technical,medium
266,0.11,0.95,6,286,4,0,1,0,technical,medium
267,0.45,0.53,2,129,3,0,1,0,technical,high
268,0.38,0.56,2,156,3,0,1,0,technical,low
269,0.38,0.86,6,139,6,0,1,0,technical,medium
270,0.44,0.51,2,127,3,0,1,0,technical,medium
271,0.11,0.84,6,251,4,0,1,0,technical,medium
272,0.81,0.93,5,270,5,0,1,0,technical,medium
273,0.09,0.96,6,296,4,0,1,0,technical,low
274,0.11,0.9,6,254,4,0,1,0,technical,low
275,0.81,0.95,5,238,6,0,1,0,technical,low
276,0.1,0.97,6,267,4,1,1,0,support,low
277,0.74,0.89,5,229,6,0,1,0,support,low
278,0.09,0.78,6,254,4,0,1,0,support,low
279,0.82,0.81,4,233,4,1,1,0,support,low
280,0.1,0.98,6,268,4,0,1,0,support,low
281,0.27,0.56,3,301,3,0,1,0,support,low
282,0.83,0.92,5,267,6,0,1,0,support,low
283,0.1,0.93,6,289,4,1,1,0,support,low
284,0.38,0.47,2,144,3,0,1,0,support,low
285,0.4,0.56,2,148,3,0,1,0,support,low
286,0.11,0.83,6,306,4,0,1,0,support,low
287,0.11,0.79,6,292,4,0,1,1,technical,low
288,0.82,0.91,5,232,5,0,1,0,technical,low
289,0.36,0.48,2,137,3,0,1,0,technical,low
290,0.4,0.46,2,128,3,0,1,0,management,low
291,0.87,0.84,5,231,5,0,1,0,IT,low
292,0.41,0.49,2,146,3,0,1,0,IT,low
293,0.11,0.91,6,308,4,1,1,0,IT,low
294,0.1,0.93,6,253,4,0,1,0,IT,medium
295,0.38,0.51,2,146,3,0,1,0,IT,medium
296,0.39,0.55,2,156,3,0,1,0,product_mng,medium
297,0.4,0.52,2,147,3,0,1,0,product_mng,medium
298,0.45,0.48,2,136,3,0,1,0,product_mng,medium
299,0.74,0.84,5,249,5,0,1,0,product_mng,medium
300,0.45,0.55,2,151,3,0,1,0,IT,medium
301,0.12,1.0,3,278,4,0,1,0,RandD,medium
302,0.1,0.77,7,250,5,0,1,0,RandD,medium
303,0.37,0.55,2,127,3,0,1,0,RandD,medium
304,0.89,0.87,5,255,5,0,1,0,RandD,medium
305,0.45,0.47,2,135,3,0,1,0,RandD,medium
306,0.37,0.46,2,149,3,0,1,0,marketing,high
307,0.11,0.81,5,287,4,0,1,0,sales,low
308,0.41,0.48,2,145,3,0,1,0,accounting,medium
309,0.1,0.94,6,285,4,0,1,0,support,medium
310,0.1,0.93,7,305,4,0,1,0,technical,medium
311,0.11,0.95,7,300,4,0,1,0,management,medium
312,0.4,0.54,2,139,3,0,1,0,marketing,low
313,0.41,0.49,2,130,3,0,1,0,marketing,low
314,0.1,0.81,6,268,4,0,1,0,marketing,low
315,0.73,0.86,4,245,6,0,1,0,sales,low
316,0.43,0.47,2,135,3,0,1,0,sales,low
317,0.37,0.46,2,153,3,0,1,0,sales,low
318,0.11,0.94,6,276,4,0,1,0,sales,low
319,0.4,0.46,2,130,3,0,1,0,sales,low
320,0.41,0.54,2,153,3,1,1,0,sales,low
321,0.82,0.84,5,244,5,0,1,0,sales,low
322,0.61,0.47,2,253,3,0,1,0,sales,low
323,0.11,0.91,7,287,4,0,1,0,sales,low
324,0.37,0.45,2,131,3,0,1,0,sales,low
325,0.41,0.52,2,135,3,0,1,0,sales,low
326,0.37,0.52,2,157,3,0,1,0,sales,low
327,0.88,0.99,5,262,6,0,1,0,sales,low
328,0.1,0.85,6,266,4,0,1,0,sales,low
329,0.44,0.48,2,148,3,0,1,0,sales,low
330,0.38,0.57,2,140,3,0,1,0,sales,low
331,0.11,0.85,7,302,4,0,1,0,sales,low
332,0.09,0.98,6,271,4,0,1,0,sales,low
333,0.45,0.52,2,145,3,0,1,0,sales,medium
334,0.1,0.81,6,290,4,0,1,0,accounting,medium
335,0.45,0.47,2,151,3,0,1,0,accounting,medium
336,0.77,0.87,5,266,5,0,1,0,accounting,medium
337,0.44,0.51,2,140,3,0,1,0,hr,medium
338,0.39,0.5,2,142,3,0,1,0,hr,medium
339,0.1,0.91,6,246,4,0,1,0,hr,medium
340,0.09,0.89,7,308,5,0,1,0,hr,medium
341,0.37,0.47,2,141,3,0,1,0,technical,medium
342,0.9,1.0,5,232,5,0,1,0,technical,medium
343,0.41,0.56,2,143,3,0,1,0,technical,medium
344,0.37,0.52,2,155,3,0,1,0,technical,medium
345,0.1,0.86,6,278,4,0,1,0,technical,high
346,0.81,1.0,4,253,5,0,1,0,technical,low
347,0.11,0.8,6,282,4,0,1,0,technical,medium
348,0.11,0.84,7,264,4,0,1,0,technical,medium
349,0.4,0.46,2,149,3,0,1,0,technical,medium
350,0.09,0.8,6,304,5,0,1,0,technical,medium
351,0.48,0.93,3,219,6,0,1,0,technical,low
352,0.91,0.91,4,262,6,0,1,0,support,low
353,0.43,0.57,2,135,3,0,1,0,support,low
354,0.33,0.88,6,219,5,0,1,0,support,low
355,0.41,0.57,2,136,3,0,1,0,support,low
356,0.41,0.55,2,154,3,0,1,0,support,low
357,0.37,0.54,2,149,3,0,1,0,support,low
358,0.31,0.62,6,135,5,0,1,0,support,low
359,0.09,0.91,6,275,4,0,1,0,support,low
360,0.1,0.87,6,290,4,0,1,0,support,low
361,0.76,0.9,4,263,5,0,1,0,support,low
362,0.41,0.54,2,145,3,0,1,0,support,low
363,0.72,0.96,5,267,5,0,1,0,technical,low
364,0.4,0.5,2,141,3,1,1,0,technical,low
365,0.91,0.87,4,235,5,0,1,0,technical,low
366,0.1,0.83,6,258,4,0,1,0,management,low
367,0.4,0.56,2,131,3,0,1,0,IT,low
368,0.82,0.86,5,243,5,0,1,0,IT,low
369,0.1,0.82,6,266,4,0,1,0,IT,low
370,0.37,0.45,2,142,3,0,1,0,IT,low
371,0.36,0.51,2,135,3,0,1,0,IT,low
372,0.39,0.48,2,141,3,0,1,0,product_mng,medium
373,0.36,0.57,2,142,3,0,1,0,product_mng,medium
374,0.86,0.84,5,254,5,0,1,0,product_mng,medium
375,0.73,0.99,5,262,5,0,1,0,product_mng,medium
376,0.56,0.71,4,296,2,0,1,0,IT,medium
377,0.44,0.56,2,158,3,0,1,0,accounting,medium
378,0.31,0.56,4,238,2,0,1,0,accounting,medium
379,0.77,0.93,4,231,5,0,1,0,hr,medium
380,0.44,0.45,2,156,3,0,1,0,hr,medium
381,0.38,0.46,2,145,3,0,1,0,hr,medium
382,0.45,0.48,2,144,3,0,1,0,marketing,medium
383,0.38,0.51,2,159,3,0,1,0,sales,medium
384,0.36,0.48,2,156,3,0,1,0,accounting,high
385,0.75,0.9,5,256,5,0,1,0,support,low
386,0.1,0.93,6,298,4,0,1,0,technical,medium
387,0.1,0.97,6,247,4,0,1,0,management,medium
388,0.45,0.5,2,157,3,0,1,0,marketing,medium
389,0.42,0.57,2,154,3,1,1,0,marketing,medium
390,0.78,1.0,4,253,5,0,1,0,marketing,low
391,0.45,0.55,2,148,3,0,1,0,sales,low
392,0.84,1.0,4,261,5,0,1,0,sales,low
393,0.11,0.93,6,282,4,0,1,0,sales,low
394,0.42,0.56,2,133,3,0,1,0,sales,low
395,0.45,0.46,2,128,3,0,1,0,sales,low
396,0.46,0.57,2,139,3,0,1,0,sales,low
397,0.09,0.79,6,293,5,0,1,0,sales,low
398,0.87,0.83,4,265,6,0,1,0,sales,low
399,0.1,0.87,6,250,4,0,1,0,sales,low
400,0.91,1.0,5,251,6,0,1,0,sales,low
401,0.76,0.92,4,246,5,0,1,0,sales,low
402,0.74,1.0,5,275,5,0,1,0,sales,low
403,0.92,0.93,5,240,5,0,1,0,sales,low
404,0.76,0.87,5,245,5,0,1,0,sales,low
405,0.47,0.5,4,254,4,0,1,0,sales,low
406,0.73,0.99,5,241,5,0,1,0,sales,low
407,0.09,0.94,6,257,4,0,1,0,sales,low
408,0.91,0.92,4,246,5,0,1,0,sales,low
409,0.82,0.98,4,233,5,0,1,0,sales,low
410,0.28,0.45,6,218,4,0,1,0,accounting,low
411,0.84,0.99,4,262,6,0,1,0,accounting,medium
412,0.45,0.53,2,138,3,0,1,0,accounting,medium
413,0.45,0.54,2,142,3,0,1,0,hr,medium
414,0.91,0.97,5,233,5,0,1,0,hr,medium
415,0.42,0.48,2,155,3,0,1,0,hr,medium
416,0.82,1.0,4,229,6,0,1,0,hr,medium
417,0.11,0.9,6,264,4,0,1,0,technical,medium
418,0.42,0.53,3,199,4,0,1,0,technical,medium
419,0.82,0.85,4,223,5,0,1,0,technical,medium
420,0.09,0.96,6,268,4,0,1,0,technical,medium
421,0.1,0.94,6,287,4,0,1,0,technical,medium
422,0.86,1.0,5,257,5,0,1,0,technical,medium
423,0.4,0.46,2,143,3,0,1,0,technical,high
424,0.45,0.46,2,130,3,0,1,0,technical,low
425,0.42,0.51,2,136,3,0,1,0,technical,medium
426,0.74,0.92,4,261,5,0,1,0,technical,medium
427,0.55,0.6,3,180,4,0,1,0,technical,medium
428,0.37,0.45,2,126,3,0,1,0,support,medium
429,0.41,0.52,2,127,3,1,1,0,support,low
430,0.89,0.65,5,195,6,0,1,0,support,low
431,0.41,0.57,2,160,3,0,1,0,support,low
432,0.44,0.51,2,150,3,0,1,0,support,low
433,0.87,0.84,4,264,6,0,1,0,support,low
434,0.1,0.84,6,309,4,0,1,0,support,low
435,0.41,0.47,2,135,3,0,1,0,support,low
436,0.11,0.85,6,261,4,0,1,0,support,low
437,0.43,0.53,2,160,3,0,1,0,support,low
438,0.77,0.9,4,237,5,0,1,0,support,low
439,0.41,0.52,2,136,3,0,1,0,technical,low
440,0.41,0.48,2,139,3,0,1,0,technical,low
441,0.36,0.78,2,151,4,0,1,0,technical,low
442,0.77,1.0,5,229,5,0,1,0,management,low
443,0.81,0.98,5,245,5,0,1,0,IT,low
444,0.39,0.54,2,127,3,0,1,0,IT,low
445,0.09,0.94,6,283,5,0,1,0,IT,low
446,0.44,0.46,2,143,3,0,1,0,IT,low
447,0.1,0.84,5,298,4,0,1,0,IT,low
448,0.36,0.48,2,159,3,0,1,0,product_mng,low
449,0.81,0.92,5,239,5,0,1,0,product_mng,low
450,0.81,0.9,4,226,5,0,1,0,product_mng,medium
451,0.85,0.98,5,248,5,0,1,0,product_mng,medium
452,0.1,0.87,6,286,4,0,1,0,IT,medium
453,0.37,0.54,2,145,3,0,1,0,RandD,medium
454,0.09,0.97,7,254,4,1,1,0,RandD,medium
455,0.44,0.53,2,127,3,0,1,0,RandD,medium
456,0.86,0.93,5,223,5,0,1,0,RandD,medium
457,0.77,1.0,4,255,5,0,1,0,RandD,medium
458,0.41,0.48,2,136,3,0,1,0,marketing,medium
459,0.4,0.48,2,137,3,0,1,0,sales,medium
460,0.43,0.49,2,135,3,0,1,0,accounting,medium
461,0.43,0.5,2,137,3,0,1,0,support,medium
462,0.8,0.53,3,255,5,0,1,0,technical,high
463,0.8,0.85,4,273,5,0,1,0,management,low
464,0.82,0.98,5,234,5,0,1,0,marketing,medium
465,0.37,0.54,2,152,3,0,1,0,marketing,medium
466,0.37,0.48,2,134,3,0,1,0,marketing,medium
467,0.09,0.95,6,292,4,0,1,0,sales,medium
468,0.9,0.92,5,245,5,0,1,0,sales,low
469,0.41,0.52,2,159,3,0,1,0,sales,low
470,0.1,0.85,6,260,4,0,1,0,sales,low
471,0.44,0.53,2,149,3,0,1,0,sales,low
472,0.89,0.85,5,266,5,0,1,0,sales,low
473,0.42,0.56,2,149,3,0,1,0,sales,low
474,0.87,1.0,5,242,5,0,1,0,sales,low
475,0.45,0.57,2,134,3,0,1,0,sales,low
476,0.11,0.87,5,271,4,0,1,0,sales,low
477,0.09,0.79,6,275,4,0,1,0,sales,low
478,0.76,0.83,5,227,5,0,1,0,sales,low
479,0.11,0.96,7,277,5,0,1,0,sales,low
480,0.37,0.49,2,151,3,0,1,0,sales,low
481,0.1,0.79,6,274,4,0,1,0,sales,low
482,0.77,0.87,4,242,6,0,1,0,sales,low
483,0.42,0.54,2,143,3,1,1,0,sales,low
484,0.38,0.52,2,145,3,0,1,0,sales,low
485,0.32,0.95,5,172,2,0,1,0,sales,low
486,0.38,0.49,2,135,3,0,1,0,accounting,low
487,0.19,1.0,4,192,4,0,1,0,accounting,low
488,0.1,0.83,7,276,4,0,1,0,accounting,low
489,0.76,0.88,4,206,4,0,1,0,hr,medium
490,0.53,0.56,4,281,6,0,1,0,hr,medium
491,0.39,0.51,2,151,3,0,1,0,hr,medium
492,0.11,0.83,6,244,4,0,1,0,hr,medium
493,0.1,0.94,6,309,4,0,1,0,technical,medium
494,0.84,1.0,5,218,5,0,1,0,technical,medium
495,0.82,0.99,4,263,6,0,1,0,technical,medium
496,0.1,0.82,6,244,4,0,1,0,technical,medium
497,0.59,0.49,7,263,4,0,1,0,technical,medium
498,0.44,0.48,2,143,3,0,1,0,technical,medium
499,0.89,0.95,2,181,5,0,1,0,technical,medium
500,0.91,0.84,5,265,5,0,1,0,technical,medium
501,0.66,0.57,5,161,5,0,1,0,technical,high
502,0.11,0.87,7,282,5,0,1,0,technical,low
503,0.43,0.51,2,155,3,0,1,0,technical,medium
504,0.78,0.83,4,217,6,0,1,0,support,medium
505,0.11,0.97,6,289,5,0,1,0,support,medium
506,0.83,0.98,4,259,5,0,1,0,support,medium
507,0.39,0.54,2,158,3,0,1,0,support,low
508,0.38,0.55,2,158,3,0,1,0,support,low
509,0.37,0.57,2,155,3,0,1,0,support,low
510,0.44,0.48,2,146,3,0,1,0,support,low
511,0.53,0.85,2,164,5,0,1,0,support,low
512,0.09,0.96,6,259,4,0,1,0,support,low
513,0.11,0.89,6,293,4,0,1,0,support,low
514,0.83,0.96,5,275,5,0,1,0,support,low
515,0.88,1.0,5,219,6,1,1,0,technical,low
516,0.1,0.89,6,247,4,0,1,0,technical,low
517,0.09,0.86,7,309,4,0,1,0,technical,low
518,0.44,0.54,2,151,3,0,1,0,management,low
519,0.39,0.51,2,129,3,0,1,0,IT,low
520,0.87,0.94,4,274,5,0,1,0,IT,low
521,0.74,0.99,4,233,5,0,1,0,IT,low
522,0.1,0.95,7,289,4,0,1,0,IT,low
523,0.74,0.82,4,239,6,0,1,0,IT,low
524,0.75,0.99,5,221,5,0,1,0,product_mng,low
525,0.41,0.56,2,150,3,0,1,0,product_mng,low
526,0.41,0.45,2,144,3,1,1,0,product_mng,low
527,0.09,0.9,7,289,4,0,1,0,product_mng,low
528,0.09,0.8,6,301,5,0,1,0,IT,medium
529,0.39,0.57,2,145,3,0,1,0,accounting,medium
530,0.4,0.56,2,137,3,0,1,0,accounting,medium
531,0.37,0.54,2,131,3,1,1,0,hr,medium
532,0.1,0.84,6,246,4,0,1,0,hr,medium
533,0.43,0.51,2,136,3,0,1,0,hr,medium
534,0.75,0.85,5,240,6,1,1,0,marketing,medium
535,0.37,0.56,2,156,3,0,1,0,sales,medium
536,0.11,0.85,6,305,4,0,1,0,accounting,medium
537,0.45,0.45,2,154,3,1,1,0,support,medium
538,0.87,1.0,5,261,5,1,1,0,technical,medium
539,0.11,0.94,7,244,4,0,1,0,management,medium
540,0.45,0.54,2,129,3,0,1,0,marketing,high
541,0.81,0.87,4,254,5,0,1,0,marketing,low
542,0.77,0.91,5,236,5,0,1,0,marketing,medium
543,0.89,0.92,5,237,5,0,1,0,sales,medium
544,0.43,0.49,2,135,3,0,1,0,sales,medium
545,0.78,1.0,5,236,5,0,1,0,sales,medium
546,0.37,0.47,2,149,3,0,1,0,sales,low
547,0.37,0.5,2,141,3,0,1,0,sales,low
548,0.85,0.82,4,270,5,0,1,0,sales,low
549,0.41,0.47,2,138,3,0,1,0,sales,low
550,0.11,0.96,6,298,4,0,1,0,sales,low
551,0.75,0.99,5,254,5,0,1,0,sales,low
552,0.82,0.85,5,248,5,0,1,0,sales,low
553,0.79,1.0,5,257,6,0,1,0,sales,low
554,0.43,0.53,2,150,3,0,1,0,sales,low
555,0.1,0.9,7,281,4,0,1,0,sales,low
556,0.46,0.48,2,141,3,1,1,0,sales,low
557,0.43,0.57,2,157,3,0,1,0,sales,low
558,0.43,0.55,2,136,3,0,1,0,sales,low
559,0.11,0.8,7,296,4,0,1,0,sales,low
560,0.09,0.86,6,279,4,0,1,0,sales,low
561,0.37,0.53,2,131,3,0,1,0,sales,low
562,0.4,0.57,2,160,3,0,1,0,accounting,low
563,0.1,0.77,7,291,4,0,1,0,accounting,low
564,0.41,0.53,2,157,3,0,1,0,accounting,low
565,0.79,0.58,3,294,4,0,1,0,hr,low
566,0.11,0.79,7,310,4,0,1,0,hr,low
567,0.1,0.97,6,282,4,0,1,0,hr,medium
568,0.44,0.51,2,134,3,0,1,0,hr,medium
569,0.25,0.46,4,214,4,0,1,0,technical,medium
570,0.44,0.52,2,137,3,0,1,0,technical,medium
571,0.73,1.0,4,252,5,0,1,0,technical,medium
572,0.75,0.97,5,243,6,0,1,0,technical,medium
573,0.36,0.47,2,148,3,0,1,0,technical,medium
574,0.37,0.49,2,151,3,0,1,0,technical,medium
575,0.39,0.49,2,129,3,0,1,0,technical,medium
576,0.48,0.78,2,198,2,0,1,0,technical,medium
577,0.57,0.72,4,275,6,0,1,0,,medium
578,0.9,0.96,5,243,5,0,1,0,,medium
579,0.39,0.55,2,159,3,0,1,0,,high
580,0.44,0.51,2,145,3,0,1,0,,low
581,0.81,0.88,5,242,5,0,1,0,,medium
582,0.74,0.87,5,242,5,0,1,0,,medium
583,0.44,0.56,2,145,3,0,1,0,,medium
584,0.41,0.56,2,154,3,0,1,1,,medium
585,0.4,0.51,2,139,3,0,1,0,,low
586,0.46,0.57,2,152,3,0,1,0,,low
587,0.8,0.83,2,211,3,0,1,0,,low
588,0.87,0.9,5,258,5,0,1,0,,low
589,0.39,0.54,2,155,3,0,1,0,,low
590,0.38,0.55,2,148,3,0,1,0,,low
591,0.66,0.67,2,255,3,0,1,0,,low
592,0.1,0.8,6,264,4,0,1,0,,low
593,0.37,0.54,2,132,3,0,1,0,,low
594,0.1,0.77,6,255,4,0,1,0,,low
595,0.09,0.87,5,263,4,0,1,0,,low
596,0.86,0.84,5,222,5,0,1,0,,low
597,0.11,0.9,6,263,4,0,1,0,,low
598,0.37,0.46,2,157,3,0,1,0,,low
599,0.11,0.92,7,307,4,0,1,0,,low
600,0.77,0.98,5,259,6,0,1,0,,low
601,0.84,0.94,5,222,6,0,1,0,,low
602,0.1,0.84,7,250,4,0,1,0,,low
603,0.83,0.9,5,245,5,0,1,0,,low
604,0.11,0.79,6,292,4,0,1,0,,low
605,0.86,0.92,5,252,5,0,1,0,,low
606,0.38,0.56,2,161,3,0,1,0,,medium
607,0.11,0.88,5,250,4,0,1,0,,medium
608,0.45,0.49,2,134,3,0,1,0,,medium
609,0.1,0.85,7,279,4,0,1,0,,medium
610,0.09,0.95,7,256,4,0,1,0,,medium
611,0.39,0.53,2,127,3,0,1,0,,medium
612,0.37,0.47,2,138,3,1,1,0,,medium
613,0.81,0.97,5,243,5,0,1,0,,medium
614,0.09,0.9,7,296,4,0,1,0,,medium
615,0.1,0.88,7,267,4,0,1,0,,medium
616,0.39,0.49,2,144,3,0,1,0,,medium
617,0.83,0.95,4,251,5,0,1,0,,medium
618,0.45,0.57,2,148,3,0,1,0,,high
619,0.43,0.51,2,141,3,0,1,0,,low
620,0.8,0.75,3,268,2,0,1,0,,medium
621,0.1,0.86,6,247,4,0,1,0,,medium
622,0.1,0.55,2,247,4,0,1,0,,medium
623,0.36,0.52,2,146,3,0,1,0,,medium
624,0.38,0.5,2,140,3,0,1,0,,low
625,0.78,0.98,5,263,6,0,1,0,,low
626,0.44,0.49,2,145,3,0,1,0,,low
627,0.41,0.46,2,156,3,1,1,0,,low
628,0.72,0.85,5,244,6,0,1,0,,low
629,0.46,0.54,2,144,3,0,1,0,,low
630,0.1,0.9,7,286,4,0,1,0,,low
631,0.34,0.67,4,141,2,0,1,0,,low
632,0.11,0.89,6,260,5,0,1,0,,low
633,0.38,0.56,2,154,3,0,1,0,,low
634,0.82,0.92,5,225,5,0,1,0,,low
635,0.39,0.57,2,127,3,0,1,0,,low
636,0.44,0.53,2,140,3,0,1,0,,low
637,0.43,0.52,2,147,3,0,1,0,,low
638,0.84,0.83,4,227,5,0,1,0,,low
639,0.43,0.48,2,153,3,0,1,0,,low
640,0.37,0.52,2,128,3,0,1,0,,low
641,0.74,0.97,4,228,5,0,1,0,,low
642,0.73,0.97,5,235,5,0,1,0,,low
643,0.37,0.47,2,148,3,0,1,0,,low
644,0.58,0.62,4,238,3,0,1,0,,low
645,0.4,0.54,2,141,3,0,1,0,,medium
646,0.51,0.83,5,249,4,0,1,0,,medium
647,0.46,0.5,2,151,3,0,1,0,,medium
648,0.45,0.54,2,129,3,0,1,0,,medium
649,0.46,0.5,2,156,3,0,1,0,,medium
650,0.39,0.45,2,134,3,0,1,0,,medium
651,0.09,0.88,6,269,4,0,1,0,,medium
652,0.09,0.77,6,290,4,0,1,0,,medium
653,0.37,0.51,2,132,3,0,1,0,,medium
654,0.1,0.89,7,308,4,0,1,0,,medium
655,0.77,1.0,4,232,5,0,1,0,,medium
656,0.79,0.86,5,235,5,0,1,0,,medium
657,0.43,0.55,2,130,3,0,1,0,,high
658,0.38,0.53,2,146,3,0,1,0,,low
659,0.77,0.91,5,221,6,0,1,0,,medium
660,0.44,0.5,2,130,3,0,1,0,,medium
661,0.39,0.46,2,136,3,0,1,0,,medium
662,0.78,0.89,5,274,6,0,1,0,,medium
663,0.1,0.79,6,256,5,0,1,0,,low
664,0.1,0.77,5,276,4,0,1,0,,low
665,0.75,0.85,5,267,5,0,1,0,,low
666,0.46,0.62,6,213,3,0,1,0,,low
667,0.91,0.97,4,274,6,0,1,0,,low
668,0.1,0.92,6,258,4,0,1,0,,low
669,0.72,0.6,3,153,5,0,1,0,,low
670,0.11,0.95,6,245,4,0,1,0,,low
671,0.11,0.94,6,264,4,0,1,0,,low
672,0.46,0.57,2,154,3,0,1,0,,low
673,0.37,0.46,2,149,3,0,1,0,,low
674,0.46,0.5,2,157,3,0,1,0,,low
675,0.43,0.57,2,127,3,0,1,0,,low
676,0.11,0.82,6,270,4,0,1,0,,low
677,0.73,0.89,5,236,6,0,1,0,,low
678,0.43,0.47,2,158,3,0,1,0,,low
679,0.86,1.0,5,229,5,0,1,0,,low
680,0.1,0.83,6,269,4,0,1,0,,low
681,0.4,0.49,2,128,3,0,1,0,sales,low
682,0.11,0.87,7,278,4,0,1,0,sales,low
683,0.86,0.98,3,158,5,0,1,0,sales,low
684,0.42,1.0,3,202,3,0,1,0,sales,medium
685,0.79,0.84,4,240,5,0,1,0,sales,medium
686,0.1,0.96,7,255,4,0,1,0,marketing,medium
687,0.09,0.92,7,254,4,0,1,0,sales,medium
688,0.09,0.82,6,257,4,0,1,0,accounting,medium
689,0.87,1.0,4,228,5,0,1,0,support,medium
690,0.36,0.49,2,145,3,0,1,0,technical,medium
691,0.42,0.75,3,218,4,0,1,0,management,medium
692,0.84,0.86,5,268,5,0,1,0,marketing,medium
693,0.1,0.83,6,278,4,0,1,0,marketing,medium
694,0.78,0.71,3,249,5,0,1,0,marketing,medium
695,0.35,0.99,3,236,4,0,1,0,sales,medium
696,0.1,0.81,7,291,4,0,1,0,sales,high
697,0.11,0.8,6,306,4,0,1,0,sales,low
698,0.43,0.48,2,135,3,0,1,0,sales,medium
699,0.38,0.45,2,156,3,0,1,0,sales,medium
700,0.46,0.54,2,143,3,0,1,0,sales,medium
701,0.89,0.82,4,243,5,0,1,0,sales,medium
702,0.45,0.5,2,147,3,0,1,0,sales,low
703,0.44,0.53,2,159,3,0,1,0,sales,low
704,0.74,0.54,5,216,3,0,1,0,sales,low
705,0.45,0.54,2,152,3,0,1,0,sales,low
706,0.79,0.93,4,226,5,0,1,0,sales,low
707,0.79,0.91,5,271,5,0,1,0,sales,low
708,0.11,0.87,6,255,4,0,1,0,sales,low
709,0.42,0.48,2,140,3,0,1,0,sales,low
710,0.64,0.9,6,252,2,0,1,0,sales,low
711,0.4,0.55,2,159,3,0,1,0,sales,low
712,0.84,0.98,5,270,5,0,1,0,sales,low
713,0.73,0.92,5,232,5,0,1,0,sales,low
714,0.4,0.51,2,144,3,0,1,0,accounting,low
715,0.36,0.45,2,127,3,0,1,0,accounting,low
716,0.43,0.47,2,131,3,0,1,0,accounting,low
717,0.11,0.78,6,243,4,0,1,0,hr,low
718,0.91,1.0,5,244,6,0,1,0,hr,low
719,0.8,1.0,5,260,5,0,1,0,hr,low
720,0.42,0.49,2,139,3,0,1,0,hr,low
721,0.31,0.87,4,184,3,0,1,0,technical,low
722,0.44,0.47,2,130,3,0,1,0,technical,low
723,0.38,0.54,2,135,3,0,1,0,technical,medium
724,0.45,0.56,2,146,3,0,1,0,technical,medium
725,0.43,0.46,2,149,3,0,1,0,technical,medium
726,0.45,0.46,2,153,3,1,1,0,technical,medium
727,0.43,0.57,2,160,3,0,1,0,technical,medium
728,0.43,0.49,2,160,3,0,1,0,technical,medium
729,0.09,0.83,6,282,4,0,1,0,technical,medium
730,0.43,0.47,2,128,3,0,1,0,technical,medium
731,0.79,0.94,4,232,5,0,1,0,technical,medium
732,0.85,0.58,3,226,2,0,1,0,support,medium
733,0.38,0.45,2,129,3,0,1,0,support,medium
734,0.11,0.92,7,255,4,0,1,0,support,medium
735,0.83,0.99,5,258,5,0,1,0,support,high
736,0.81,0.91,4,229,5,0,1,0,support,low
737,0.42,0.56,2,143,3,0,1,0,support,medium
738,0.11,0.87,6,257,4,0,1,0,support,medium
739,0.11,0.85,7,275,4,0,1,0,support,medium
740,0.1,0.89,7,291,4,0,1,0,support,medium
741,0.5,0.54,5,153,4,0,1,0,support,low
742,0.44,0.49,2,154,3,0,1,0,support,low
743,0.11,0.9,6,301,4,0,1,0,technical,low
744,0.39,0.52,2,134,3,0,1,0,technical,low
745,0.11,0.78,6,245,4,0,1,0,technical,low
746,0.36,0.5,2,132,3,0,1,0,management,low
747,0.43,0.51,2,130,3,0,1,0,IT,low
748,0.4,0.5,2,127,3,0,1,0,IT,low
749,0.86,0.84,4,246,6,0,1,0,IT,low
750,0.38,0.49,2,145,3,0,1,0,IT,low
751,0.46,0.45,2,138,3,0,1,1,IT,low
752,0.37,0.57,2,129,3,0,1,0,product_mng,low
753,0.43,0.52,2,150,3,0,1,0,product_mng,low
754,0.66,0.93,5,253,5,0,1,0,product_mng,low
755,0.37,0.48,2,160,3,0,1,0,product_mng,low
756,0.77,0.92,5,235,5,0,1,0,IT,low
757,0.38,0.55,2,151,3,0,1,0,sales,low
758,0.39,0.54,2,127,3,0,1,0,sales,low
759,0.41,0.55,2,151,3,0,1,0,sales,low
760,0.1,0.9,7,290,4,0,1,0,sales,low
761,0.09,0.93,6,249,4,0,1,0,sales,low
762,0.41,0.47,2,131,3,0,1,0,marketing,medium
763,0.39,0.46,2,159,3,0,1,0,sales,medium
764,0.83,0.99,4,223,5,0,1,0,accounting,medium
765,0.09,0.87,3,214,2,0,1,0,support,medium
766,0.75,0.81,5,227,5,0,1,0,technical,medium
767,0.44,0.54,2,127,3,0,1,0,management,medium
768,0.1,0.84,6,293,5,0,1,0,marketing,medium
769,0.42,0.46,2,141,3,0,1,0,marketing,medium
770,0.1,0.83,6,300,4,0,1,0,marketing,medium
771,0.1,0.86,6,309,4,0,1,0,sales,medium
772,0.31,0.77,4,149,3,0,1,0,sales,medium
773,0.42,0.54,2,159,3,0,1,0,sales,medium
774,0.38,0.5,2,152,3,0,1,0,sales,high
775,0.39,0.57,2,158,3,0,1,0,sales,low
776,0.1,0.97,6,254,5,0,1,0,sales,medium
777,0.11,0.93,6,294,4,0,1,0,sales,medium
778,0.1,0.92,7,269,4,0,1,0,sales,medium
779,0.11,0.9,7,247,4,0,1,0,sales,medium
780,0.44,0.65,3,271,4,0,1,0,sales,low
781,0.91,0.96,4,232,5,0,1,0,sales,low
782,0.72,1.0,4,245,5,0,1,0,sales,low
783,0.36,0.46,2,132,3,0,1,0,sales,low
784,0.44,0.57,2,131,3,0,1,0,sales,low
785,0.85,0.99,5,248,5,0,1,0,sales,low
786,0.78,0.93,5,225,5,0,1,0,sales,low
787,0.39,0.46,2,156,3,0,1,0,sales,low
788,0.78,0.81,3,222,2,0,1,0,sales,low
789,0.1,0.92,6,243,4,1,1,0,sales,low
790,0.23,0.99,4,204,4,1,1,0,accounting,low
791,0.11,0.87,6,301,4,0,1,0,accounting,low
792,0.9,0.83,5,259,5,0,1,0,accounting,low
793,0.91,0.89,4,247,5,0,1,0,hr,low
794,0.11,0.79,7,295,4,0,1,0,hr,low
795,0.43,0.54,2,150,3,0,1,0,hr,low
796,0.45,0.49,2,151,3,0,1,0,hr,low
797,0.11,0.91,5,291,4,0,1,0,technical,low
798,0.11,0.93,6,253,4,1,1,0,technical,low
799,0.43,0.5,2,161,3,0,1,0,technical,low
800,0.91,0.97,4,251,6,0,1,0,technical,low
801,0.43,0.55,2,153,3,0,1,0,technical,medium
802,0.85,0.82,5,264,6,0,1,0,technical,medium
803,0.1,0.77,6,310,4,0,1,0,technical,medium
804,0.81,0.95,5,266,5,0,1,0,technical,medium
805,0.36,0.62,4,237,2,0,1,0,technical,medium
806,0.45,0.54,2,138,3,0,1,0,technical,medium
807,0.86,1.0,5,227,5,0,1,0,technical,medium
808,0.71,1.0,4,300,5,0,1,0,support,medium
809,0.11,0.97,7,310,4,0,1,0,support,medium
810,0.84,0.93,5,236,5,0,1,0,support,medium
811,0.09,0.97,7,288,4,0,1,0,support,medium
812,0.38,0.49,2,127,3,0,1,0,support,medium
813,0.15,0.55,6,139,4,0,1,0,support,high
814,0.1,0.92,7,253,4,1,1,0,support,low
815,0.8,0.97,4,218,5,1,1,0,support,medium
816,0.84,0.97,5,251,5,0,1,0,support,medium
817,0.11,0.87,6,264,4,0,1,0,support,medium
818,0.89,0.79,3,149,2,0,1,0,support,medium
819,0.45,0.51,2,138,3,0,1,0,technical,low
820,0.11,0.93,7,284,4,0,1,0,technical,low
821,0.74,0.93,5,244,5,0,1,0,technical,low
822,0.41,0.5,2,128,3,0,1,0,management,low
823,0.44,0.53,2,154,3,0,1,0,IT,low
824,0.37,0.56,2,138,3,0,1,0,IT,low
825,0.11,0.86,6,308,4,0,1,0,IT,low
826,0.1,0.93,6,269,4,0,1,0,IT,low
827,0.7,0.74,6,136,3,0,1,0,IT,low
828,0.59,1.0,2,160,5,0,1,0,product_mng,low
829,0.38,0.53,2,138,3,0,1,0,product_mng,low
830,0.72,0.95,4,220,5,0,1,0,product_mng,low
831,0.73,1.0,5,274,5,0,1,0,product_mng,low
832,0.39,0.48,2,161,3,0,1,0,IT,low
833,0.89,0.82,5,224,6,0,1,0,RandD,low
834,0.89,1.0,4,260,5,0,1,0,RandD,low
835,0.11,0.78,6,300,4,1,1,0,RandD,low
836,0.43,0.56,2,133,3,0,1,0,RandD,low
837,0.09,0.93,6,308,4,0,1,0,RandD,low
838,0.81,0.9,5,238,6,0,1,0,marketing,low
839,0.37,0.53,2,126,3,0,1,0,sales,low
840,0.36,0.56,2,138,3,0,1,0,accounting,medium
841,0.11,0.85,6,299,4,0,1,0,support,medium
842,0.1,0.85,6,254,4,0,1,0,technical,medium
843,0.66,0.47,7,156,2,0,1,0,management,medium
844,0.39,0.47,2,152,3,0,1,0,marketing,medium
845,0.44,0.51,2,146,3,0,1,0,marketing,medium
846,0.1,0.84,6,253,4,0,1,0,marketing,medium
847,0.79,0.94,5,227,6,0,1,0,sales,medium
848,0.1,0.81,6,301,4,1,1,0,sales,medium
849,0.54,0.94,6,294,3,0,1,0,sales,medium
850,0.37,0.47,2,151,3,0,1,0,sales,medium
851,0.37,0.57,2,128,3,0,1,0,sales,medium
852,0.82,0.89,5,217,5,0,1,0,sales,high
853,0.45,0.52,2,160,3,0,1,0,sales,low
854,0.79,0.9,5,263,5,0,1,0,sales,medium
855,0.42,0.56,2,156,3,0,1,0,sales,medium
856,0.1,0.85,6,273,4,0,1,0,sales,medium
857,0.11,0.78,6,303,4,0,1,0,sales,medium
858,0.74,1.0,4,253,5,0,1,0,sales,low
859,0.1,0.93,6,270,4,0,1,0,sales,low
860,0.79,1.0,4,218,5,0,1,0,sales,low
861,0.43,0.48,2,144,3,0,1,0,sales,low
862,0.41,0.47,2,154,3,0,1,0,sales,low
863,0.39,0.55,2,146,3,0,1,0,sales,low
864,0.1,0.94,6,260,4,0,1,0,sales,low
865,0.82,0.85,5,218,5,0,1,0,sales,low
866,0.41,0.46,2,128,3,0,1,0,accounting,low
867,0.42,0.56,2,128,3,0,1,0,accounting,low
868,0.74,0.88,4,248,6,0,1,0,accounting,low
869,0.38,0.57,2,152,3,1,1,0,hr,low
870,0.39,0.56,2,126,3,0,1,0,hr,low
871,0.87,0.94,4,260,5,0,1,0,hr,low
872,0.1,0.9,5,263,4,0,1,0,hr,low
873,0.78,1.0,5,220,5,0,1,0,technical,low
874,0.14,0.73,7,282,5,0,1,0,technical,low
875,0.11,0.94,6,277,5,0,1,0,technical,low
876,0.91,0.94,5,257,5,0,1,0,technical,low
877,0.49,0.63,6,265,3,0,1,0,technical,low
878,0.38,0.47,2,143,3,0,1,0,technical,low
879,0.82,0.97,5,263,5,0,1,0,technical,medium
880,0.38,0.88,3,154,4,0,1,0,technical,medium
881,0.89,1.0,5,253,5,0,1,0,technical,medium
882,0.11,0.79,6,294,4,0,1,0,technical,medium
883,0.37,0.51,2,128,3,0,1,0,technical,medium
884,0.38,0.5,2,153,3,0,1,0,support,medium
885,0.78,0.87,5,256,5,0,1,0,support,medium
886,0.41,0.51,2,127,3,0,1,0,support,medium
887,0.41,0.51,2,137,3,0,1,0,support,medium
888,0.11,0.83,6,295,4,0,1,0,support,medium
889,0.11,0.79,6,281,4,0,1,0,support,medium
890,0.43,0.57,2,131,3,1,1,0,support,medium
891,0.75,0.86,5,237,5,0,1,0,support,high
892,0.74,0.99,4,276,5,0,1,0,support,low
893,0.85,0.85,5,267,5,0,1,0,support,medium
894,0.73,0.92,5,266,5,0,1,0,support,medium
895,0.1,0.79,6,294,4,0,1,0,technical,medium
896,0.44,0.56,2,134,3,0,1,0,technical,medium
897,0.3,0.56,3,309,4,1,1,0,technical,low
898,0.11,0.77,7,273,4,0,1,0,management,low
899,0.84,0.83,5,238,5,0,1,0,IT,low
900,0.78,0.94,5,271,6,0,1,0,IT,low
901,0.43,0.53,2,145,3,0,1,0,IT,low
902,0.36,0.55,2,152,3,0,1,0,IT,low
903,0.43,0.47,2,128,3,0,1,0,IT,low
904,0.45,0.46,2,142,3,0,1,0,product_mng,low
905,0.76,0.93,5,238,5,0,1,0,product_mng,low
906,0.1,0.78,7,286,4,0,1,0,product_mng,low
907,0.09,0.86,6,291,4,0,1,0,product_mng,low
908,0.92,1.0,5,259,5,0,1,0,IT,low
909,0.92,0.9,5,248,5,0,1,0,sales,low
910,0.79,0.98,4,271,5,0,1,0,sales,low
911,0.43,0.51,2,140,3,0,1,0,sales,low
912,0.8,0.95,4,274,5,0,1,0,sales,low
913,0.44,0.49,2,127,3,1,1,0,sales,low
914,0.89,0.87,5,275,6,0,1,0,marketing,low
915,0.48,0.88,3,239,3,0,1,0,sales,low
916,0.11,0.82,6,304,4,1,1,0,accounting,low
917,0.38,0.55,2,145,3,0,1,0,support,low
918,0.11,0.85,6,259,4,0,1,0,technical,medium
919,0.82,0.86,4,264,5,0,1,0,management,medium
920,0.37,0.45,2,160,3,0,1,0,marketing,medium
921,0.4,0.48,2,138,3,0,1,0,marketing,medium
922,0.43,0.47,2,137,3,0,1,0,marketing,medium
923,0.44,0.5,2,156,3,0,1,0,sales,medium
924,0.42,0.56,2,147,3,0,1,0,sales,medium
925,0.11,0.8,7,243,4,0,1,0,sales,medium
926,0.78,0.87,4,236,5,0,1,0,sales,medium
927,0.46,0.86,2,212,4,0,1,0,sales,medium
928,0.77,0.91,5,261,6,0,1,0,sales,medium
929,0.83,0.82,4,243,5,0,1,0,sales,medium
930,0.32,0.58,5,271,5,0,1,0,sales,high
931,0.9,0.92,5,154,4,0,1,0,sales,low
932,0.42,0.52,2,151,3,0,1,0,sales,medium
933,0.1,0.96,6,254,4,1,1,0,sales,medium
934,0.1,0.91,6,285,4,0,1,0,sales,medium
935,0.44,0.49,2,130,3,0,1,0,sales,medium
936,0.1,0.95,7,301,4,0,1,0,sales,low
937,0.11,0.8,6,286,4,0,1,0,sales,low
938,0.1,0.89,6,246,4,0,1,0,sales,low
939,0.39,0.47,2,135,3,0,1,0,sales,low
940,0.92,0.92,4,245,5,0,1,0,sales,low
941,0.43,0.56,2,136,3,0,1,0,sales,low
942,0.11,0.89,6,301,4,0,1,0,accounting,low
943,0.81,1.0,5,235,5,0,1,0,accounting,low
944,0.11,0.85,7,272,4,0,1,0,accounting,low
945,0.87,1.0,5,274,5,0,1,0,hr,low
946,0.37,0.46,2,131,3,0,1,0,hr,low
947,0.39,0.56,2,135,3,0,1,0,hr,low
948,0.61,0.86,4,196,4,0,1,0,hr,low
949,0.11,0.95,6,285,4,0,1,0,technical,low
950,0.09,0.9,7,289,5,0,1,0,technical,low
951,0.36,0.52,2,157,3,0,1,0,technical,low
952,0.09,0.94,6,308,4,0,1,0,technical,low
953,0.41,0.71,4,301,5,0,1,0,technical,low
954,0.4,0.46,2,131,3,0,1,0,technical,low
955,0.1,0.91,6,262,5,1,1,0,technical,low
956,0.46,0.53,2,143,3,1,1,0,technical,low
957,0.39,0.57,2,133,3,0,1,0,technical,medium
958,0.41,0.5,2,153,3,0,1,0,technical,medium
959,0.1,0.94,7,281,4,0,1,0,technical,medium
960,0.39,0.51,2,132,3,0,1,0,support,medium
961,0.73,0.83,5,270,5,1,1,0,support,medium
962,0.41,0.45,2,150,3,0,1,0,support,medium
963,0.37,0.51,2,140,3,0,1,0,support,medium
964,0.38,0.5,2,150,3,1,1,0,support,medium
965,0.8,0.63,5,180,5,0,1,0,support,medium
966,0.09,0.85,5,281,4,0,1,0,support,medium
967,0.85,0.92,4,275,5,0,1,0,support,medium
968,0.42,0.54,2,130,3,0,1,0,support,medium
969,0.41,0.48,2,130,3,0,1,0,support,high
970,0.38,0.46,2,147,3,0,1,0,support,low
971,0.72,1.0,5,264,5,0,1,0,technical,medium
972,0.11,0.74,6,290,5,0,1,0,technical,medium
973,0.37,0.47,2,150,3,0,1,0,technical,medium
974,0.1,0.81,6,304,4,0,1,0,management,medium
975,0.36,0.54,2,136,3,0,1,0,IT,low
976,0.92,0.94,5,307,5,0,1,0,IT,low
977,0.11,0.87,5,303,4,0,1,0,IT,low
978,0.39,0.56,2,156,3,0,1,0,IT,low
979,0.11,0.95,6,271,4,0,1,0,IT,low
980,0.45,0.45,2,140,3,0,1,0,product_mng,low
981,0.44,0.55,2,130,3,1,1,0,product_mng,low
982,0.85,0.97,4,266,6,0,1,0,product_mng,low
983,0.43,0.52,2,139,3,0,1,0,product_mng,low
984,0.75,0.86,5,260,5,0,1,0,IT,low
985,0.11,0.55,2,137,3,1,1,0,RandD,low
986,0.36,0.5,2,158,3,0,1,0,RandD,low
987,0.1,0.79,6,249,4,0,1,0,RandD,low
988,0.74,0.89,5,259,5,0,1,0,RandD,low
989,0.4,0.46,2,144,3,0,1,0,RandD,low
990,0.09,0.77,6,244,4,0,1,0,marketing,low
991,0.76,0.91,4,219,5,0,1,0,sales,low
992,0.45,0.57,2,151,3,0,1,0,accounting,low
993,0.84,0.88,4,269,5,0,1,0,support,low
994,0.38,0.45,2,127,3,0,1,0,technical,low
995,0.38,0.46,2,144,3,0,1,0,management,low
996,0.38,0.54,2,157,3,0,1,0,marketing,medium
997,0.86,0.94,5,224,5,0,1,0,marketing,medium
998,0.37,0.46,2,155,3,0,1,0,marketing,medium
999,0.37,0.5,2,131,3,0,1,0,sales,medium
1000,0.87,1.0,4,258,5,1,1,1,sales,medium
1001,0.11,0.85,6,267,4,0,1,0,sales,medium
1002,0.42,0.5,2,141,3,0,1,0,sales,medium
1003,0.43,0.48,2,160,3,0,1,0,sales,medium
1004,0.09,0.8,6,247,4,0,1,0,sales,medium
1005,0.54,0.56,4,260,3,0,1,0,sales,medium
1006,0.4,0.47,2,151,3,0,1,0,sales,medium
1007,0.36,0.52,2,137,3,1,1,0,sales,medium
1008,0.87,0.9,4,256,5,0,1,0,sales,high
1009,0.75,0.88,4,239,5,0,1,0,sales,low
1010,0.43,0.53,2,152,3,0,1,0,sales,medium
1011,0.43,0.47,2,149,3,0,1,0,sales,medium
1012,0.1,0.87,6,284,4,0,1,0,sales,medium
1013,0.11,0.78,7,248,4,0,1,0,sales,medium
1014,0.44,0.53,2,156,3,0,1,0,sales,low
1015,0.39,0.48,2,138,3,0,1,0,sales,low
1016,0.4,0.55,2,155,3,0,1,0,sales,low
1017,0.92,0.87,4,229,6,0,1,0,sales,low
1018,0.36,0.47,2,136,3,0,1,0,accounting,low
1019,0.86,0.95,4,241,5,0,1,0,accounting,low
1020,0.74,0.87,5,258,5,0,1,0,accounting,low
1021,0.8,0.95,3,146,5,0,1,0,hr,low
1022,0.36,0.48,2,145,3,0,1,0,hr,low
1023,0.42,0.57,2,159,3,0,1,0,hr,low
1024,0.42,0.47,2,129,3,0,1,0,hr,low
1025,0.4,0.45,2,142,3,0,1,0,technical,low
1026,0.46,0.53,2,129,3,0,1,0,technical,low
1027,0.09,0.9,6,287,4,0,1,0,technical,low
1028,0.88,0.89,4,275,5,0,1,0,technical,low
1029,0.1,0.82,6,272,4,0,1,0,technical,low
1030,0.1,0.97,6,307,4,0,1,0,technical,low
1031,0.11,0.93,4,295,3,0,1,0,technical,low
1032,0.84,0.88,5,237,5,0,1,0,technical,low
1033,0.42,0.56,2,158,3,0,1,0,technical,low
1034,0.1,0.86,6,266,4,1,1,0,technical,low
1035,0.1,0.95,6,256,4,0,1,0,technical,medium
1036,0.46,0.54,2,158,3,0,1,0,support,medium
1037,0.09,0.97,7,268,4,0,1,0,support,medium
1038,0.89,1.0,4,237,5,0,1,0,support,medium
1039,0.82,1.0,4,273,6,0,1,0,support,medium
1040,0.11,0.89,6,309,4,0,1,0,support,medium
1041,0.81,0.84,5,258,5,0,1,0,support,medium
1042,0.81,0.94,5,233,6,0,1,0,support,medium
1043,0.77,1.0,4,249,6,0,1,0,support,medium
1044,0.63,0.94,3,179,2,0,1,0,support,medium
1045,0.4,0.57,2,128,3,0,1,0,support,medium
1046,0.86,1.0,4,250,6,0,1,0,support,medium
1047,0.37,0.49,2,151,3,0,1,0,technical,high
1048,0.44,0.5,2,132,3,0,1,0,technical,low
1049,0.74,0.89,5,232,6,0,1,0,technical,medium
1050,0.79,1.0,4,229,5,1,1,0,management,medium
1051,0.09,0.92,6,261,4,0,1,0,IT,medium
1052,0.37,0.48,2,129,3,0,1,0,IT,medium
1053,0.09,0.78,6,244,4,0,1,0,IT,low
1054,0.09,0.84,6,258,4,0,1,0,IT,low
1055,0.1,0.8,7,292,5,0,1,0,IT,low
1056,0.45,0.56,2,143,3,0,1,0,product_mng,low
1057,0.4,0.51,2,136,3,0,1,0,product_mng,low
1058,0.31,0.95,6,235,5,0,1,0,product_mng,low
1059,0.7,0.93,2,310,3,0,1,0,product_mng,low
1060,0.36,0.48,2,152,3,0,1,0,IT,low
1061,0.34,0.97,6,157,5,1,1,0,RandD,low
1062,0.87,0.83,5,267,5,0,1,0,RandD,low
1063,0.11,0.91,6,302,4,0,1,0,RandD,low
1064,0.47,0.81,4,133,3,0,1,0,RandD,low
1065,0.43,0.52,2,142,3,0,1,0,RandD,low
1066,0.43,0.47,2,129,3,0,1,0,marketing,low
1067,0.45,0.57,2,136,3,0,1,0,sales,low
1068,0.74,1.0,5,223,5,0,1,0,accounting,low
1069,0.1,0.89,6,244,4,1,1,0,support,low
1070,0.78,0.87,5,243,5,0,1,0,technical,low
1071,0.9,0.95,5,275,3,0,1,0,management,low
1072,0.53,0.95,6,205,4,0,1,0,marketing,low
1073,0.45,0.54,2,154,3,0,1,0,marketing,low
1074,0.86,0.83,4,270,5,0,1,0,marketing,medium
1075,0.74,0.89,4,267,5,0,1,0,sales,medium
1076,0.09,0.79,6,276,4,0,1,0,sales,medium
1077,0.8,0.95,5,244,5,0,1,0,sales,medium
1078,0.46,0.53,2,128,3,0,1,0,sales,medium
1079,0.86,0.95,5,269,6,0,1,0,sales,medium
1080,0.86,0.95,4,238,5,0,1,0,sales,medium
1081,0.9,0.91,4,269,5,0,1,0,sales,medium
1082,0.87,0.88,5,231,6,0,1,0,sales,medium
1083,0.83,0.94,4,267,5,0,1,0,sales,medium
1084,0.77,0.83,4,245,5,0,1,0,sales,medium
1085,0.77,1.0,4,272,5,0,1,0,sales,medium
1086,0.9,0.86,5,254,5,0,1,0,sales,high
1087,0.73,0.92,4,273,5,0,1,0,sales,low
1088,0.91,0.9,4,250,5,0,1,0,sales,medium
1089,0.36,0.53,2,133,3,0,1,0,sales,medium
1090,0.38,0.54,2,150,3,0,1,0,sales,medium
1091,0.44,0.46,2,157,3,0,1,0,sales,medium
1092,0.73,1.0,5,230,5,0,1,0,sales,low
1093,0.89,0.91,5,260,5,0,1,0,sales,low
1094,0.11,0.77,6,275,4,0,1,0,accounting,low
1095,0.1,0.77,7,308,4,0,1,0,accounting,low
1096,0.37,0.46,2,129,3,0,1,0,accounting,low
1097,0.38,0.48,2,134,3,0,1,0,hr,low
1098,0.42,0.48,2,132,3,0,1,0,hr,low
1099,0.44,0.46,2,153,3,0,1,0,hr,low
1100,0.11,0.83,6,262,4,0,1,0,hr,low
1101,0.09,0.97,7,262,4,0,1,0,technical,low
1102,0.43,0.47,2,130,3,0,1,0,technical,low
1103,0.38,0.52,2,156,3,0,1,0,technical,low
1104,0.11,0.89,6,254,4,0,1,0,technical,low
1105,0.37,0.49,2,130,3,0,1,0,technical,low
1106,0.44,0.57,2,139,3,0,1,0,technical,low
1107,0.72,0.82,5,269,5,0,1,0,technical,low
1108,0.1,0.91,7,297,4,0,1,0,technical,low
1109,0.73,0.86,5,249,5,0,1,0,technical,low
1110,0.09,0.82,7,267,4,0,1,0,technical,low
1111,0.44,0.46,2,149,3,0,1,0,technical,low
1112,0.09,0.82,6,251,4,0,1,0,support,low
1113,0.1,0.87,6,306,4,0,1,0,support,medium
1114,0.11,0.86,6,279,4,0,1,0,support,medium
1115,0.42,0.46,2,131,3,0,1,0,support,medium
1116,0.09,0.85,6,260,4,0,1,0,support,medium
1117,0.72,0.88,5,249,5,0,1,0,support,medium
1118,0.75,0.97,4,245,5,0,1,0,support,medium
1119,0.44,0.5,2,138,3,0,1,0,support,medium
1120,0.11,0.91,6,278,4,0,1,0,support,medium
1121,0.38,0.47,2,147,3,0,1,0,support,medium
1122,0.39,0.57,2,131,3,0,1,0,support,medium
1123,0.1,0.9,7,301,4,0,1,0,technical,medium
1124,0.43,0.52,2,141,3,0,1,0,technical,medium
1125,0.39,0.57,2,158,3,0,1,0,technical,high
1126,0.88,0.87,4,235,6,0,1,0,management,low
1127,0.1,0.85,7,261,4,0,1,0,IT,medium
1128,0.1,0.89,5,270,4,0,1,0,IT,medium
1129,0.11,0.93,6,290,4,0,1,0,IT,medium
1130,0.37,0.47,2,149,3,0,1,0,IT,medium
1131,0.37,0.48,2,160,3,0,1,0,IT,low
1132,0.77,0.87,4,150,4,0,1,0,product_mng,low
1133,0.91,0.94,5,218,6,0,1,0,product_mng,low
1134,0.46,0.51,2,155,3,0,1,0,product_mng,low
1135,0.11,0.87,6,291,4,0,1,0,product_mng,low
1136,0.86,0.91,5,265,5,0,1,0,IT,low
1137,0.87,0.88,5,262,6,0,1,0,sales,low
1138,0.09,0.92,6,303,5,0,1,0,sales,low
1139,0.42,0.46,2,132,3,0,1,0,sales,low
1140,0.82,0.83,4,245,5,1,1,0,sales,low
1141,0.46,0.48,2,129,3,0,1,0,sales,low
1142,0.88,1.0,5,226,6,0,1,0,marketing,low
1143,0.1,0.91,6,286,4,0,1,0,marketing,low
1144,0.43,0.45,2,140,3,0,1,0,sales,low
1145,0.37,0.49,2,153,3,0,1,0,accounting,low
1146,0.8,0.95,5,217,5,0,1,0,support,low
1147,0.83,0.95,5,258,5,0,1,0,technical,low
1148,0.39,0.57,2,156,3,0,1,0,management,low
1149,0.77,0.92,5,255,5,0,1,0,marketing,low
1150,0.43,0.46,2,129,3,0,1,0,marketing,low
1151,0.79,0.96,4,234,5,0,1,0,marketing,low
1152,0.39,0.55,2,152,3,1,1,0,sales,medium
1153,0.1,0.88,7,300,4,0,1,0,sales,medium
1154,0.39,0.53,2,131,3,0,1,0,sales,medium
1155,0.11,0.89,6,301,4,0,1,0,sales,medium
1156,0.4,0.51,2,156,3,0,1,0,sales,medium
1157,0.42,0.52,2,141,3,1,1,0,sales,medium
1158,0.57,0.85,4,219,2,1,1,0,sales,medium
1159,0.11,0.95,7,269,5,0,1,0,sales,medium
1160,0.36,0.73,4,276,2,0,1,0,sales,medium
1161,0.11,0.94,7,302,4,0,1,0,sales,medium
1162,0.35,0.8,6,281,2,0,1,0,sales,medium
1163,0.78,0.99,5,241,5,0,1,0,sales,medium
1164,0.11,0.93,7,288,4,0,1,0,sales,high
1165,0.1,0.96,6,303,4,0,1,0,sales,low
1166,0.42,0.54,2,135,3,0,1,0,sales,medium
1167,0.43,0.5,2,127,3,1,1,0,sales,medium
1168,0.79,0.84,5,245,5,0,1,0,sales,medium
1169,0.45,0.45,2,145,3,0,1,0,sales,medium
1170,0.09,0.91,6,248,4,0,1,0,sales,low
1171,0.11,0.91,6,302,4,0,1,0,accounting,low
1172,0.45,0.49,2,144,3,0,1,0,accounting,low
1173,0.11,0.91,6,272,4,0,1,0,accounting,low
1174,0.09,0.8,6,294,4,0,1,0,hr,low
1175,0.78,0.71,4,296,3,0,1,0,hr,low
1176,0.38,0.5,2,151,3,1,1,0,hr,low
1177,0.82,0.82,4,249,5,0,1,0,hr,low
1178,0.85,0.89,4,221,5,0,1,0,technical,low
1179,0.45,0.46,2,146,3,0,1,0,technical,low
1180,0.77,0.89,5,243,5,0,1,0,technical,low
1181,0.39,0.5,2,127,3,0,1,0,technical,low
1182,0.91,0.9,4,245,5,0,1,0,technical,low
1183,0.11,0.77,6,264,4,0,1,0,technical,low
1184,0.46,0.45,2,143,3,0,1,0,technical,low
1185,0.43,0.49,2,135,3,0,1,0,technical,low
1186,0.11,0.96,6,262,4,1,1,0,technical,low
1187,0.1,0.93,6,299,4,0,1,0,technical,low
1188,0.09,0.8,5,279,4,0,1,0,technical,low
1189,0.36,0.51,2,155,3,0,1,0,support,low
1190,0.11,0.89,6,264,4,0,1,0,support,low
1191,0.09,0.77,6,256,5,0,1,0,support,medium
1192,0.44,0.51,2,129,3,0,1,0,support,medium
1193,0.73,0.97,5,217,6,0,1,0,support,medium
1194,0.21,0.58,7,203,5,0,1,0,support,medium
1195,0.8,0.85,4,264,5,0,1,0,support,medium
1196,0.37,0.55,2,159,3,0,1,0,support,medium
1197,0.79,0.96,5,218,5,0,1,0,support,medium
1198,0.09,0.8,6,298,4,0,1,0,support,medium
1199,0.75,0.74,6,134,3,0,1,0,support,medium
1200,0.83,1.0,5,263,5,0,1,0,technical,medium
1201,0.1,0.77,5,252,4,0,1,0,technical,medium
1202,0.44,0.55,2,136,3,0,1,0,technical,medium
1203,0.42,0.97,6,259,4,0,1,0,management,high
1204,0.43,0.56,2,158,3,0,1,0,IT,low
1205,0.09,0.84,7,307,4,0,1,0,IT,medium
1206,0.44,0.53,2,152,3,0,1,0,IT,medium
1207,0.81,0.98,5,237,5,0,1,0,IT,medium
1208,0.1,0.79,7,284,4,0,1,0,IT,medium
1209,0.1,0.93,6,243,4,0,1,0,product_mng,low
1210,0.11,0.83,6,268,4,0,1,0,product_mng,low
1211,0.09,0.77,6,244,4,0,1,0,product_mng,low
1212,0.75,0.83,5,262,5,0,1,0,product_mng,low
1213,0.38,0.55,2,134,3,0,1,0,IT,low
1214,0.09,0.87,7,278,4,0,1,0,IT,low
1215,0.74,0.97,5,238,5,0,1,0,IT,low
1216,0.44,0.56,2,127,3,0,1,0,IT,low
1217,0.76,0.95,4,259,5,0,1,0,RandD,low
1218,0.42,0.56,2,146,3,0,1,0,RandD,low
1219,0.75,1.0,4,243,5,0,1,0,RandD,low
1220,0.36,0.52,2,137,3,0,1,0,marketing,low
1221,0.75,0.93,5,229,5,0,1,0,sales,low
1222,0.4,0.46,2,134,3,0,1,0,accounting,low
1223,0.75,0.89,4,228,5,0,1,0,support,low
1224,0.09,0.84,6,301,4,0,1,0,technical,low
1225,0.39,0.46,2,127,3,0,1,0,management,low
1226,0.4,0.48,2,142,3,0,1,0,marketing,low
1227,0.39,0.54,2,131,3,0,1,0,marketing,low
1228,0.1,0.85,7,310,5,0,1,0,marketing,low
1229,0.42,0.55,2,148,3,0,1,0,sales,low
1230,0.37,0.52,2,143,3,0,1,0,sales,medium
1231,0.11,0.98,6,250,4,0,1,0,sales,medium
1232,0.09,0.88,7,265,4,0,1,0,sales,medium
1233,0.41,0.54,2,152,3,0,1,0,sales,medium
1234,0.42,0.49,2,145,3,0,1,0,sales,medium
1235,0.4,0.49,2,140,3,0,1,0,sales,medium
1236,0.36,0.47,2,129,3,0,1,0,sales,medium
1237,0.74,0.9,4,226,5,0,1,0,sales,medium
1238,0.66,1.0,5,269,5,0,1,0,sales,medium
1239,0.38,0.47,2,152,3,0,1,0,sales,medium
1240,0.43,0.51,2,132,3,0,1,0,sales,medium
1241,0.43,0.53,2,148,3,0,1,0,sales,medium
1242,0.1,0.85,6,297,5,0,1,0,sales,high
1243,0.82,0.85,4,274,5,0,1,0,sales,low
1244,0.1,0.77,6,280,4,0,1,0,sales,medium
1245,0.1,0.93,6,288,4,0,1,0,sales,medium
1246,0.43,0.49,2,155,3,0,1,0,sales,medium
1247,0.09,0.94,7,247,4,0,1,0,sales,medium
1248,0.41,0.54,2,138,3,0,1,0,accounting,low
1249,0.1,0.82,7,284,4,0,1,0,accounting,low
1250,0.88,0.92,4,225,5,0,1,0,accounting,low
1251,0.43,0.57,2,151,3,1,1,0,hr,low
1252,0.42,0.5,2,155,3,0,1,0,hr,low
1253,0.85,1.0,4,234,5,0,1,0,hr,low
1254,0.38,0.49,2,144,3,0,1,0,hr,low
1255,0.39,0.47,2,142,3,0,1,0,technical,low
1256,0.41,0.48,2,126,3,0,1,0,technical,low
1257,0.88,0.92,4,233,6,0,1,0,technical,low
1258,0.78,0.96,4,241,5,0,1,0,technical,low
1259,0.45,0.48,2,138,3,0,1,0,technical,low
1260,0.09,0.95,6,260,4,1,1,0,technical,low
1261,0.44,0.56,2,145,3,0,1,0,technical,low
1262,0.11,0.84,6,252,4,0,1,0,technical,low
1263,0.36,0.51,2,143,3,0,1,0,technical,low
1264,0.86,0.98,4,270,5,0,1,0,technical,low
1265,0.1,0.92,6,285,4,0,1,0,technical,low
1266,0.45,0.53,2,149,3,0,1,0,support,low
1267,0.42,0.53,2,158,3,0,1,0,support,low
1268,0.36,0.55,2,134,3,0,1,0,support,low
1269,0.45,0.55,2,129,3,0,1,0,support,medium
1270,0.38,0.57,2,131,3,0,1,0,support,medium
1271,0.11,0.97,6,288,4,0,1,0,support,medium
1272,0.45,0.46,2,142,3,0,1,0,support,medium
1273,0.87,0.95,5,227,5,0,1,0,support,medium
1274,0.45,0.53,2,131,3,0,1,0,support,medium
1275,0.1,0.83,6,283,5,0,1,0,support,medium
1276,0.44,0.54,2,139,3,0,1,0,support,medium
1277,0.78,1.0,4,267,5,0,1,0,technical,medium
1278,0.38,0.56,2,148,3,0,1,0,technical,medium
1279,0.85,0.84,5,272,6,0,1,0,technical,medium
1280,0.36,0.48,2,148,3,1,1,0,management,medium
1281,0.75,0.88,5,270,5,0,1,0,IT,high
1282,0.81,0.81,4,218,5,1,1,0,IT,low
1283,0.4,0.55,2,150,3,0,1,0,IT,medium
1284,0.83,0.83,5,260,5,0,1,0,IT,medium
1285,0.41,0.52,2,127,3,0,1,0,IT,medium
1286,0.42,0.57,2,134,3,0,1,0,product_mng,medium
1287,0.09,0.83,7,258,4,0,1,0,product_mng,low
1288,0.87,0.81,5,304,5,0,1,0,product_mng,low
1289,0.43,0.56,6,149,4,0,1,0,product_mng,low
1290,0.39,0.51,2,139,3,0,1,0,IT,low
1291,0.1,0.9,6,272,5,0,1,0,RandD,low
1292,0.41,0.52,2,132,3,0,1,0,RandD,low
1293,0.72,1.0,2,240,2,0,1,0,RandD,low
1294,0.44,0.55,2,137,3,0,1,0,RandD,low
1295,0.38,0.5,2,139,3,0,1,0,RandD,low
1296,0.46,0.52,2,148,3,0,1,0,RandD,low
1297,0.4,0.49,2,149,3,0,1,0,marketing,low
1298,0.45,0.45,2,131,3,0,1,0,sales,low
1299,0.89,0.89,5,262,5,0,1,0,accounting,low
1300,0.1,0.97,7,284,4,0,1,0,support,low
1301,0.46,0.48,2,161,3,0,1,0,technical,low
1302,0.09,0.78,7,290,4,0,1,0,management,low
1303,0.45,0.57,2,149,3,0,1,0,marketing,low
1304,0.89,0.98,4,242,6,0,1,0,marketing,low
1305,0.62,0.77,5,227,4,0,1,0,marketing,low
1306,0.11,0.93,6,276,4,0,1,0,sales,low
1307,0.44,0.5,2,135,3,0,1,0,sales,low
1308,0.09,0.94,6,266,4,0,1,0,sales,medium
1309,0.56,0.75,5,236,2,0,1,0,sales,medium
1310,0.77,0.89,4,270,5,0,1,0,sales,medium
1311,0.39,0.49,2,146,3,0,1,0,sales,medium
1312,0.1,0.92,5,272,4,0,1,0,sales,medium
1313,0.72,0.85,5,246,5,0,1,0,sales,medium
1314,0.4,0.52,2,136,3,0,1,0,sales,medium
1315,0.11,0.81,6,260,4,0,1,0,sales,medium
1316,0.88,1.0,5,247,5,0,1,0,sales,medium
1317,0.37,0.51,2,127,3,0,1,0,sales,medium
1318,0.11,0.96,6,267,4,0,1,0,sales,medium
1319,0.4,0.52,2,143,3,0,1,0,sales,medium
1320,0.1,0.86,6,306,4,0,1,0,sales,high
1321,0.62,0.89,3,131,4,0,1,0,sales,low
1322,0.78,0.86,4,249,5,0,1,0,sales,medium
1323,0.37,0.52,2,144,3,0,1,0,sales,medium
1324,0.76,0.82,4,254,5,1,1,0,sales,medium
1325,0.42,0.53,2,131,3,0,1,0,accounting,medium
1326,0.1,0.77,6,272,4,0,1,0,accounting,low
1327,0.42,0.47,2,157,3,0,1,0,accounting,low
1328,0.1,0.96,7,301,4,0,1,0,hr,low
1329,0.1,0.81,6,252,4,0,1,0,hr,low
1330,0.42,0.47,2,130,3,0,1,0,hr,low
1331,0.09,0.86,6,297,4,0,1,0,hr,low
1332,0.1,0.8,6,248,4,0,1,0,technical,low
1333,0.11,0.89,7,257,4,0,1,0,technical,low
1334,0.44,0.53,2,147,3,0,1,0,technical,low
1335,0.87,0.9,3,307,5,0,1,0,technical,low
1336,0.44,0.46,2,154,3,0,1,0,technical,low
1337,0.41,0.56,2,143,3,0,1,0,technical,low
1338,0.51,0.79,4,134,3,0,1,0,technical,low
1339,0.89,0.96,5,221,5,0,1,0,technical,low
1340,0.1,0.96,6,275,4,0,1,0,technical,low
1341,0.9,0.94,5,247,5,0,1,0,technical,low
1342,0.36,0.55,2,131,3,0,1,0,technical,low
1343,0.44,0.54,2,150,3,0,1,0,support,low
1344,0.39,0.57,2,150,3,0,1,0,support,low
1345,0.38,1.0,5,137,4,0,1,0,support,low
1346,0.73,0.95,4,223,6,0,1,0,support,low
1347,0.1,0.96,6,292,4,0,1,0,support,medium
1348,0.89,0.83,5,130,4,1,1,0,support,medium
1349,0.87,0.85,5,221,6,0,1,0,support,medium
1350,0.84,0.89,4,245,5,1,1,0,support,medium
1351,0.11,0.77,6,274,4,0,1,0,support,medium
1352,0.74,1.0,5,248,5,0,1,0,support,medium
1353,0.79,0.97,4,243,5,0,1,0,support,medium
1354,0.1,0.92,7,273,4,0,1,0,technical,medium
1355,0.83,0.95,5,221,5,0,1,0,technical,medium
1356,0.1,0.79,6,271,4,0,1,0,technical,medium
1357,0.45,0.5,2,157,3,0,1,0,management,medium
1358,0.29,0.48,2,249,4,0,1,0,IT,medium
1359,0.46,0.46,2,145,3,0,1,0,IT,high
1360,0.11,0.83,6,262,5,0,1,0,IT,low
1361,0.75,0.89,5,272,5,0,1,0,IT,medium
1362,0.4,0.5,2,129,3,0,1,0,IT,medium
1363,0.37,0.46,2,134,3,0,1,0,product_mng,medium
1364,0.41,0.52,2,147,3,0,1,0,product_mng,medium
1365,0.1,0.83,6,293,4,0,1,0,product_mng,low
1366,0.39,0.52,2,129,3,0,1,0,product_mng,low
1367,0.4,0.45,2,140,3,0,1,0,IT,low
1368,0.41,0.52,2,132,3,0,1,0,RandD,low
1369,0.11,0.89,6,284,4,0,1,0,RandD,low
1370,0.74,0.99,5,263,5,0,1,0,RandD,low
1371,0.42,0.46,2,143,3,0,1,0,RandD,low
1372,0.88,0.88,4,265,5,0,1,0,RandD,low
1373,0.37,0.53,2,147,3,0,1,0,RandD,low
1374,0.78,0.81,4,253,5,0,1,0,marketing,low
1375,0.46,0.5,2,141,3,0,1,0,sales,low
1376,0.74,1.0,5,222,6,0,1,0,accounting,low
1377,0.11,0.86,6,273,4,1,1,0,support,low
1378,0.8,0.87,5,240,6,0,1,0,technical,low
1379,0.37,0.48,2,154,3,0,1,0,management,low
1380,0.87,0.92,4,253,6,0,1,0,marketing,low
1381,0.9,0.84,5,221,5,0,1,0,marketing,low
1382,0.1,0.88,6,263,4,0,1,0,marketing,low
1383,0.43,0.46,2,145,3,0,1,0,sales,low
1384,0.11,0.91,6,279,4,0,1,0,sales,low
1385,0.4,0.46,2,146,3,0,1,0,sales,low
1386,0.09,0.93,7,270,4,0,1,0,sales,medium
1387,0.4,0.5,2,135,3,0,1,0,sales,medium
1388,0.14,0.7,5,236,3,0,1,0,sales,medium
1389,0.4,0.49,2,151,3,0,1,0,sales,medium
1390,0.11,0.79,6,244,4,1,1,0,sales,medium
1391,0.72,1.0,4,169,3,0,1,0,sales,medium
1392,0.39,0.57,2,157,3,0,1,0,sales,medium
1393,0.82,0.93,4,246,5,0,1,0,sales,medium
1394,0.41,0.52,2,142,3,0,1,0,sales,medium
1395,0.45,0.51,2,156,3,0,1,0,sales,medium
1396,0.2,0.7,6,281,5,0,1,0,sales,medium
1397,0.43,0.53,2,146,3,0,1,0,sales,medium
1398,0.39,0.55,2,156,3,0,1,0,sales,high
1399,0.11,0.86,6,299,4,1,1,0,sales,low
1400,0.45,0.47,2,136,3,0,1,0,sales,medium
1401,0.11,0.87,6,272,4,0,1,0,sales,medium
1402,0.84,0.86,5,240,5,0,1,0,accounting,medium
1403,0.86,0.96,5,245,6,0,1,0,accounting,medium
1404,0.79,0.93,5,269,5,0,1,0,accounting,low
1405,0.39,0.57,2,130,3,0,1,0,hr,low
1406,0.15,0.62,4,257,3,0,1,0,hr,low
1407,0.81,1.0,4,241,5,0,1,0,hr,low
1408,0.39,0.53,2,136,3,0,1,0,hr,low
1409,0.92,0.94,4,219,5,0,1,0,technical,low
1410,0.9,0.98,5,271,5,0,1,0,technical,low
1411,0.32,0.6,2,280,4,0,1,0,technical,low
1412,0.46,0.46,2,140,3,0,1,0,technical,low
1413,0.83,0.98,4,254,5,0,1,0,technical,low
1414,0.39,0.47,2,131,3,0,1,0,technical,low
1415,0.2,0.9,6,138,3,0,1,0,technical,low
1416,0.11,0.85,6,295,4,0,1,0,technical,low
1417,0.11,0.96,6,301,5,0,1,0,technical,low
1418,0.1,0.95,7,296,4,0,1,0,technical,low
1419,0.75,0.87,5,246,5,0,1,0,technical,low
1420,0.44,0.57,2,145,3,0,1,0,support,low
1421,0.86,0.93,5,241,5,1,1,0,support,low
1422,0.1,0.82,6,269,4,0,1,0,support,low
1423,0.39,0.49,2,146,3,0,1,0,support,low
1424,0.45,0.48,2,149,3,0,1,0,support,low
1425,0.1,0.94,7,287,4,0,1,0,support,medium
1426,0.36,0.55,2,138,3,0,1,0,support,medium
1427,0.57,0.61,4,158,5,0,1,0,support,medium
1428,0.09,0.87,6,266,4,0,1,0,support,medium
1429,0.87,0.91,4,255,5,0,1,0,support,medium
1430,0.43,0.52,2,156,3,0,1,0,support,medium
1431,0.36,0.5,2,147,3,0,1,0,technical,medium
1432,0.91,0.99,5,265,5,1,1,0,technical,medium
1433,0.41,0.48,2,136,3,0,1,0,technical,medium
1434,0.37,0.52,2,140,3,0,1,0,management,medium
1435,0.43,0.45,2,146,3,0,1,0,IT,medium
1436,0.43,0.57,2,142,3,0,1,0,IT,medium
1437,0.4,0.53,2,155,3,0,1,0,IT,high
1438,0.1,0.89,7,285,4,0,1,0,IT,low
1439,0.76,0.99,4,253,5,1,1,0,IT,medium
1440,0.82,0.93,4,248,5,0,1,0,product_mng,medium
1441,0.11,0.83,7,255,5,0,1,0,product_mng,medium
1442,0.43,0.52,2,154,3,1,1,0,product_mng,medium
1443,0.11,0.88,7,305,4,0,1,0,product_mng,low
1444,0.41,0.48,2,141,3,0,1,0,IT,low
1445,0.73,0.87,5,252,5,0,1,0,RandD,low
1446,0.37,0.57,2,157,3,0,1,0,RandD,low
1447,0.11,0.89,6,250,4,0,1,0,RandD,low
1448,0.46,0.52,2,131,3,0,1,0,RandD,low
1449,0.41,0.5,2,149,3,0,1,0,RandD,low
1450,0.78,0.78,4,260,5,0,1,0,RandD,low
1451,0.78,0.86,5,260,6,0,1,0,marketing,low
1452,0.72,0.86,5,251,5,0,1,0,sales,low
1453,0.63,0.83,6,242,5,0,1,0,accounting,low
1454,0.55,1.0,6,136,3,0,1,0,support,low
1455,0.45,0.55,2,155,3,0,1,0,technical,low
1456,0.39,0.51,2,155,3,0,1,0,management,low
1457,0.1,0.81,6,248,4,0,1,0,marketing,low
1458,0.4,0.5,2,136,3,0,1,0,marketing,low
1459,0.39,0.54,2,133,3,0,1,0,marketing,low
1460,0.78,0.45,4,128,2,0,1,0,sales,low
1461,0.42,0.53,2,142,3,0,1,0,sales,low
1462,0.39,0.54,2,149,3,0,1,0,sales,low
1463,0.46,0.57,2,145,3,0,1,0,sales,low
1464,0.1,0.92,6,279,4,0,1,0,sales,medium
1465,0.45,0.47,2,146,3,0,1,0,sales,medium
1466,0.1,0.83,6,264,4,1,1,0,sales,medium
1467,0.1,0.89,7,272,4,0,1,0,sales,medium
1468,0.78,0.86,5,256,5,0,1,0,sales,medium
1469,0.4,0.65,2,296,5,0,1,0,sales,medium
1470,0.45,0.51,2,155,3,1,1,0,sales,medium
1471,0.39,0.56,2,130,3,0,1,0,sales,medium
1472,0.43,0.48,2,157,3,0,1,0,sales,medium
1473,0.09,0.96,6,245,4,0,1,0,sales,medium
1474,0.79,0.86,5,226,5,0,1,0,sales,medium
1475,0.44,0.47,2,156,3,1,1,0,sales,medium
1476,0.79,0.95,5,228,5,0,1,0,sales,high
1477,0.38,0.46,2,155,3,0,1,0,sales,low
1478,0.36,0.56,2,159,3,0,1,0,sales,medium
1479,0.39,0.57,2,142,3,0,1,0,accounting,medium
1480,0.09,0.93,6,271,4,0,1,0,accounting,medium
1481,0.16,0.65,4,277,5,0,1,0,accounting,medium
1482,0.09,0.77,6,310,4,0,1,0,hr,low
1483,0.11,0.87,6,254,4,0,1,0,hr,low
1484,0.44,0.56,2,142,3,0,1,0,hr,low
1485,0.11,0.88,7,253,4,0,1,0,hr,low
1486,0.11,0.97,6,260,4,0,1,0,technical,low
1487,0.45,0.52,2,147,3,0,1,0,technical,low
1488,0.1,0.96,7,288,4,0,1,0,technical,low
1489,0.4,0.46,2,160,3,0,1,0,technical,low
1490,0.38,0.55,2,130,3,0,1,0,technical,low
1491,0.39,0.56,2,133,3,0,1,0,technical,low
1492,0.38,0.55,2,160,3,0,1,0,technical,low
1493,0.38,0.45,2,151,3,0,1,0,technical,low
1494,0.17,0.75,3,188,4,0,1,0,technical,low
1495,0.79,0.84,5,247,5,0,1,0,technical,low
1496,0.1,0.85,7,259,4,0,1,0,technical,low
1497,0.37,0.48,2,129,3,0,1,0,support,low
1498,0.42,0.49,2,152,3,0,1,0,support,low
1499,0.44,0.48,2,128,3,0,1,0,support,low
1500,0.11,0.83,6,253,4,0,1,0,support,low
1501,0.39,0.48,2,151,3,0,1,0,support,low
1502,0.1,0.83,5,271,5,0,1,0,support,low
1503,0.4,0.46,2,155,3,0,1,0,support,medium
1504,0.86,0.91,5,245,5,0,1,0,support,medium
1505,0.37,0.46,2,157,3,0,1,0,support,medium
1506,0.4,0.51,2,160,3,0,1,0,support,medium
1507,0.43,0.48,2,149,3,0,1,0,support,medium
1508,0.88,0.88,5,248,5,0,1,0,technical,medium
1509,0.44,0.52,2,128,3,0,1,0,technical,medium
1510,0.87,1.0,4,224,5,0,1,0,technical,medium
1511,0.4,0.46,2,156,3,0,1,0,management,medium
1512,0.45,0.52,2,143,3,0,1,0,IT,medium
1513,0.84,0.93,4,250,5,0,1,0,IT,medium
1514,0.1,0.68,3,179,3,0,1,0,IT,medium
1515,0.72,0.99,5,257,5,0,1,0,IT,high
1516,0.4,0.5,2,127,3,0,1,0,IT,low
1517,0.45,0.5,2,145,3,0,1,0,product_mng,medium
1518,0.89,0.98,5,274,5,0,1,0,product_mng,medium
1519,0.4,0.55,2,131,3,0,1,0,product_mng,medium
1520,0.38,0.53,2,136,3,0,1,0,product_mng,medium
1521,0.38,0.47,2,140,3,1,1,0,IT,low
1522,0.1,0.82,7,265,4,0,1,0,RandD,low
1523,0.42,0.48,2,148,3,1,1,0,RandD,low
1524,0.74,0.86,5,262,5,0,1,0,RandD,low
1525,0.1,0.8,6,261,4,0,1,0,RandD,low
1526,0.82,0.9,5,248,5,0,1,0,RandD,low
1527,0.38,0.55,2,131,3,0,1,0,marketing,low
1528,0.41,0.56,2,160,3,0,1,0,sales,low
1529,0.4,0.47,2,152,3,0,1,0,accounting,low
1530,0.83,0.98,4,249,5,0,1,0,support,low
1531,0.36,0.57,2,144,3,0,1,0,technical,low
1532,0.75,0.98,4,245,5,0,1,0,management,low
1533,0.44,0.53,2,146,3,0,1,0,marketing,low
1534,0.1,0.94,6,297,5,0,1,0,marketing,low
1535,0.39,0.52,2,148,3,1,1,0,marketing,low
1536,0.09,0.84,7,260,4,0,1,0,sales,low
1537,0.4,0.57,2,152,3,0,1,0,sales,low
1538,0.41,0.54,2,135,3,0,1,0,sales,low
1539,0.83,0.92,4,235,5,0,1,0,sales,low
1540,0.42,0.47,2,145,3,0,1,0,sales,low
1541,0.61,0.46,5,220,4,0,1,0,sales,low
1542,0.44,0.52,2,128,3,0,1,0,sales,medium
1543,0.77,0.81,5,237,5,0,1,0,sales,medium
1544,0.81,0.95,4,275,5,0,1,0,sales,medium
1545,0.1,0.78,6,310,4,0,1,0,sales,medium
1546,0.73,0.84,5,251,6,0,1,0,sales,medium
1547,0.09,0.83,6,250,4,0,1,0,sales,medium
1548,0.9,0.99,4,259,6,0,1,0,sales,medium
1549,0.88,1.0,4,259,5,0,1,0,sales,medium
1550,0.09,0.87,7,305,4,0,1,0,sales,medium
1551,0.4,0.56,2,130,3,1,1,0,sales,medium
1552,0.17,0.55,6,250,5,0,1,0,sales,medium
1553,0.82,0.82,5,220,6,0,1,0,sales,medium
1554,0.9,0.83,4,266,5,0,1,0,sales,high
1555,0.83,0.92,4,255,5,0,1,0,accounting,low
1556,0.44,0.5,2,154,3,0,1,0,accounting,medium
1557,0.5,0.85,4,138,3,0,1,0,accounting,medium
1558,0.14,0.61,6,291,5,0,1,0,hr,medium
1559,0.77,0.82,4,217,5,0,1,0,hr,medium
1560,0.09,0.83,6,286,4,0,1,0,hr,low
1561,0.11,0.88,6,290,4,0,1,0,hr,low
1562,0.44,0.57,2,148,3,0,1,0,technical,low
1563,0.43,0.52,2,146,3,0,1,0,technical,low
1564,0.12,0.8,5,136,2,0,1,0,technical,low
1565,0.1,0.86,7,261,5,0,1,0,technical,low
1566,0.1,0.96,6,274,4,0,1,0,technical,low
1567,0.4,0.48,2,132,3,0,1,0,technical,low
1568,0.41,0.47,2,145,3,0,1,0,technical,low
1569,0.37,0.48,2,153,3,0,1,0,technical,low
1570,0.4,0.48,2,139,3,0,1,0,technical,low
1571,0.74,0.96,4,231,5,0,1,0,technical,low
1572,0.39,0.48,2,154,3,0,1,0,technical,low
1573,0.11,0.9,5,307,4,0,1,0,support,low
1574,0.36,0.51,2,129,3,0,1,0,support,low
1575,0.8,0.83,5,275,5,0,1,0,support,low
1576,0.6,0.85,3,250,2,0,1,0,support,low
1577,0.36,0.54,2,158,3,0,1,0,support,low
1578,0.1,0.96,6,310,5,0,1,0,support,low
1579,0.65,0.86,2,181,2,0,1,0,support,low
1580,0.49,0.73,4,244,3,0,1,0,support,low
1581,0.73,0.96,5,256,6,1,1,0,support,medium
1582,0.11,0.8,6,259,5,0,1,0,support,medium
1583,0.73,0.91,4,247,5,0,1,0,support,medium
1584,0.43,0.46,2,129,3,0,1,0,technical,medium
1585,0.73,0.93,5,229,5,0,1,0,technical,medium
1586,0.76,0.85,5,236,6,0,1,0,technical,medium
1587,0.09,0.96,6,281,4,0,1,0,management,medium
1588,0.9,0.81,5,264,5,0,1,0,IT,medium
1589,0.1,0.81,6,308,4,0,1,0,IT,medium
1590,0.43,0.48,2,147,3,0,1,0,IT,medium
1591,0.41,0.55,2,159,3,0,1,0,IT,medium
1592,0.41,0.57,2,154,3,0,1,0,IT,medium
1593,0.1,0.87,6,307,4,0,1,0,product_mng,high
1594,0.4,0.46,2,132,3,0,1,0,product_mng,low
1595,0.4,0.53,2,152,3,0,1,0,product_mng,medium
1596,0.36,0.48,5,310,3,0,1,0,product_mng,medium
1597,0.83,0.95,5,230,5,0,1,0,IT,medium
1598,0.83,0.94,5,273,5,0,1,0,RandD,medium
1599,0.41,0.51,2,144,3,0,1,0,RandD,low
1600,0.11,0.93,7,296,4,0,1,0,RandD,low
1601,0.68,0.62,5,198,5,1,1,0,RandD,low
1602,0.43,0.53,2,157,3,0,1,0,RandD,low
1603,0.44,0.51,2,145,3,0,1,0,marketing,low
1604,0.87,0.94,5,219,5,0,1,0,marketing,low
1605,0.43,0.54,2,153,3,0,1,0,sales,low
1606,0.89,0.48,3,178,5,0,1,0,accounting,low
1607,0.83,0.88,5,239,5,0,1,0,support,low
1608,0.11,0.87,6,278,5,0,1,0,technical,low
1609,0.85,1.0,6,260,3,1,1,0,management,low
1610,0.89,0.97,4,264,5,0,1,0,marketing,low
1611,0.09,0.92,7,301,4,0,1,0,marketing,low
1612,0.43,0.55,4,134,3,0,1,0,marketing,low
1613,0.42,0.46,2,147,3,0,1,0,sales,low
1614,0.43,0.54,2,130,3,0,1,0,sales,low
1615,0.1,0.93,6,307,4,0,1,0,sales,low
1616,0.37,0.46,2,156,3,0,1,0,sales,low
1617,0.76,0.98,4,237,5,0,1,0,sales,low
1618,0.88,0.89,4,254,5,0,1,0,sales,low
1619,0.39,0.48,2,151,3,0,1,0,sales,low
1620,0.45,0.54,2,131,3,0,1,0,sales,medium
1621,0.91,0.95,5,241,5,0,1,0,sales,medium
1622,0.86,0.85,5,267,5,0,1,0,sales,medium
1623,0.39,0.53,2,153,3,0,1,0,sales,medium
1624,0.89,1.0,4,217,5,0,1,0,sales,medium
1625,0.11,0.86,6,254,4,0,1,0,sales,medium
1626,0.1,0.87,6,265,5,0,1,0,sales,medium
1627,0.38,0.57,2,146,3,0,1,0,sales,medium
1628,0.4,0.54,2,156,3,0,1,0,sales,medium
1629,0.86,0.97,5,269,5,0,1,0,sales,medium
1630,0.1,0.86,6,288,4,0,1,0,sales,medium
1631,0.1,0.85,6,283,4,0,1,0,sales,medium
1632,0.42,0.5,2,128,3,0,1,0,accounting,high
1633,0.36,0.46,2,130,3,0,1,0,accounting,low
1634,0.39,0.48,2,127,3,0,1,0,accounting,medium
1635,0.43,0.47,2,137,3,0,1,0,hr,medium
1636,0.36,0.49,2,133,3,0,1,0,hr,medium
1637,0.09,0.91,6,275,4,0,1,0,hr,medium
1638,0.42,0.55,2,146,3,0,1,0,hr,low
1639,0.42,0.46,2,135,3,0,1,0,technical,low
1640,0.91,0.89,5,217,5,0,1,0,technical,low
1641,0.41,0.56,2,154,3,0,1,0,technical,low
1642,0.11,0.78,6,247,4,0,1,0,technical,low
1643,0.09,0.83,6,295,5,0,1,0,technical,low
1644,0.83,1.0,5,224,5,0,1,0,technical,low
1645,0.11,0.78,6,281,4,0,1,0,technical,low
1646,0.1,0.93,7,258,4,0,1,0,technical,low
1647,0.42,0.55,2,150,3,0,1,0,technical,low
1648,0.1,0.97,7,282,4,0,1,0,technical,low
1649,0.38,0.51,2,138,3,0,1,0,technical,low
1650,0.77,0.98,4,238,6,0,1,0,support,low
1651,0.11,0.85,7,244,4,0,1,0,support,low
1652,0.87,0.97,5,250,6,0,1,0,support,low
1653,0.1,0.88,7,282,4,0,1,0,support,low
1654,0.1,0.89,7,253,4,0,1,0,support,low
1655,0.09,0.9,6,256,4,0,1,0,support,low
1656,0.84,0.85,5,260,5,0,1,0,support,low
1657,0.11,0.86,6,245,4,0,1,0,support,low
1658,0.81,0.97,5,230,5,0,1,0,support,low
1659,0.77,0.85,5,276,5,0,1,0,support,medium
1660,0.42,0.47,2,137,3,0,1,0,support,medium
1661,0.36,0.56,2,140,3,0,1,0,technical,medium
1662,0.81,0.83,5,269,6,0,1,0,technical,medium
1663,0.37,0.46,2,130,3,1,1,0,technical,medium
1664,0.1,0.96,6,264,4,0,1,0,management,medium
1665,0.14,0.55,6,175,5,0,1,0,IT,medium
1666,0.41,0.51,2,159,3,0,1,0,IT,medium
1667,0.44,0.55,2,128,3,0,1,1,IT,medium
1668,0.82,0.94,5,232,5,1,1,0,IT,medium
1669,0.67,0.54,3,166,5,0,1,0,IT,medium
1670,0.44,0.57,2,141,3,0,1,0,product_mng,medium
1671,0.42,0.54,2,143,3,0,1,0,product_mng,high
1672,0.84,0.83,4,239,5,0,1,0,product_mng,low
1673,0.86,1.0,4,232,5,0,1,0,product_mng,medium
1674,0.56,0.86,5,252,2,0,1,0,IT,medium
1675,0.09,0.93,6,255,4,0,1,0,RandD,medium
1676,0.1,0.81,7,270,4,0,1,0,RandD,medium
1677,0.39,0.54,2,149,3,0,1,0,RandD,low
1678,0.75,0.89,5,276,5,0,1,0,RandD,low
1679,0.43,0.55,2,159,3,0,1,0,RandD,low
1680,0.09,0.96,7,274,5,0,1,0,marketing,low
1681,0.83,0.94,4,264,5,0,1,0,sales,low
1682,0.59,1.0,3,156,4,0,1,0,accounting,low
1683,0.44,0.54,2,135,3,0,1,0,support,low
1684,0.38,0.49,2,128,3,0,1,0,technical,low
1685,0.76,0.98,5,242,5,0,1,0,management,low
1686,0.22,0.86,4,293,3,0,1,0,marketing,low
1687,0.4,0.46,2,141,3,0,1,0,marketing,low
1688,0.41,0.48,2,155,3,0,1,0,marketing,low
1689,0.38,0.51,2,141,3,0,1,0,sales,low
1690,0.45,0.68,4,212,4,1,1,0,sales,low
1691,0.39,0.56,2,160,3,0,1,0,sales,low
1692,0.45,0.47,2,150,3,0,1,0,sales,low
1693,0.42,0.53,2,132,3,1,1,0,sales,low
1694,0.1,0.87,6,248,4,0,1,0,sales,low
1695,0.78,0.96,5,272,5,0,1,0,sales,low
1696,0.39,0.56,2,160,3,0,1,0,sales,low
1697,0.1,0.87,7,299,4,0,1,0,sales,low
1698,0.1,0.8,6,292,4,0,1,0,sales,medium
1699,0.43,0.46,2,126,3,0,1,0,sales,medium
1700,0.38,0.45,2,132,3,0,1,0,sales,medium
1701,0.09,0.77,6,282,5,0,1,0,sales,medium
1702,0.39,0.53,2,141,3,0,1,0,sales,medium
1703,0.73,0.99,6,206,5,0,1,0,sales,medium
1704,0.38,0.49,2,140,3,0,1,0,sales,medium
1705,0.1,0.91,6,255,4,0,1,0,sales,medium
1706,0.41,0.54,2,133,3,0,1,0,sales,medium
1707,0.43,0.51,2,131,3,0,1,0,sales,medium
1708,0.79,0.96,4,257,5,0,1,0,accounting,medium
1709,0.1,0.81,6,269,4,0,1,0,accounting,medium
1710,0.11,0.97,6,254,4,0,1,0,accounting,high
1711,0.42,0.5,2,143,3,0,1,0,hr,low
1712,0.36,0.51,2,157,3,0,1,0,hr,medium
1713,0.63,0.93,5,163,3,0,1,0,hr,medium
1714,0.41,0.56,2,133,3,0,1,0,hr,medium
1715,0.36,0.46,2,157,3,0,1,0,technical,medium
1716,0.1,0.9,6,301,5,0,1,0,technical,low
1717,0.11,0.96,6,310,4,0,1,0,technical,low
1718,0.44,0.54,2,133,3,0,1,0,technical,low
1719,0.77,0.96,5,249,6,0,1,0,technical,low
1720,0.91,1.0,4,251,6,0,1,0,technical,low
1721,0.26,0.46,2,242,3,0,1,0,technical,low
1722,0.81,0.93,5,265,6,0,1,0,technical,low
1723,0.11,0.87,6,280,4,0,1,0,technical,low
1724,0.92,0.89,4,241,5,0,1,0,technical,low
1725,0.1,0.86,5,253,4,0,1,0,technical,low
1726,0.45,0.51,2,137,3,0,1,0,support,low
1727,0.11,0.94,6,266,4,0,1,0,support,low
1728,0.23,0.7,5,168,4,0,1,0,support,low
1729,0.86,0.95,4,270,5,0,1,0,support,low
1730,0.44,0.55,2,141,3,0,1,0,support,low
1731,0.41,0.56,2,133,3,0,1,0,support,low
1732,0.84,0.97,5,256,5,0,1,0,support,low
1733,0.42,0.52,2,160,3,0,1,0,support,low
1734,0.11,0.88,7,275,4,0,1,0,support,low
1735,0.38,0.46,2,160,3,0,1,0,support,low
1736,0.11,0.96,7,244,4,0,1,0,support,low
1737,0.1,0.83,6,271,4,0,1,0,technical,medium
1738,0.86,0.88,5,268,5,0,1,0,technical,medium
1739,0.91,1.0,4,253,5,1,1,0,technical,medium
1740,0.37,0.53,2,140,3,0,1,0,management,medium
1741,0.46,0.5,2,146,3,0,1,0,IT,medium
1742,0.1,0.89,6,259,5,0,1,0,IT,medium
1743,0.37,0.46,2,127,3,0,1,0,IT,medium
1744,0.4,0.48,2,161,3,0,1,0,IT,medium
1745,0.09,0.78,6,260,4,0,1,0,IT,medium
1746,0.11,0.89,6,272,4,0,1,0,product_mng,medium
1747,0.39,0.48,2,159,3,0,1,0,product_mng,medium
1748,0.89,0.96,4,219,6,0,1,0,product_mng,medium
1749,0.09,0.91,6,243,4,0,1,0,product_mng,high
1750,0.88,0.97,4,255,5,1,1,0,IT,low
1751,0.11,0.9,7,245,4,0,1,0,RandD,medium
1752,0.1,0.95,6,264,5,0,1,0,RandD,medium
1753,0.91,1.0,4,245,6,0,1,0,RandD,medium
1754,0.44,0.52,2,137,3,0,1,0,RandD,medium
1755,0.63,0.76,2,157,4,0,1,0,RandD,low
1756,0.1,0.87,7,247,4,0,1,0,marketing,low
1757,0.36,0.51,2,144,3,0,1,0,sales,low
1758,0.45,0.51,2,149,3,0,1,0,accounting,low
1759,0.73,1.0,5,253,6,0,1,0,support,low
1760,0.37,0.55,2,140,3,0,1,0,technical,low
1761,0.09,0.85,7,307,4,0,1,0,management,low
1762,0.41,0.71,3,205,4,0,1,0,marketing,low
1763,0.72,1.0,5,234,5,0,1,0,marketing,low
1764,0.36,0.54,2,127,3,0,1,0,marketing,low
1765,0.9,1.0,4,229,5,0,1,0,sales,low
1766,0.44,0.56,2,141,3,0,1,0,sales,low
1767,0.78,0.95,4,260,5,0,1,0,sales,low
1768,0.37,0.52,2,141,3,0,1,0,sales,low
1769,0.4,0.47,2,144,3,1,1,0,sales,low
1770,0.84,1.0,5,250,5,0,1,0,sales,low
1771,0.09,0.86,6,245,4,0,1,0,sales,low
1772,0.83,0.93,4,269,5,0,1,0,sales,low
1773,0.11,0.87,6,273,4,0,1,0,sales,low
1774,0.37,0.5,2,142,3,0,1,0,sales,low
1775,0.09,0.93,6,273,5,0,1,0,sales,low
1776,0.43,0.47,2,248,2,0,1,0,sales,medium
1777,0.39,0.56,2,147,3,0,1,0,sales,medium
1778,0.85,0.9,2,168,2,0,1,0,sales,medium
1779,0.38,0.52,2,128,3,0,1,0,sales,medium
1780,0.76,0.84,5,227,5,1,1,0,sales,medium
1781,0.44,0.51,2,135,3,0,1,0,sales,medium
1782,0.73,1.0,4,268,5,0,1,0,sales,medium
1783,0.43,0.53,2,136,3,0,1,0,sales,medium
1784,0.43,0.51,2,149,3,1,1,0,accounting,medium
1785,0.09,0.96,7,264,4,0,1,0,accounting,medium
1786,0.43,0.53,2,143,3,0,1,0,accounting,medium
1787,0.45,0.57,2,138,3,0,1,0,hr,medium
1788,0.42,0.48,2,146,3,0,1,0,hr,high
1789,0.41,0.46,2,150,3,1,1,0,hr,low
1790,0.44,0.55,2,156,3,0,1,0,hr,medium
1791,0.09,0.92,7,245,4,0,1,0,technical,medium
1792,0.41,0.51,2,156,3,0,1,0,technical,medium
1793,0.43,0.51,2,143,3,0,1,0,technical,medium
1794,0.38,0.51,2,159,3,0,1,0,technical,low
1795,0.85,0.96,4,217,5,0,1,0,technical,low
1796,0.88,0.91,4,234,6,0,1,0,technical,low
1797,0.44,0.46,2,138,3,0,1,0,technical,low
1798,0.11,0.92,7,265,4,0,1,0,technical,low
1799,0.38,0.5,2,145,3,0,1,0,technical,low
1800,0.09,0.78,6,263,4,0,1,0,technical,low
1801,0.11,0.79,6,264,4,0,1,0,technical,low
1802,0.11,0.88,6,253,4,0,1,0,support,low
1803,0.44,0.48,2,155,3,0,1,0,support,low
1804,0.38,0.51,2,137,3,0,1,0,support,low
1805,0.1,0.87,6,254,5,0,1,0,support,low
1806,0.45,0.57,2,143,3,0,1,0,support,low
1807,0.11,0.94,7,280,5,0,1,0,support,low
1808,0.36,0.48,2,136,3,0,1,0,support,low
1809,0.72,0.95,5,271,5,0,1,0,support,low
1810,0.43,0.48,2,157,3,0,1,0,support,low
1811,0.45,0.5,2,150,3,0,1,0,support,low
1812,0.4,0.53,2,127,3,0,1,0,support,low
1813,0.1,0.81,6,271,4,0,1,0,technical,low
1814,0.83,0.93,5,257,5,0,1,0,technical,low
1815,0.11,0.8,7,305,4,0,1,0,technical,medium
1816,0.43,0.5,2,152,3,0,1,0,management,medium
1817,0.38,0.5,2,144,3,0,1,0,IT,medium
1818,0.83,1.0,5,269,5,0,1,0,IT,medium
1819,0.11,0.82,7,285,4,0,1,0,IT,medium
1820,0.43,0.52,2,136,3,0,1,0,IT,medium
1821,0.11,0.88,6,294,4,0,1,0,IT,medium
1822,0.43,0.46,2,157,3,0,1,0,product_mng,medium
1823,0.1,0.89,6,280,4,0,1,0,product_mng,medium
1824,0.44,0.51,2,152,3,0,1,0,product_mng,medium
1825,0.82,0.91,5,276,6,0,1,0,product_mng,medium
1826,0.1,0.86,6,247,4,0,1,0,IT,medium
1827,0.1,0.95,5,286,4,0,1,0,RandD,high
1828,0.3,0.89,5,257,5,0,1,0,RandD,low
1829,0.1,0.93,6,258,4,0,1,0,RandD,medium
1830,0.39,0.5,2,151,3,0,1,0,RandD,medium
1831,0.14,0.47,4,175,2,0,1,0,RandD,medium
1832,0.82,0.92,4,252,5,0,1,0,marketing,medium
1833,0.1,0.85,6,266,4,0,1,0,sales,low
1834,0.09,0.9,6,295,4,0,1,0,accounting,low
1835,0.54,0.83,6,165,6,0,1,0,support,low
1836,0.61,0.58,2,264,4,0,1,0,technical,low
1837,0.1,0.79,6,275,4,0,1,0,management,low
1838,0.1,0.9,6,299,4,0,1,0,marketing,low
1839,0.36,0.49,2,147,3,0,1,0,marketing,low
1840,0.1,0.97,7,306,4,0,1,0,marketing,low
1841,0.84,1.0,5,242,5,0,1,0,sales,low
1842,0.38,0.51,2,159,3,0,1,0,sales,low
1843,0.41,0.49,2,147,3,0,1,0,sales,low
1844,0.37,0.51,2,154,3,1,1,0,sales,low
1845,0.43,0.56,2,129,3,0,1,0,sales,low
1846,0.46,0.53,2,161,3,0,1,0,sales,low
1847,0.09,0.84,6,269,4,0,1,0,sales,low
1848,0.78,0.86,5,274,5,0,1,0,sales,low
1849,0.45,0.53,2,159,3,0,1,0,sales,low
1850,0.42,0.47,2,135,3,0,1,0,sales,low
1851,0.46,0.53,2,147,3,0,1,0,sales,low
1852,0.39,0.49,2,142,3,0,1,0,sales,low
1853,0.36,0.51,2,130,3,0,1,0,sales,low
1854,0.43,0.53,2,147,3,0,1,0,sales,medium
1855,0.85,0.87,5,246,5,1,1,0,sales,medium
1856,0.11,0.92,6,281,4,0,1,0,sales,medium
1857,0.11,0.9,6,253,4,0,1,0,sales,medium
1858,0.38,0.47,2,128,3,0,1,0,sales,medium
1859,0.43,0.57,2,129,3,0,1,0,sales,medium
1860,0.75,1.0,5,223,6,0,1,0,accounting,medium
1861,0.11,0.92,6,269,4,0,1,0,accounting,medium
1862,0.1,0.9,7,269,4,0,1,0,accounting,medium
1863,0.1,0.81,7,244,5,0,1,0,hr,medium
1864,0.37,0.5,2,154,3,0,1,0,hr,medium
1865,0.11,0.93,5,140,5,0,1,0,hr,medium
1866,0.45,0.46,2,159,3,0,1,0,hr,high
1867,0.44,0.48,2,158,3,0,1,0,technical,low
1868,0.44,0.56,2,133,3,0,1,0,technical,medium
1869,0.11,0.77,6,247,4,0,1,0,technical,medium
1870,0.79,0.93,5,268,5,0,1,0,technical,medium
1871,0.8,0.9,5,267,5,0,1,0,technical,medium
1872,0.1,0.87,7,251,5,0,1,0,technical,low
1873,0.09,0.93,6,279,4,0,1,0,technical,low
1874,0.7,0.84,6,161,4,0,1,0,technical,low
1875,0.72,0.84,4,256,5,0,1,0,technical,low
1876,0.11,0.8,6,304,4,0,1,0,technical,low
1877,0.39,0.51,2,137,3,0,1,0,technical,low
1878,0.4,0.49,2,144,3,0,1,0,support,low
1879,0.43,0.54,2,142,3,0,1,0,support,low
1880,0.76,0.87,5,262,5,0,1,0,support,low
1881,0.4,0.48,2,142,3,0,1,0,support,low
1882,0.09,0.89,6,282,4,0,1,0,support,low
1883,0.37,0.54,2,157,3,0,1,0,support,low
1884,0.87,0.91,5,228,5,0,1,0,support,low
1885,0.1,0.86,6,283,4,0,1,0,support,low
1886,0.11,0.86,6,286,4,0,1,0,support,low
1887,0.43,0.5,2,148,3,0,1,0,support,low
1888,0.1,0.81,6,245,4,0,1,0,support,low
1889,0.11,0.95,6,279,4,0,1,0,technical,low
1890,0.85,0.87,5,245,5,0,1,0,technical,low
1891,0.37,0.49,2,138,3,0,1,0,technical,low
1892,0.44,0.52,2,141,3,0,1,0,management,low
1893,0.1,0.83,7,302,5,0,1,0,IT,medium
1894,0.11,0.89,6,268,4,0,1,0,IT,medium
1895,0.87,0.88,5,240,5,0,1,0,IT,medium
1896,0.39,0.49,2,127,3,0,1,0,IT,medium
1897,0.1,0.94,7,264,4,0,1,0,IT,medium
1898,0.44,0.53,2,155,3,0,1,0,product_mng,medium
1899,0.4,0.49,2,143,3,0,1,0,product_mng,medium
1900,0.76,0.98,5,217,6,0,1,0,product_mng,medium
1901,0.46,0.55,2,147,3,0,1,0,product_mng,medium
1902,0.9,0.92,4,271,5,0,1,0,IT,medium
1903,0.85,0.87,4,273,5,0,1,0,RandD,medium
1904,0.1,0.78,5,285,4,1,1,0,RandD,medium
1905,0.43,0.49,2,131,3,0,1,0,RandD,high
1906,0.2,0.5,5,135,6,0,1,0,RandD,low
1907,0.81,0.92,5,239,5,0,1,0,RandD,medium
1908,0.83,0.85,5,237,5,0,1,0,marketing,medium
1909,0.14,0.75,4,277,5,1,1,0,sales,medium
1910,0.1,0.84,5,303,5,0,1,0,accounting,medium
1911,0.91,0.98,4,242,6,0,1,0,support,low
1912,0.37,0.57,2,158,3,0,1,0,technical,low
1913,0.42,0.57,2,147,3,1,1,0,management,low
1914,0.39,0.68,2,282,5,0,1,0,marketing,low
1915,0.39,0.54,2,154,3,0,1,0,marketing,low
1916,0.44,0.52,2,149,3,0,1,0,marketing,low
1917,0.37,0.45,2,149,3,0,1,0,sales,low
1918,0.39,0.53,2,146,3,0,1,0,sales,low
1919,0.72,0.94,4,258,5,0,1,0,sales,low
1920,0.37,0.49,2,148,3,0,1,0,sales,low
1921,0.82,0.94,5,236,5,0,1,0,sales,low
1922,0.42,0.52,2,134,3,0,1,0,sales,low
1923,0.59,1.0,2,155,5,0,1,0,sales,low
1924,0.82,0.86,5,257,5,0,1,0,sales,low
1925,0.73,0.97,6,189,2,0,1,0,sales,low
1926,0.78,0.66,3,164,3,0,1,0,sales,low
1927,0.09,0.95,6,271,4,0,1,0,sales,low
1928,0.1,0.97,6,280,4,0,1,0,sales,low
1929,0.45,0.46,2,149,3,0,1,0,sales,low
1930,0.83,0.81,5,219,5,0,1,0,sales,low
1931,0.43,0.51,2,128,3,0,1,0,sales,low
1932,0.4,0.47,2,128,3,0,1,0,sales,medium
1933,0.43,0.46,2,157,3,0,1,0,sales,medium
1934,0.78,0.93,4,225,5,0,1,0,sales,medium
1935,0.39,0.45,2,140,3,0,1,0,sales,medium
1936,0.11,0.97,6,310,4,0,1,0,accounting,medium
1937,0.36,0.52,2,143,3,0,1,0,accounting,medium
1938,0.36,0.54,2,153,3,0,1,0,accounting,medium
1939,0.1,0.79,7,310,4,0,1,0,hr,medium
1940,0.4,0.47,2,136,3,0,1,0,hr,medium
1941,0.81,0.85,4,251,6,0,1,0,hr,medium
1942,0.4,0.47,2,144,3,0,1,0,hr,medium
1943,0.09,0.93,6,296,4,0,1,0,technical,medium
1944,0.76,0.89,5,238,5,0,1,0,technical,high
1945,0.73,0.93,5,162,4,0,1,0,technical,low
1946,0.38,0.49,2,137,3,0,1,0,technical,medium
1947,0.72,0.84,5,257,5,0,1,0,technical,medium
1948,0.4,0.56,2,148,3,0,1,0,technical,medium
1949,0.91,0.99,5,254,5,0,1,0,technical,medium
1950,0.85,0.85,4,247,6,0,1,0,technical,low
1951,0.9,0.7,5,206,4,0,1,0,technical,low
1952,0.46,0.55,2,145,3,0,1,0,technical,low
1953,0.43,0.57,2,159,3,1,1,0,technical,low
1954,0.89,0.88,5,228,5,1,1,0,support,low
1955,0.09,0.81,6,257,4,0,1,0,support,low
1956,0.4,0.48,2,155,3,0,1,0,support,low
1957,0.76,0.83,6,293,6,0,1,0,support,low
1958,0.4,0.57,2,151,3,0,1,0,support,low
1959,0.37,0.48,2,160,3,0,1,0,support,low
1960,0.37,0.53,2,143,3,0,1,0,support,low
1961,0.11,0.96,6,280,4,0,1,0,support,low
1962,0.37,0.52,2,158,3,0,1,0,support,low
1963,0.09,0.89,7,310,4,0,1,0,support,low
1964,0.88,0.86,5,258,5,0,1,0,support,low
1965,0.84,0.94,5,262,5,0,1,0,technical,low
1966,0.1,0.98,6,265,4,0,1,0,technical,low
1967,0.41,0.47,2,143,3,1,1,0,technical,low
1968,0.84,0.91,5,232,6,0,1,0,management,low
1969,0.41,0.55,2,161,3,0,1,0,IT,low
1970,0.53,0.76,5,132,6,0,1,0,IT,low
1971,0.42,0.47,2,139,3,1,1,0,IT,medium
1972,0.36,0.5,2,131,3,0,1,0,IT,medium
1973,0.38,0.52,2,161,3,0,1,0,IT,medium
1974,0.36,0.48,2,152,3,0,1,0,product_mng,medium
1975,0.46,0.54,2,138,3,0,1,0,product_mng,medium
1976,0.37,0.47,2,159,3,1,1,0,product_mng,medium
1977,0.42,0.49,2,153,3,0,1,0,product_mng,medium
1978,0.44,0.56,2,156,3,0,1,0,IT,medium
1979,0.92,0.82,5,265,5,0,1,0,RandD,medium
1980,0.1,0.79,6,301,5,0,1,0,RandD,medium
1981,0.76,1.0,4,220,6,0,1,0,RandD,medium
1982,0.11,0.79,6,247,4,0,1,0,RandD,medium
1983,0.43,0.48,2,136,3,0,1,0,RandD,high
1984,0.4,0.49,2,160,3,0,1,0,marketing,low
1985,0.11,0.84,7,310,4,0,1,0,sales,medium
1986,0.84,0.82,5,240,5,0,1,0,accounting,medium
1987,0.84,0.84,5,238,5,0,1,0,support,medium
1988,0.51,0.6,7,243,5,0,1,0,technical,medium
1989,0.66,0.91,5,248,4,0,1,0,management,low
1990,0.42,0.56,2,137,3,0,1,0,marketing,low
1991,0.38,0.49,2,155,3,0,1,0,marketing,low
1992,0.15,0.63,7,229,3,0,1,0,marketing,low
1993,0.38,0.53,2,140,3,0,1,0,sales,low
1994,0.43,0.54,2,156,3,0,1,0,sales,low
1995,0.37,0.57,2,147,3,0,1,0,sales,low
1996,0.11,0.92,7,293,4,0,1,0,sales,low
1997,0.41,0.53,2,157,3,0,1,0,sales,low
1998,0.84,0.96,4,247,5,0,1,0,sales,low
1999,0.4,0.51,2,148,3,0,1,0,sales,low
2000,0.58,0.74,4,215,3,0,0,0,sales,low
2001,0.82,0.67,2,202,3,0,0,0,sales,low
2002,0.45,0.69,5,193,3,0,0,0,sales,low
2003,0.78,0.82,5,247,3,0,0,0,sales,low
2004,0.49,0.6,3,214,2,0,0,0,sales,low
2005,0.36,0.95,3,206,4,0,0,0,sales,low
2006,0.54,0.37,2,176,2,0,0,0,sales,low
2007,0.99,0.91,5,136,4,0,0,0,sales,low
2008,0.5,0.75,6,127,3,0,0,0,sales,low
2009,0.74,0.64,4,268,3,0,0,0,sales,low
2010,0.56,0.58,4,258,3,0,0,0,sales,medium
2011,0.34,0.39,2,136,3,0,0,0,sales,medium
2012,0.48,0.94,5,255,6,0,0,0,accounting,medium
2013,0.73,0.62,3,218,3,0,0,0,accounting,medium
2014,0.59,0.87,3,268,4,0,0,0,accounting,medium
2015,0.81,0.57,3,224,2,0,0,0,hr,medium
2016,0.9,0.66,3,231,3,0,0,0,hr,medium
2017,0.41,0.84,6,191,6,0,0,0,hr,medium
2018,0.89,0.92,4,165,5,0,0,0,hr,medium
2019,0.48,0.84,4,252,3,0,0,0,technical,medium
2020,0.79,0.97,5,266,2,0,0,0,technical,medium
2021,0.98,0.66,5,248,3,0,0,0,technical,medium
2022,0.75,0.7,4,144,4,0,0,0,technical,high
2023,1.0,0.41,4,174,3,0,0,0,technical,low
2024,0.24,0.82,5,179,6,0,0,0,technical,medium
2025,0.84,0.43,6,246,4,0,0,0,technical,medium
2026,0.56,0.86,4,201,3,1,0,0,technical,medium
2027,0.92,0.93,4,208,3,0,0,0,technical,medium
2028,0.61,0.98,3,267,3,0,0,0,technical,low
2029,0.84,0.77,4,262,4,0,0,0,technical,low
2030,0.85,0.59,3,235,3,0,0,0,support,low
2031,0.67,0.57,2,160,4,0,0,0,support,low
2032,0.54,0.94,4,267,4,0,0,0,support,low
2033,0.75,0.56,5,175,4,0,0,0,support,low
2034,0.82,0.79,4,224,2,0,0,0,support,low
2035,0.76,0.6,4,177,2,0,0,0,support,low
2036,0.19,0.53,6,191,4,0,0,0,support,low
2037,0.61,0.41,3,138,3,0,0,0,support,low
2038,0.51,0.8,3,218,2,1,0,0,support,low
2039,0.52,0.88,3,179,2,1,0,0,support,low
2040,0.74,0.58,3,241,3,0,0,0,support,low
2041,0.98,0.91,4,240,3,0,0,0,technical,low
2042,0.71,0.92,3,202,4,0,0,0,technical,low
2043,0.33,0.88,6,260,3,0,0,0,technical,low
2044,0.98,0.97,3,196,3,0,0,0,management,low
2045,0.52,0.59,2,176,3,1,0,0,IT,low
2046,0.84,0.65,2,140,3,0,0,0,IT,low
2047,0.87,0.5,3,242,2,0,0,0,IT,low
2048,0.48,0.85,3,279,4,0,0,0,IT,low
2049,0.58,0.55,4,202,3,0,0,0,IT,medium
2050,0.58,0.84,5,228,3,0,0,0,product_mng,medium
2051,0.73,0.69,4,171,3,0,0,0,product_mng,medium
2052,0.68,0.54,4,153,3,0,0,0,product_mng,medium
2053,0.41,0.68,3,165,3,1,0,0,product_mng,medium
2054,0.85,0.6,3,182,3,0,0,0,IT,medium
2055,0.54,0.7,5,239,5,0,0,0,RandD,medium
2056,0.81,0.61,5,231,2,0,0,0,RandD,medium
2057,0.7,0.52,4,255,3,0,0,0,RandD,medium
2058,0.63,0.66,4,237,2,1,0,0,RandD,medium
2059,0.68,0.54,3,251,2,0,0,0,RandD,medium
2060,0.7,0.53,4,178,2,0,0,0,marketing,medium
2061,0.82,0.65,4,148,3,0,0,0,sales,high
2062,0.72,0.94,4,240,4,0,0,0,accounting,low
2063,0.77,0.78,3,269,3,0,0,0,support,medium
2064,0.86,0.91,4,147,3,0,0,0,technical,medium
2065,0.15,0.97,3,198,5,0,0,0,management,medium
2066,0.81,0.99,5,143,3,0,0,0,marketing,medium
2067,0.93,0.98,3,238,2,0,0,0,marketing,low
2068,0.62,0.74,4,213,4,0,0,0,marketing,low
2069,0.53,0.81,3,226,3,1,0,0,sales,low
2070,0.86,0.99,3,169,2,1,0,0,sales,low
2071,0.92,0.65,4,238,2,0,0,0,sales,low
2072,0.97,0.83,4,202,3,0,0,0,sales,low
2073,0.39,0.78,2,205,6,1,0,0,sales,low
2074,0.45,0.66,3,111,4,0,0,0,sales,low
2075,0.41,0.47,4,104,3,0,0,0,sales,low
2076,0.51,0.69,3,212,3,0,0,0,sales,low
2077,0.74,0.62,4,236,4,0,0,0,sales,low
2078,0.69,0.57,5,245,2,1,0,0,sales,low
2079,0.84,0.64,4,267,4,0,0,0,sales,low
2080,0.69,0.66,5,106,5,0,0,0,sales,low
2081,0.93,0.53,5,198,3,0,0,0,sales,low
2082,0.33,0.45,6,239,3,0,0,0,sales,low
2083,0.25,0.65,5,220,3,0,0,0,sales,low
2084,0.63,0.59,5,224,3,0,0,0,sales,low
2085,0.81,0.62,3,100,3,0,0,0,sales,low
2086,0.12,0.87,4,244,5,0,0,0,sales,low
2087,0.52,0.66,4,139,3,0,0,0,sales,low
2088,0.57,0.51,2,152,2,0,0,0,accounting,medium
2089,0.84,0.58,4,208,3,0,0,0,accounting,medium
2090,0.6,0.95,5,205,3,0,0,0,accounting,medium
2091,0.73,0.44,2,194,6,0,0,0,hr,medium
2092,0.2,0.58,3,209,5,0,0,0,hr,medium
2093,0.58,0.9,3,212,3,0,0,0,hr,medium
2094,0.48,0.56,2,151,3,0,0,0,hr,medium
2095,0.54,0.67,4,282,6,0,0,0,technical,medium
2096,0.86,1.0,4,256,3,0,0,0,technical,medium
2097,0.94,0.83,2,185,3,1,0,0,technical,medium
2098,0.76,0.74,5,132,3,0,0,0,technical,medium
2099,0.61,0.95,5,233,3,0,0,0,technical,medium
2100,0.56,0.94,4,215,2,0,0,0,technical,high
2101,1.0,0.74,3,220,4,0,0,0,technical,low
2102,0.15,0.53,6,222,3,0,0,0,technical,medium
2103,0.19,0.58,5,182,2,0,0,0,technical,medium
2104,0.17,0.73,5,258,4,0,0,0,technical,medium
2105,0.71,0.57,3,209,2,0,0,0,technical,medium
2106,0.86,0.79,3,242,2,0,0,0,support,low
2107,0.59,0.88,4,155,3,1,0,0,support,low
2108,0.74,0.76,5,104,4,0,0,0,support,low
2109,0.98,0.92,4,201,3,1,0,0,support,low
2110,0.93,0.75,5,143,3,0,0,0,support,low
2111,1.0,0.92,5,161,3,1,0,0,support,low
2112,0.59,0.81,4,200,2,0,0,0,support,low
2113,0.98,0.55,4,255,2,0,0,0,support,low
2114,0.35,0.5,5,227,2,0,0,0,support,low
2115,0.42,0.96,3,270,6,0,0,0,support,low
2116,0.61,0.85,5,230,3,0,0,0,support,low
2117,0.78,0.72,5,270,3,1,0,0,technical,low
2118,0.93,0.52,4,200,3,0,0,0,technical,low
2119,0.5,0.95,5,207,3,0,0,0,technical,low
2120,0.67,0.51,5,182,3,0,0,0,management,low
2121,0.75,0.85,4,234,3,0,0,0,IT,low
2122,0.79,0.51,4,237,2,0,0,0,IT,low
2123,0.84,0.89,4,187,2,1,0,0,IT,low
2124,0.72,0.5,3,257,6,0,0,0,IT,low
2125,0.57,0.48,2,194,2,0,0,0,IT,low
2126,0.73,0.52,4,162,3,0,0,0,product_mng,low
2127,0.74,0.58,4,148,2,0,0,0,product_mng,medium
2128,0.52,0.83,4,210,2,0,0,0,product_mng,medium
2129,0.56,0.76,3,213,2,1,0,0,product_mng,medium
2130,0.76,0.68,4,189,2,1,0,0,IT,medium
2131,0.82,0.93,4,185,2,0,0,0,RandD,medium
2132,0.76,0.83,3,186,2,1,0,0,RandD,medium
2133,0.62,0.59,3,128,3,0,0,0,RandD,medium
2134,0.48,0.8,4,268,3,0,0,0,RandD,medium
2135,0.64,0.77,3,213,3,1,0,0,RandD,medium
2136,0.74,0.82,4,142,2,0,0,0,marketing,medium
2137,0.52,0.43,2,199,2,0,0,0,sales,medium
2138,0.67,0.5,4,157,2,0,0,0,accounting,medium
2139,0.71,0.76,5,172,2,1,0,0,support,high
2140,0.72,0.63,3,176,3,1,0,0,technical,low
2141,0.33,0.58,2,183,2,0,0,0,management,medium
2142,0.91,0.56,4,270,2,0,0,0,marketing,medium
2143,0.88,0.68,5,157,4,1,0,0,marketing,medium
2144,0.96,0.6,4,185,3,0,0,0,marketing,medium
2145,0.97,0.68,3,167,3,0,0,0,sales,low
2146,0.27,0.59,5,226,5,0,0,0,sales,low
2147,0.65,0.64,3,223,4,0,0,0,sales,low
2148,0.68,0.73,3,257,3,0,0,0,sales,low
2149,0.68,0.46,4,143,3,0,0,0,sales,low
2150,0.69,0.74,3,215,2,0,0,0,sales,low
2151,0.79,0.99,3,194,4,0,0,0,sales,low
2152,0.74,0.92,5,193,3,0,0,0,sales,low
2153,0.8,0.83,3,163,3,0,0,0,sales,low
2154,0.38,0.94,5,252,5,0,0,0,sales,low
2155,0.26,0.83,3,168,3,0,0,0,sales,low
2156,0.81,0.86,3,231,3,0,0,0,sales,low
2157,0.67,0.54,2,141,2,0,0,0,sales,low
2158,0.55,0.81,4,260,2,0,0,0,sales,low
2159,0.87,0.71,3,132,2,0,0,0,sales,low
2160,0.46,0.69,2,159,2,0,0,0,sales,low
2161,0.63,0.57,4,177,3,1,0,0,sales,low
2162,0.54,0.96,4,248,3,0,0,0,sales,low
2163,1.0,0.49,3,185,2,0,0,0,sales,low
2164,0.97,0.66,4,149,2,0,0,0,accounting,low
2165,0.9,0.92,3,152,3,0,0,0,accounting,low
2166,0.75,0.7,3,129,3,0,0,0,accounting,medium
2167,0.92,0.84,4,208,2,0,0,0,hr,medium
2168,0.8,0.94,4,136,2,0,0,0,hr,medium
2169,0.57,0.81,3,142,2,0,0,0,hr,medium
2170,0.81,0.94,3,225,4,0,0,0,hr,medium
2171,0.64,0.6,3,143,3,0,0,0,technical,medium
2172,0.71,0.54,4,215,3,0,0,0,technical,medium
2173,0.35,0.58,3,229,6,1,0,0,technical,medium
2174,0.88,0.81,5,193,5,0,0,0,technical,medium
2175,0.13,0.59,5,160,5,0,0,0,technical,medium
2176,0.82,0.73,4,195,5,1,0,0,technical,medium
2177,0.17,0.92,4,189,2,0,0,0,technical,medium
2178,0.21,0.82,4,207,5,0,0,0,technical,high
2179,0.89,0.47,4,108,3,0,0,0,technical,low
2180,0.2,0.72,6,224,4,0,0,0,technical,medium
2181,0.99,0.81,5,180,3,1,0,0,technical,medium
2182,0.26,0.85,6,152,4,0,0,0,support,medium
2183,0.22,0.53,4,244,2,0,0,0,support,medium
2184,0.79,0.84,3,176,3,0,0,0,support,low
2185,0.73,0.79,4,145,2,1,0,0,support,low
2186,0.83,0.54,3,149,3,0,0,0,support,low
2187,0.42,0.54,3,122,4,0,0,0,support,low
2188,0.18,0.8,2,110,5,0,0,0,support,low
2189,0.92,0.91,4,222,2,0,0,0,support,low
2190,0.87,0.52,3,237,3,0,0,0,support,low
2191,0.72,0.65,4,224,3,0,0,0,support,low
2192,0.64,0.58,5,115,5,0,0,0,support,low
2193,1.0,0.66,4,180,3,0,0,0,technical,low
2194,0.83,0.65,4,162,3,0,0,0,technical,low
2195,0.98,0.58,4,136,3,0,0,0,technical,low
2196,0.7,0.87,3,260,2,0,0,0,management,low
2197,0.9,0.79,4,150,2,0,0,0,IT,low
2198,0.55,0.99,4,248,3,0,0,0,IT,low
2199,0.78,0.84,3,233,3,1,0,0,IT,low
2200,0.89,0.53,5,272,3,0,0,0,IT,low
2201,0.17,0.59,3,197,5,0,0,0,IT,low
2202,0.14,0.64,5,164,5,0,0,0,product_mng,low
2203,0.85,0.57,4,216,2,0,0,0,product_mng,low
2204,0.84,0.79,4,266,3,1,0,0,product_mng,low
2205,0.7,0.69,3,102,4,1,0,0,product_mng,medium
2206,0.16,0.98,5,284,5,0,0,0,IT,medium
2207,0.51,0.69,3,145,2,1,0,0,RandD,medium
2208,0.6,0.89,3,167,4,0,0,0,RandD,medium
2209,0.5,0.63,3,172,2,0,0,0,RandD,medium
2210,0.43,0.39,5,198,5,0,0,0,RandD,medium
2211,0.5,0.7,4,201,4,0,0,0,RandD,medium
2212,0.91,0.89,4,197,4,0,0,0,marketing,medium
2213,0.65,0.93,4,270,2,0,0,0,sales,medium
2214,0.59,0.52,2,149,3,0,0,0,accounting,medium
2215,0.89,0.56,3,256,3,0,0,0,support,medium
2216,0.97,0.6,3,162,3,0,0,0,technical,medium
2217,0.56,0.97,5,163,2,0,0,0,management,high
2218,0.76,0.93,3,266,3,1,0,0,marketing,low
2219,0.28,0.55,4,208,4,0,0,0,marketing,medium
2220,0.75,0.51,4,138,4,0,0,0,marketing,medium
2221,0.78,0.81,4,232,3,0,0,0,sales,medium
2222,0.26,0.63,6,100,4,0,0,0,sales,medium
2223,0.53,0.72,2,172,5,0,0,0,sales,low
2224,0.25,0.41,3,133,6,1,0,0,sales,low
2225,0.82,0.51,3,234,3,0,0,0,sales,low
2226,0.71,0.57,2,183,4,0,0,0,sales,low
2227,0.61,0.95,4,174,4,0,0,0,sales,low
2228,0.89,0.68,3,175,2,0,0,0,sales,low
2229,0.57,0.78,3,109,3,1,0,0,sales,low
2230,0.93,0.8,4,248,3,0,0,0,sales,low
2231,0.61,0.84,5,104,4,0,0,0,sales,low
2232,0.56,0.62,3,154,2,0,0,0,sales,low
2233,0.7,0.89,6,214,2,0,0,0,sales,low
2234,0.9,0.64,4,209,4,0,0,0,sales,low
2235,0.15,0.74,6,212,2,0,0,0,sales,low
2236,0.39,0.36,3,168,3,1,0,0,sales,low
2237,0.74,0.72,4,176,3,0,0,0,sales,low
2238,0.7,0.61,4,163,4,1,0,0,sales,low
2239,0.72,0.93,4,148,2,0,0,0,sales,low
2240,0.61,0.97,3,137,3,0,0,0,accounting,low
2241,0.96,1.0,5,162,3,0,0,0,accounting,low
2242,0.7,0.59,4,216,3,0,0,0,accounting,low
2243,0.92,0.49,3,240,2,0,0,0,hr,low
2244,0.72,0.56,4,176,2,0,0,0,hr,medium
2245,0.53,0.75,6,192,6,0,0,0,hr,medium
2246,0.67,0.85,3,160,4,0,0,0,hr,medium
2247,0.78,0.8,4,194,2,1,0,0,technical,medium
2248,0.53,0.75,4,239,2,1,0,0,technical,medium
2249,0.9,0.48,4,204,3,0,0,0,technical,medium
2250,0.16,0.9,5,258,3,0,0,0,technical,medium
2251,0.62,0.38,3,257,3,0,0,0,technical,medium
2252,0.62,0.98,4,137,3,0,0,0,technical,medium
2253,0.22,0.52,6,175,4,0,0,0,technical,medium
2254,0.91,0.82,3,183,3,0,0,0,technical,medium
2255,0.87,0.74,4,190,4,0,0,0,technical,medium
2256,0.95,0.69,3,225,2,0,0,0,technical,high
2257,0.99,0.75,3,215,3,0,0,0,technical,low
2258,0.99,0.57,3,176,4,1,0,0,support,medium
2259,0.77,0.99,4,153,3,1,0,0,support,medium
2260,0.75,0.68,3,150,2,1,0,0,support,medium
2261,0.83,0.54,4,259,5,0,0,0,support,medium
2262,0.61,0.39,3,99,2,0,0,0,support,low
2263,0.91,0.97,3,167,2,0,0,0,support,low
2264,0.47,0.64,3,192,3,0,0,0,support,low
2265,0.77,0.61,5,146,3,0,0,0,support,low
2266,0.55,0.51,3,190,3,0,0,0,support,low
2267,0.32,0.48,5,246,3,0,0,0,support,low
2268,0.96,0.67,6,190,3,0,0,0,support,low
2269,0.72,0.79,5,260,2,0,0,0,technical,low
2270,0.8,0.9,4,136,3,0,0,0,technical,low
2271,0.61,0.55,4,231,3,0,0,0,technical,low
2272,0.97,0.88,3,204,2,0,0,0,management,low
2273,0.63,0.93,4,201,3,0,0,0,IT,low
2274,0.92,0.92,3,159,3,0,0,0,IT,low
2275,0.94,0.74,5,171,3,0,0,0,IT,low
2276,0.79,0.72,6,240,4,0,0,0,IT,low
2277,0.75,0.73,2,152,4,0,0,0,IT,low
2278,0.78,0.99,3,151,3,1,0,0,product_mng,low
2279,0.96,0.45,6,232,2,1,0,0,product_mng,low
2280,0.65,0.68,4,128,5,0,0,0,product_mng,low
2281,0.18,0.94,3,187,6,1,0,0,product_mng,low
2282,0.94,0.51,3,160,2,0,0,0,IT,low
2283,0.84,0.79,4,259,3,0,0,0,RandD,medium
2284,0.67,0.54,2,136,2,0,0,0,RandD,medium
2285,0.71,0.5,4,253,3,0,0,0,RandD,medium
2286,0.56,0.64,3,260,3,0,0,0,RandD,medium
2287,0.29,0.56,5,231,6,0,0,0,RandD,medium
2288,0.47,0.9,3,101,2,1,0,0,marketing,medium
2289,0.4,0.69,2,174,3,0,0,0,sales,medium
2290,0.81,0.82,4,167,2,0,0,0,accounting,medium
2291,0.96,0.99,3,148,3,0,0,0,support,medium
2292,0.99,0.75,6,139,5,1,0,0,technical,medium
2293,0.75,0.77,4,136,3,0,0,0,management,medium
2294,0.75,0.74,4,153,2,0,0,0,marketing,medium
2295,1.0,0.86,4,161,2,0,0,0,marketing,high
2296,0.52,0.53,2,163,2,0,0,0,marketing,low
2297,0.98,0.74,3,164,3,0,0,0,sales,medium
2298,0.6,0.64,2,137,5,0,0,0,sales,medium
2299,0.38,0.44,3,137,3,0,0,0,sales,medium
2300,0.51,0.41,6,106,5,0,0,0,sales,medium
2301,0.91,0.61,2,272,2,0,0,0,sales,low
2302,0.56,0.62,5,238,3,0,0,0,sales,low
2303,0.58,0.69,4,223,4,0,0,0,sales,low
2304,0.51,0.53,3,201,2,0,0,0,sales,low
2305,0.91,0.55,6,97,4,0,0,0,sales,low
2306,0.8,0.98,2,232,6,1,0,0,sales,low
2307,0.55,0.83,4,199,3,0,0,0,sales,low
2308,0.62,0.53,3,141,3,0,0,0,sales,low
2309,0.62,0.6,3,171,2,0,0,0,sales,low
2310,0.87,0.58,4,212,3,0,0,0,sales,low
2311,0.65,0.5,5,270,2,0,0,0,sales,low
2312,0.51,0.64,3,267,2,0,0,0,sales,low
2313,0.98,0.77,3,134,2,1,0,0,sales,low
2314,0.13,0.43,4,165,5,0,0,0,sales,low
2315,0.78,0.76,5,168,4,1,0,0,sales,low
2316,0.6,0.98,3,262,2,0,0,0,accounting,low
2317,0.68,0.69,3,185,2,0,0,0,accounting,low
2318,0.55,0.84,3,237,3,0,0,0,accounting,low
2319,0.99,0.79,4,192,3,0,0,0,hr,low
2320,0.92,0.68,5,236,2,0,0,0,hr,low
2321,1.0,0.65,4,202,4,1,0,0,hr,low
2322,0.77,0.93,4,171,2,0,0,0,hr,medium
2323,0.86,0.7,5,160,3,0,0,0,technical,medium
2324,0.89,0.84,2,252,3,0,0,0,technical,medium
2325,0.58,0.55,5,206,3,0,0,0,technical,medium
2326,0.56,0.66,3,212,2,0,0,0,technical,medium
2327,0.38,0.64,3,111,3,0,0,0,technical,medium
2328,0.62,0.64,3,240,2,0,0,0,technical,medium
2329,0.66,0.77,2,171,2,0,0,0,technical,medium
2330,0.3,0.44,3,129,2,0,0,0,technical,medium
2331,0.82,0.83,3,271,2,0,0,0,technical,medium
2332,0.96,0.68,4,162,2,0,0,0,technical,medium
2333,0.66,0.95,3,191,3,0,0,0,technical,medium
2334,0.79,0.5,5,176,3,0,0,0,support,high
2335,0.97,0.77,3,182,2,1,0,0,support,low
2336,0.59,0.65,3,226,3,0,0,0,support,medium
2337,0.57,0.48,4,161,3,0,0,0,support,medium
2338,0.64,0.53,4,163,3,0,0,0,support,medium
2339,0.14,0.51,5,173,4,0,0,0,support,medium
2340,0.48,0.55,3,228,2,0,0,0,support,low
2341,0.78,1.0,3,139,3,0,0,0,support,low
2342,0.96,0.62,5,128,5,0,0,0,support,low
2343,0.82,0.97,3,115,2,1,0,0,support,low
2344,0.94,0.9,5,191,4,0,0,0,support,low
2345,0.95,0.66,4,183,3,0,0,0,technical,low
2346,0.59,0.43,3,173,3,0,0,0,technical,low
2347,0.69,0.89,4,174,2,0,0,0,technical,low
2348,0.74,0.72,3,213,3,0,0,0,management,low
2349,0.67,0.67,4,192,4,0,0,0,IT,low
2350,0.83,0.52,3,167,2,1,0,0,IT,low
2351,0.81,0.85,3,263,3,1,0,0,IT,low
2352,0.54,0.73,2,100,3,0,0,0,IT,low
2353,0.89,0.83,3,164,3,0,0,0,IT,low
2354,0.79,0.74,5,172,2,0,0,0,product_mng,low
2355,0.46,0.58,4,171,3,0,0,0,product_mng,low
2356,0.99,0.93,4,236,3,0,0,0,product_mng,low
2357,0.75,0.9,5,186,4,0,0,0,product_mng,low
2358,0.93,0.82,4,175,3,0,0,0,IT,low
2359,0.65,0.6,5,227,3,0,0,0,RandD,low
2360,0.19,0.63,4,142,6,0,0,0,RandD,low
2361,0.48,0.61,2,121,2,0,0,0,RandD,medium
2362,0.95,0.64,5,234,3,0,0,0,RandD,medium
2363,0.92,0.77,4,185,3,0,0,0,RandD,medium
2364,0.84,0.54,4,160,3,0,0,0,marketing,medium
2365,0.37,0.63,4,153,3,1,0,0,sales,medium
2366,0.22,0.74,3,199,6,0,0,0,accounting,medium
2367,0.64,0.54,3,166,2,0,0,0,support,medium
2368,0.72,0.88,2,247,3,0,0,0,technical,medium
2369,0.48,0.69,4,245,3,0,0,0,management,medium
2370,0.12,0.55,5,242,4,0,0,0,marketing,medium
2371,0.78,0.98,5,158,2,0,0,0,marketing,medium
2372,0.71,0.74,3,163,3,1,0,0,marketing,medium
2373,0.38,0.69,3,99,3,1,0,0,sales,high
2374,0.57,0.85,4,164,3,0,0,0,sales,low
2375,0.72,0.51,3,160,3,0,0,0,sales,medium
2376,0.6,0.57,2,184,3,0,0,0,sales,medium
2377,0.61,0.55,5,266,2,0,0,0,sales,medium
2378,0.67,0.64,4,190,2,0,0,0,sales,medium
2379,0.97,0.97,5,192,2,0,0,0,sales,low
2380,0.22,0.6,3,205,6,1,0,0,sales,low
2381,0.15,0.53,4,205,5,1,0,0,sales,low
2382,0.6,0.6,3,258,3,0,0,0,sales,low
2383,0.15,0.8,5,151,2,1,0,0,sales,low
2384,0.5,0.81,3,148,2,0,0,0,sales,low
2385,0.9,0.67,3,179,2,0,0,0,sales,low
2386,0.84,0.51,6,141,2,1,0,0,sales,low
2387,0.74,0.78,5,216,2,0,0,0,sales,low
2388,0.72,0.51,3,235,2,0,0,0,sales,low
2389,0.93,0.63,3,160,4,1,0,0,sales,low
2390,0.54,0.69,3,141,4,0,0,0,sales,low
2391,0.87,0.65,4,246,2,1,0,0,sales,low
2392,0.19,0.98,5,226,4,1,0,0,accounting,low
2393,0.33,0.4,4,212,2,1,0,0,accounting,low
2394,0.94,0.93,4,220,3,0,0,0,accounting,low
2395,0.77,0.49,4,266,2,0,0,0,hr,low
2396,0.48,0.82,3,183,2,0,0,0,hr,low
2397,0.7,0.74,5,263,3,1,0,0,hr,low
2398,0.54,0.93,4,161,4,1,0,0,hr,low
2399,0.61,0.98,4,199,2,0,0,0,technical,low
2400,0.97,0.4,4,258,4,1,0,0,technical,medium
2401,0.6,0.85,3,209,2,1,0,0,technical,medium
2402,0.93,0.84,5,135,3,0,0,0,technical,medium
2403,0.48,0.69,4,222,2,0,0,0,technical,medium
2404,0.16,0.76,5,192,3,0,0,0,technical,medium
2405,0.18,0.75,3,250,3,0,0,0,technical,medium
2406,0.84,0.75,3,187,3,1,0,0,technical,medium
2407,0.69,0.63,4,217,3,0,0,0,technical,medium
2408,0.22,0.88,4,213,3,1,0,0,technical,medium
2409,0.83,0.52,4,273,3,0,0,0,technical,medium
2410,0.58,0.5,2,132,3,0,0,0,support,medium
2411,0.61,0.62,4,140,3,1,0,0,support,medium
2412,0.67,0.5,4,173,2,1,0,0,support,high
2413,0.56,0.76,4,189,2,0,0,0,support,low
2414,0.74,0.74,3,156,3,0,0,0,support,medium
2415,0.92,0.97,4,238,5,1,0,0,support,medium
2416,0.81,0.68,5,230,2,0,0,0,support,medium
2417,0.48,0.49,4,242,2,1,0,0,support,medium
2418,0.73,0.72,4,197,3,0,0,0,support,low
2419,0.97,0.66,6,164,5,0,0,0,support,low
2420,0.15,0.51,6,248,5,0,0,0,support,low
2421,0.69,0.76,5,255,6,0,0,0,technical,low
2422,0.61,0.68,5,225,4,0,0,0,technical,low
2423,0.86,0.58,3,151,2,0,0,0,technical,low
2424,0.55,0.88,4,252,3,0,0,0,management,low
2425,0.9,0.74,4,206,4,1,0,0,IT,low
2426,0.65,0.4,2,141,2,0,0,0,IT,low
2427,0.81,0.92,5,259,3,0,0,0,IT,low
2428,0.65,0.86,5,250,3,0,0,0,IT,low
2429,0.47,0.86,4,169,6,0,0,0,IT,low
2430,0.93,0.53,3,200,3,1,0,0,product_mng,low
2431,0.77,0.9,4,104,5,0,0,0,product_mng,low
2432,0.87,0.82,6,176,3,0,0,0,product_mng,low
2433,0.87,0.84,5,137,2,0,0,0,product_mng,low
2434,0.65,0.75,2,151,3,0,0,0,IT,low
2435,0.21,0.7,6,130,6,1,0,0,RandD,low
2436,0.75,0.59,4,199,2,0,0,0,RandD,low
2437,0.72,0.86,4,191,2,0,0,0,RandD,low
2438,0.88,0.63,3,273,3,1,0,0,RandD,low
2439,0.66,0.58,3,205,3,0,0,0,RandD,medium
2440,0.8,0.75,3,181,3,0,0,0,marketing,medium
2441,0.22,0.55,4,261,3,1,0,0,sales,medium
2442,0.92,0.69,3,192,3,0,0,0,accounting,medium
2443,0.54,0.77,4,271,3,0,0,0,support,medium
2444,0.91,0.56,4,158,3,0,0,0,technical,medium
2445,0.77,0.83,4,231,2,0,0,0,management,medium
2446,0.61,0.51,3,156,3,1,0,0,marketing,medium
2447,0.48,0.9,4,201,4,0,0,0,marketing,medium
2448,0.25,0.69,3,187,4,0,0,0,marketing,medium
2449,0.91,0.7,3,132,4,0,0,0,sales,medium
2450,0.72,0.58,5,147,3,1,0,0,sales,medium
2451,0.77,0.71,4,223,3,0,0,0,sales,high
2452,0.41,0.4,2,194,2,0,0,0,sales,low
2453,0.51,0.49,4,234,2,0,0,0,sales,medium
2454,0.72,0.79,3,149,3,0,0,0,sales,medium
2455,0.47,0.57,3,162,3,1,0,0,sales,medium
2456,0.53,0.67,4,238,2,0,0,0,sales,medium
2457,0.65,0.52,5,149,3,0,0,0,sales,low
2458,0.18,0.75,4,170,5,0,0,0,sales,low
2459,0.61,0.48,3,250,2,0,0,0,sales,low
2460,0.86,0.72,4,167,2,0,0,0,sales,low
2461,0.14,0.77,4,166,5,0,0,0,sales,low
2462,0.63,0.8,3,205,2,0,0,0,sales,low
2463,0.79,0.57,3,250,3,0,0,0,sales,low
2464,0.78,0.97,4,142,3,0,0,0,sales,low
2465,0.14,0.52,4,217,6,0,0,0,sales,low
2466,0.85,0.54,3,139,3,0,0,0,sales,low
2467,0.85,0.75,4,139,3,0,0,0,sales,low
2468,0.91,0.76,5,152,3,0,0,0,accounting,low
2469,0.76,0.74,3,224,2,0,0,0,accounting,low
2470,0.62,0.72,5,180,3,0,0,0,accounting,low
2471,0.53,0.69,4,216,2,0,0,0,hr,low
2472,0.97,0.63,3,133,3,0,0,0,hr,low
2473,0.48,0.53,4,271,3,0,0,0,hr,low
2474,0.5,0.55,4,148,3,1,0,0,hr,low
2475,0.32,0.42,2,99,4,0,0,0,technical,low
2476,0.58,0.77,4,196,2,1,0,0,technical,low
2477,0.81,0.83,3,196,2,0,0,0,technical,low
2478,0.48,0.84,4,228,3,0,0,0,technical,medium
2479,0.96,0.88,4,165,2,0,0,0,technical,medium
2480,0.56,0.9,3,235,2,0,0,0,technical,medium
2481,0.63,0.96,4,167,2,0,0,0,technical,medium
2482,0.21,0.5,5,255,5,0,0,0,technical,medium
2483,0.94,0.78,3,184,3,1,0,0,technical,medium
2484,0.94,0.89,4,239,3,0,0,0,technical,medium
2485,0.96,0.54,3,153,2,0,0,0,technical,medium
2486,0.49,0.5,4,187,5,1,0,0,support,medium
2487,0.82,0.68,2,285,2,0,0,0,support,medium
2488,0.6,0.5,3,274,3,0,0,0,support,medium
2489,0.76,0.5,3,156,3,1,0,0,support,medium
2490,0.69,0.64,5,265,2,1,0,0,support,high
2491,1.0,0.94,4,144,3,0,0,0,support,low
2492,0.62,0.66,4,143,3,0,0,0,support,medium
2493,0.4,0.99,4,214,6,1,0,0,support,medium
2494,0.94,0.91,3,163,3,0,0,0,support,medium
2495,0.76,0.84,4,236,4,0,0,0,support,medium
2496,0.58,0.69,3,146,4,0,0,0,support,low
2497,0.85,0.78,4,106,2,0,0,0,technical,low
2498,0.45,0.52,2,105,3,0,0,0,technical,low
2499,0.13,0.67,3,181,4,0,0,0,technical,low
2500,0.24,0.5,5,174,4,0,0,0,management,low
2501,0.64,0.69,3,207,2,1,0,0,IT,low
2502,0.63,0.61,6,118,2,0,0,0,IT,low
2503,0.61,0.99,4,251,2,0,0,0,IT,low
2504,0.71,0.99,2,136,3,0,0,0,IT,low
2505,0.9,0.89,5,249,3,1,0,0,IT,low
2506,0.17,0.76,4,171,5,0,0,0,product_mng,low
2507,0.93,0.97,3,256,2,1,0,0,product_mng,low
2508,0.83,0.89,5,141,3,1,0,0,product_mng,low
2509,0.58,0.75,4,186,2,0,0,0,product_mng,low
2510,0.76,0.5,3,258,3,0,0,0,IT,low
2511,0.5,0.78,3,228,2,0,0,0,RandD,low
2512,0.22,0.81,5,205,4,0,0,0,RandD,low
2513,0.9,0.88,4,174,3,0,0,0,RandD,low
2514,0.7,0.63,3,155,4,1,0,0,RandD,low
2515,0.73,0.85,5,245,3,0,0,0,RandD,low
2516,0.84,0.87,3,271,3,0,0,0,marketing,low
2517,0.55,0.63,5,184,4,0,0,0,marketing,medium
2518,0.63,0.98,4,175,2,0,0,0,sales,medium
2519,0.51,0.92,3,224,3,0,0,0,accounting,medium
2520,0.81,0.76,4,177,3,0,0,0,support,medium
2521,0.8,0.96,4,268,3,0,0,0,technical,medium
2522,0.99,0.97,4,208,3,0,0,0,management,medium
2523,0.9,0.87,5,219,2,0,0,0,marketing,medium
2524,0.65,0.67,5,128,5,0,0,0,marketing,medium
2525,0.75,0.75,3,273,3,0,0,0,marketing,medium
2526,0.62,0.49,4,218,4,0,0,0,sales,medium
2527,0.61,0.63,5,230,3,0,0,0,sales,medium
2528,0.24,0.6,4,195,5,0,0,0,sales,medium
2529,0.71,0.63,3,254,3,1,0,0,sales,high
2530,0.49,0.8,2,275,2,0,0,0,sales,low
2531,0.44,0.66,3,162,2,0,0,0,sales,medium
2532,0.75,0.87,4,193,3,0,0,0,sales,medium
2533,0.74,0.84,3,239,4,0,0,0,sales,medium
2534,0.62,0.87,5,149,3,0,0,0,sales,medium
2535,0.51,0.58,3,155,3,0,0,0,sales,low
2536,0.61,0.59,5,271,2,0,0,0,sales,low
2537,0.56,0.49,5,163,3,0,0,0,sales,low
2538,0.79,0.76,3,160,3,0,0,0,sales,low
2539,0.68,0.75,6,274,5,0,0,0,sales,low
2540,0.9,0.84,2,199,3,0,0,0,sales,low
2541,0.83,0.93,5,241,3,0,0,0,sales,low
2542,0.94,0.82,3,187,3,0,0,0,sales,low
2543,0.21,0.65,5,223,3,1,0,0,sales,low
2544,0.58,0.87,3,268,2,0,0,0,sales,low
2545,0.52,0.38,6,169,3,0,0,0,accounting,low
2546,0.18,0.67,5,285,5,0,0,0,accounting,low
2547,0.94,0.91,5,254,3,0,0,0,accounting,low
2548,0.69,0.5,3,208,4,0,0,0,hr,low
2549,0.65,0.83,4,218,3,0,0,0,hr,low
2550,0.46,0.62,2,187,3,0,0,0,hr,low
2551,0.72,0.62,4,256,3,0,0,0,hr,low
2552,0.3,0.37,6,278,3,0,0,0,technical,low
2553,0.51,0.51,4,204,2,0,0,0,technical,low
2554,0.43,0.75,3,108,2,0,0,0,technical,low
2555,0.56,0.94,3,226,2,0,0,0,technical,low
2556,0.63,0.91,4,246,3,0,0,0,technical,medium
2557,0.61,0.55,5,260,3,0,0,0,technical,medium
2558,0.53,0.73,4,248,2,0,0,0,technical,medium
2559,0.87,0.75,3,132,3,0,0,0,technical,medium
2560,0.68,0.7,4,185,4,0,0,0,technical,medium
2561,0.78,0.84,3,269,2,0,0,0,technical,medium
2562,0.49,0.95,4,156,2,0,0,0,technical,medium
2563,0.96,0.81,3,212,3,0,0,0,support,medium
2564,0.83,0.74,3,221,2,0,0,0,support,medium
2565,0.48,0.67,5,273,3,0,0,0,support,medium
2566,0.63,0.86,4,271,3,1,0,0,support,medium
2567,0.87,0.38,4,183,5,0,0,0,support,medium
2568,0.21,0.9,4,271,6,0,0,0,support,high
2569,0.79,0.58,5,165,3,0,0,0,support,low
2570,0.8,0.96,3,257,5,0,0,0,support,medium
2571,0.78,0.82,4,143,3,0,0,0,support,medium
2572,0.67,0.65,5,156,2,0,0,0,support,medium
2573,0.67,0.71,3,190,3,1,0,0,support,medium
2574,0.26,0.67,2,242,6,0,0,0,technical,low
2575,0.89,0.83,5,267,4,0,0,0,technical,low
2576,0.7,0.53,4,152,3,0,0,0,technical,low
2577,0.51,0.48,5,136,4,0,0,0,management,low
2578,0.53,0.88,3,157,3,0,0,0,IT,low
2579,0.76,0.51,4,281,3,0,0,0,IT,low
2580,0.86,0.93,5,208,2,0,0,0,IT,low
2581,0.63,0.96,5,152,3,0,0,0,IT,low
2582,0.58,0.86,5,271,3,0,0,0,IT,low
2583,0.58,0.83,4,163,3,1,0,0,product_mng,low
2584,0.9,0.82,4,136,3,0,0,0,product_mng,low
2585,0.79,0.57,4,233,2,0,0,0,product_mng,low
2586,0.8,0.74,4,221,4,0,0,0,product_mng,low
2587,0.53,0.65,2,189,2,1,0,0,IT,low
2588,0.52,0.84,2,226,3,0,0,0,RandD,low
2589,0.82,0.59,5,201,3,0,0,0,RandD,low
2590,0.68,0.9,2,133,4,0,0,0,RandD,low
2591,0.21,0.61,3,173,2,0,0,0,RandD,low
2592,0.81,0.5,4,152,3,1,0,0,RandD,low
2593,0.57,0.9,3,256,4,0,0,0,RandD,low
2594,0.99,0.72,3,119,2,1,0,0,marketing,low
2595,0.9,1.0,4,207,3,0,0,0,sales,medium
2596,0.76,0.64,3,189,3,0,0,0,accounting,medium
2597,0.56,0.92,4,172,2,0,0,0,support,medium
2598,0.5,0.93,6,150,3,1,0,0,technical,medium
2599,0.48,0.89,5,179,3,0,0,0,management,medium
2600,0.99,0.97,3,257,2,0,0,0,marketing,medium
2601,0.76,0.8,5,229,2,0,0,0,marketing,medium
2602,0.93,0.97,4,227,3,0,0,0,marketing,medium
2603,0.99,0.78,4,140,3,0,0,0,sales,medium
2604,0.85,0.78,4,251,3,0,0,0,sales,medium
2605,0.63,0.95,4,137,3,0,0,0,sales,medium
2606,0.63,0.78,3,153,3,1,0,0,sales,medium
2607,0.5,0.65,5,242,3,0,0,0,sales,high
2608,0.52,0.57,3,150,3,0,0,0,sales,low
2609,0.63,0.99,3,247,3,0,0,0,sales,medium
2610,0.78,0.5,4,212,2,0,0,0,sales,medium
2611,0.98,0.53,3,234,3,0,0,0,sales,medium
2612,0.14,1.0,5,174,5,0,0,0,sales,medium
2613,0.7,0.9,3,225,2,0,0,0,sales,low
2614,0.88,0.6,4,224,2,0,0,0,sales,low
2615,0.72,0.62,3,270,4,0,0,0,sales,low
2616,0.88,0.51,4,139,3,0,0,0,sales,low
2617,0.71,0.51,3,248,4,0,0,0,sales,low
2618,0.6,0.85,3,172,2,0,0,0,sales,low
2619,0.88,0.86,4,224,3,1,0,0,sales,low
2620,0.55,0.72,5,232,4,0,0,0,sales,low
2621,0.85,0.55,4,260,2,1,0,0,sales,low
2622,0.84,0.51,2,117,4,0,0,0,accounting,low
2623,0.91,0.61,4,243,2,1,0,0,accounting,low
2624,0.82,0.62,4,202,2,0,0,0,accounting,low
2625,0.6,0.91,2,168,4,0,0,0,hr,low
2626,0.89,0.71,5,194,3,0,0,0,hr,low
2627,0.6,0.97,4,219,4,1,0,0,hr,low
2628,0.64,0.52,4,207,3,0,0,0,hr,low
2629,0.93,0.88,4,177,3,0,0,0,technical,low
2630,0.81,0.99,3,239,2,1,0,0,technical,low
2631,0.31,0.49,4,165,3,1,0,0,technical,low
2632,0.68,0.69,4,225,2,0,0,0,technical,low
2633,0.78,0.59,3,212,2,0,0,0,technical,low
2634,0.44,0.42,4,159,4,0,0,0,technical,medium
2635,0.64,0.93,4,233,2,1,0,0,technical,medium
2636,0.81,0.63,4,108,6,0,0,0,technical,medium
2637,0.5,0.49,3,214,3,0,0,0,technical,medium
2638,0.69,0.61,5,229,3,0,0,0,technical,medium
2639,0.77,0.75,4,223,3,0,0,0,technical,medium
2640,0.69,0.56,4,178,3,0,0,0,support,medium
2641,0.87,0.68,4,246,2,0,0,0,support,medium
2642,0.85,0.91,4,145,3,0,0,0,support,medium
2643,0.83,0.83,4,224,4,0,0,0,support,medium
2644,0.68,0.51,3,259,3,0,0,0,support,medium
2645,0.78,0.65,4,207,2,0,0,0,support,medium
2646,0.78,0.89,3,253,3,0,0,0,support,high
2647,0.93,0.68,4,196,2,1,0,0,support,low
2648,0.54,0.75,3,240,3,0,0,0,support,medium
2649,0.76,0.56,3,255,3,0,0,0,support,medium
2650,0.4,0.72,3,139,2,0,0,0,support,medium
2651,0.73,0.81,3,168,2,0,0,0,technical,medium
2652,0.86,0.98,5,233,3,0,0,0,technical,low
2653,0.38,0.68,5,211,6,0,0,0,technical,low
2654,0.71,0.48,5,114,3,0,0,0,management,low
2655,0.58,0.97,5,202,2,0,0,0,IT,low
2656,0.67,0.59,3,177,3,1,0,0,IT,low
2657,0.55,0.76,4,233,4,0,0,0,IT,low
2658,0.76,0.98,2,111,2,0,0,0,IT,low
2659,0.7,0.82,3,178,3,0,0,0,IT,low
2660,0.66,0.46,4,204,4,0,0,0,product_mng,low
2661,0.96,0.72,3,272,3,0,0,0,product_mng,low
2662,0.6,0.77,4,157,4,0,0,0,product_mng,low
2663,0.54,0.94,5,229,3,1,0,0,product_mng,low
2664,0.85,0.9,5,202,3,0,0,0,IT,low
2665,0.96,0.84,3,264,3,0,0,0,RandD,low
2666,0.86,0.62,3,256,3,1,0,0,RandD,low
2667,0.53,0.87,3,151,2,0,0,0,RandD,low
2668,0.91,0.95,3,251,3,0,0,0,RandD,low
2669,0.33,0.7,5,271,4,0,0,0,RandD,low
2670,0.75,0.73,4,274,2,0,0,0,RandD,low
2671,0.97,0.8,3,169,3,0,0,0,marketing,low
2672,0.68,0.51,4,176,4,1,0,0,sales,low
2673,0.68,0.7,5,168,2,0,0,0,accounting,medium
2674,0.57,0.87,4,171,2,0,0,0,support,medium
2675,0.87,0.9,4,214,3,0,0,0,technical,medium
2676,0.5,0.91,5,224,2,1,0,0,management,medium
2677,0.76,0.59,3,191,4,0,0,0,marketing,medium
2678,0.79,0.61,5,96,4,0,0,0,marketing,medium
2679,0.17,0.9,6,217,6,1,0,0,marketing,medium
2680,0.6,0.62,4,135,2,1,0,0,sales,medium
2681,0.89,0.67,3,226,3,0,0,0,sales,medium
2682,0.69,0.87,3,202,2,0,0,0,sales,medium
2683,0.68,0.85,2,180,6,0,0,0,sales,medium
2684,0.61,0.87,5,174,4,0,0,0,sales,medium
2685,0.63,0.5,3,140,2,0,0,0,sales,high
2686,0.5,0.96,4,147,3,0,0,0,sales,low
2687,0.49,0.74,2,263,3,1,0,0,sales,medium
2688,0.83,0.55,5,261,5,0,0,0,sales,medium
2689,0.59,0.71,2,176,2,1,0,0,sales,medium
2690,0.75,0.93,2,98,5,0,0,0,sales,medium
2691,0.66,0.48,3,192,3,1,0,0,sales,low
2692,0.68,0.51,4,157,3,0,0,0,sales,low
2693,0.73,0.58,5,230,3,0,0,0,sales,low
2694,0.98,0.53,4,192,2,1,0,0,sales,low
2695,0.86,0.65,3,161,3,0,0,0,sales,low
2696,0.5,0.55,3,176,3,0,0,0,sales,low
2697,0.76,0.76,3,216,3,0,0,0,sales,low
2698,0.3,0.47,4,176,2,0,0,0,sales,low
2699,0.3,0.86,3,276,5,1,0,0,accounting,low
2700,0.64,0.59,3,174,3,1,0,0,accounting,low
2701,0.59,0.75,3,106,2,0,0,0,accounting,low
2702,0.85,0.63,4,154,3,0,0,0,hr,low
2703,0.76,0.93,3,271,5,0,0,0,hr,low
2704,0.63,0.5,5,246,2,0,0,0,hr,low
2705,0.65,0.86,4,264,2,1,0,0,hr,low
2706,0.43,0.68,3,197,2,0,0,0,technical,low
2707,0.83,0.56,4,165,2,0,0,0,technical,low
2708,0.49,0.77,4,218,2,0,0,0,technical,low
2709,0.67,0.73,3,203,2,0,0,0,technical,low
2710,0.9,0.47,2,107,6,1,0,0,technical,low
2711,0.83,0.96,3,179,2,0,0,0,technical,low
2712,0.92,0.84,5,264,3,0,0,0,technical,medium
2713,0.83,0.7,5,154,3,0,0,0,technical,medium
2714,0.64,0.55,4,167,3,1,0,0,technical,medium
2715,0.93,0.97,4,158,3,1,0,0,technical,medium
2716,0.6,0.87,4,227,3,1,0,0,technical,medium
2717,0.74,0.69,3,230,2,0,0,0,support,medium
2718,0.56,0.75,5,143,5,0,0,0,support,medium
2719,0.61,0.77,4,142,3,0,0,0,support,medium
2720,0.63,0.62,4,184,4,0,0,0,support,medium
2721,0.24,0.62,5,169,4,0,0,0,support,medium
2722,0.17,0.56,5,218,4,1,0,0,support,medium
2723,0.46,0.64,2,121,3,0,0,0,support,medium
2724,0.68,0.48,4,251,4,0,0,0,support,high
2725,0.68,0.6,2,192,6,0,0,0,support,low
2726,0.16,0.71,6,227,5,0,0,0,support,medium
2727,0.15,0.56,6,140,5,0,0,0,support,medium
2728,0.55,0.49,3,152,2,0,0,0,technical,medium
2729,0.72,0.66,4,202,4,0,0,0,technical,medium
2730,0.91,0.89,2,219,4,0,0,0,technical,low
2731,0.3,0.91,4,248,4,0,0,0,management,low
2732,0.56,0.68,5,203,2,0,0,0,IT,low
2733,0.94,0.94,3,255,3,0,0,0,IT,low
2734,0.82,0.63,5,177,3,0,0,0,IT,low
2735,0.66,0.86,5,185,3,0,0,0,IT,low
2736,0.74,0.64,4,101,6,1,0,0,IT,low
2737,0.63,0.5,3,246,3,0,0,0,product_mng,low
2738,0.65,0.42,6,220,2,0,0,0,product_mng,low
2739,0.56,0.81,3,145,2,0,0,0,product_mng,low
2740,0.32,0.73,6,194,5,0,0,0,product_mng,low
2741,0.8,0.9,4,241,2,0,0,0,IT,low
2742,0.34,0.87,6,175,4,0,0,0,RandD,low
2743,0.62,0.71,5,149,2,0,0,0,RandD,low
2744,0.5,0.86,3,253,2,0,0,0,RandD,low
2745,0.58,0.98,5,218,3,0,0,0,RandD,low
2746,0.94,0.9,2,263,3,0,0,0,RandD,low
2747,0.67,0.99,4,247,3,1,0,0,RandD,low
2748,0.2,0.74,6,148,4,0,0,0,marketing,low
2749,0.91,0.59,5,162,2,0,0,0,sales,low
2750,0.91,0.67,2,255,4,0,0,0,accounting,low
2751,0.78,0.87,3,191,3,1,0,0,support,medium
2752,0.82,0.55,3,217,4,1,0,0,technical,medium
2753,0.54,0.96,3,201,3,0,0,0,management,medium
2754,0.53,0.81,3,253,3,0,0,0,marketing,medium
2755,0.47,0.55,4,122,5,1,0,0,marketing,medium
2756,0.87,0.5,3,269,3,0,0,0,marketing,medium
2757,0.5,0.68,4,161,3,0,0,0,sales,medium
2758,0.59,0.83,3,156,2,0,0,0,sales,medium
2759,0.89,0.69,3,173,3,0,0,0,sales,medium
2760,0.54,0.49,4,152,3,1,0,0,sales,medium
2761,0.62,0.85,3,145,3,0,0,0,sales,medium
2762,0.91,0.85,3,248,3,0,0,0,sales,medium
2763,0.84,0.99,2,184,2,0,0,0,sales,high
2764,0.69,0.65,4,232,2,1,0,0,sales,low
2765,0.76,0.63,3,162,2,0,0,0,sales,medium
2766,0.8,0.54,4,269,3,0,0,0,sales,medium
2767,0.4,0.47,5,108,3,0,0,0,sales,medium
2768,0.8,0.99,3,248,3,1,0,0,sales,medium
2769,0.76,0.4,2,122,5,0,0,0,sales,low
2770,0.55,0.9,4,273,2,1,0,0,sales,low
2771,0.98,0.63,3,285,6,0,0,0,sales,low
2772,0.54,0.56,4,227,3,0,0,0,sales,low
2773,0.63,0.56,4,248,2,1,0,0,sales,low
2774,0.88,0.63,3,257,3,0,0,0,sales,low
2775,0.5,0.95,5,194,3,0,0,0,sales,low
2776,0.52,0.72,3,253,3,0,0,0,accounting,low
2777,0.89,0.95,4,141,3,0,0,0,accounting,low
2778,0.55,0.9,4,199,3,0,0,0,accounting,low
2779,0.51,0.81,3,143,2,0,0,0,hr,low
2780,0.35,0.52,5,244,3,0,0,0,hr,low
2781,0.54,0.71,5,173,2,0,0,0,hr,low
2782,0.72,0.84,4,186,3,0,0,0,hr,low
2783,0.61,0.93,2,247,3,0,0,0,technical,low
2784,0.17,0.93,3,218,4,0,0,0,technical,low
2785,0.71,0.88,3,140,2,0,0,0,technical,low
2786,0.88,0.52,4,166,2,0,0,0,technical,low
2787,0.48,1.0,3,216,2,0,0,0,technical,low
2788,0.16,0.97,6,235,3,0,0,0,technical,low
2789,0.62,0.72,3,188,3,0,0,0,technical,low
2790,0.59,0.47,3,143,2,0,0,0,technical,medium
2791,0.14,0.9,4,198,4,0,0,0,technical,medium
2792,0.96,0.92,4,148,3,0,0,0,technical,medium
2793,0.96,0.42,6,101,4,0,0,0,technical,medium
2794,0.13,0.89,4,249,6,1,0,0,support,medium
2795,0.64,0.61,5,249,3,1,0,0,support,medium
2796,0.64,0.67,5,198,2,1,0,0,support,medium
2797,0.57,0.72,3,202,3,1,0,0,support,medium
2798,0.49,1.0,3,176,3,0,0,0,support,medium
2799,0.89,0.79,4,133,2,0,0,0,support,medium
2800,0.94,0.75,5,238,2,0,0,0,support,medium
2801,0.51,0.58,2,181,4,0,0,0,support,medium
2802,0.8,0.85,5,242,3,0,0,0,support,high
2803,0.74,0.51,4,185,2,1,0,0,support,low
2804,0.66,0.85,4,237,3,1,0,0,support,medium
2805,0.66,0.99,5,244,3,0,0,0,technical,medium
2806,0.59,0.62,3,178,4,0,0,0,technical,medium
2807,0.91,0.57,3,164,3,0,0,0,technical,medium
2808,0.83,0.98,5,189,4,1,0,0,management,low
2809,0.5,0.91,3,212,2,0,0,0,IT,low
2810,0.69,0.97,4,233,3,0,0,0,IT,low
2811,0.87,0.91,5,268,3,0,0,0,IT,low
2812,0.37,0.43,2,155,2,0,0,0,IT,low
2813,0.9,0.98,4,257,3,0,0,0,IT,low
2814,0.68,0.41,4,254,5,0,0,0,product_mng,low
2815,0.93,0.63,4,143,3,1,0,0,product_mng,low
2816,0.95,0.45,3,225,2,0,0,0,product_mng,low
2817,0.99,1.0,4,223,2,1,0,0,product_mng,low
2818,0.64,0.9,2,101,6,0,0,0,IT,low
2819,0.96,0.37,2,159,6,0,0,0,RandD,low
2820,0.92,0.54,5,141,2,0,0,0,RandD,low
2821,0.22,0.52,5,147,5,1,0,0,RandD,low
2822,0.82,0.99,5,252,3,1,0,0,RandD,low
2823,0.75,0.89,3,196,3,0,0,0,RandD,low
2824,0.2,0.89,6,244,3,0,0,0,RandD,low
2825,0.64,0.73,3,142,3,0,0,0,marketing,low
2826,0.62,0.9,4,155,4,0,0,0,sales,low
2827,0.73,0.59,3,219,2,0,0,0,accounting,low
2828,0.52,0.51,3,213,4,0,0,0,support,low
2829,0.63,0.67,5,263,3,0,0,0,technical,medium
2830,0.84,0.92,4,274,3,0,0,0,management,medium
2831,0.49,0.96,3,140,3,0,0,0,marketing,medium
2832,0.54,0.78,4,176,2,0,0,0,marketing,medium
2833,0.52,0.78,4,206,2,0,0,0,marketing,medium
2834,0.66,0.63,6,223,6,0,0,0,sales,medium
2835,0.73,0.41,2,231,6,1,0,0,sales,medium
2836,0.54,0.64,3,250,3,0,0,0,sales,medium
2837,0.72,0.68,5,266,4,0,0,0,sales,medium
2838,0.75,0.64,4,247,3,1,0,0,sales,medium
2839,0.77,0.57,3,189,2,0,0,0,sales,medium
2840,0.42,0.94,5,227,5,0,0,0,sales,medium
2841,0.13,0.69,4,127,4,0,0,0,sales,high
2842,0.73,0.88,5,204,5,0,0,0,sales,low
2843,0.5,0.95,5,137,3,0,0,0,sales,medium
2844,0.92,0.62,4,265,3,1,0,0,sales,medium
2845,0.73,0.66,3,135,2,0,0,0,sales,medium
2846,0.74,0.38,2,126,3,0,0,0,sales,medium
2847,0.76,0.78,3,189,2,0,0,0,sales,low
2848,0.53,0.92,3,207,4,1,0,0,sales,low
2849,0.65,0.72,3,134,3,0,0,0,sales,low
2850,0.91,0.85,4,203,2,0,0,0,sales,low
2851,0.69,0.76,5,222,3,1,0,0,sales,low
2852,0.56,0.66,3,232,2,0,0,0,sales,low
2853,0.55,0.81,4,267,5,0,0,0,accounting,low
2854,0.74,0.5,5,131,3,0,0,0,accounting,low
2855,0.86,0.86,3,155,4,0,0,0,accounting,low
2856,0.82,0.74,3,232,3,0,0,0,hr,low
2857,0.35,0.8,3,137,5,0,0,0,hr,low
2858,0.93,0.99,4,136,4,0,0,0,hr,low
2859,0.55,0.77,3,237,2,0,0,0,hr,low
2860,0.99,0.68,4,190,3,0,0,0,technical,low
2861,0.91,0.89,4,144,3,1,0,0,technical,low
2862,0.24,0.65,6,194,3,0,0,0,technical,low
2863,0.77,0.67,3,186,2,0,0,0,technical,low
2864,0.64,0.66,3,218,3,0,0,0,technical,low
2865,0.58,0.76,5,260,2,1,0,0,technical,low
2866,0.65,0.99,4,200,4,0,0,0,technical,low
2867,0.44,0.68,3,140,3,0,0,0,technical,low
2868,0.59,0.75,2,156,3,0,0,0,technical,medium
2869,0.99,0.56,3,193,3,1,0,0,technical,medium
2870,0.75,0.79,4,145,3,0,0,0,technical,medium
2871,0.77,0.49,4,217,2,0,0,0,support,medium
2872,0.85,0.64,4,162,3,0,0,0,support,medium
2873,0.77,0.93,5,182,4,0,0,0,support,medium
2874,0.54,0.95,3,221,3,0,0,0,support,medium
2875,0.69,0.82,4,208,2,0,0,0,support,medium
2876,0.66,0.65,5,161,3,0,0,0,support,medium
2877,0.51,0.65,4,269,3,0,0,0,support,medium
2878,0.74,0.59,4,155,3,0,0,0,support,medium
2879,0.55,0.72,3,110,3,0,0,0,support,medium
2880,0.65,0.84,3,154,3,0,0,0,support,high
2881,0.2,0.77,6,213,4,0,0,0,support,low
2882,0.92,0.94,5,248,3,0,0,0,technical,medium
2883,0.57,0.6,3,202,3,0,0,0,technical,medium
2884,0.75,0.78,2,251,6,0,0,0,technical,medium
2885,0.68,0.84,3,239,2,0,0,0,management,medium
2886,0.97,0.7,3,203,3,0,0,0,IT,low
2887,0.79,0.48,4,184,5,1,0,0,IT,low
2888,0.66,0.75,4,203,3,1,0,0,IT,low
2889,0.96,0.69,3,214,2,1,0,0,IT,low
2890,0.73,0.69,4,161,3,0,0,0,IT,low
2891,0.29,0.58,5,234,2,0,0,0,product_mng,low
2892,0.58,0.56,3,151,2,0,0,0,product_mng,low
2893,0.72,0.58,4,149,3,0,0,0,product_mng,low
2894,0.94,0.87,4,240,3,0,0,0,product_mng,low
2895,0.48,0.56,5,140,2,0,0,0,IT,low
2896,0.6,0.99,3,187,2,0,0,0,RandD,low
2897,0.97,0.58,5,156,2,1,0,0,RandD,low
2898,0.74,0.41,4,250,4,0,0,0,RandD,low
2899,0.97,0.61,3,165,2,0,0,0,RandD,low
2900,0.88,0.67,5,260,3,1,0,0,RandD,low
2901,0.5,0.7,3,274,3,0,0,0,marketing,low
2902,0.93,0.98,4,160,3,0,0,0,sales,low
2903,0.3,0.7,5,280,4,1,0,0,accounting,low
2904,0.69,0.53,3,142,3,0,0,0,support,low
2905,0.69,0.9,2,155,2,0,0,0,technical,low
2906,0.53,0.67,4,167,2,0,0,0,management,low
2907,0.32,0.8,3,263,3,0,0,0,marketing,medium
2908,0.73,0.75,3,259,4,0,0,0,marketing,medium
2909,0.77,0.61,4,223,3,0,0,0,marketing,medium
2910,0.59,0.81,6,123,5,0,0,0,sales,medium
2911,0.19,0.51,5,226,3,0,0,0,sales,medium
2912,0.78,0.95,3,270,2,0,0,0,sales,medium
2913,0.84,0.74,3,139,3,0,0,0,sales,medium
2914,0.65,0.77,5,241,2,0,0,0,sales,medium
2915,0.38,0.43,2,160,6,0,0,0,sales,medium
2916,0.12,0.47,3,258,5,0,0,0,sales,medium
2917,0.74,0.81,5,106,5,0,0,0,sales,medium
2918,0.67,0.82,4,171,2,0,0,0,sales,medium
2919,0.5,0.79,3,186,3,0,0,0,sales,high
2920,0.99,0.39,6,214,5,1,0,0,sales,low
2921,0.79,0.89,4,240,3,0,0,0,sales,medium
2922,0.72,0.51,4,164,3,0,0,0,sales,medium
2923,0.83,0.57,4,232,3,0,0,0,sales,medium
2924,0.69,0.55,5,242,2,0,0,0,sales,medium
2925,0.5,0.89,5,222,3,0,0,0,sales,low
2926,0.82,0.84,3,139,2,1,0,0,sales,low
2927,0.68,0.56,4,272,3,0,0,0,sales,low
2928,0.82,0.69,4,262,2,0,0,0,sales,low
2929,0.32,0.81,2,249,3,0,0,0,accounting,low
2930,0.93,0.86,4,219,3,0,0,0,accounting,low
2931,0.42,0.73,4,208,5,0,0,0,accounting,low
2932,0.22,0.44,3,166,6,0,0,0,hr,low
2933,0.56,0.88,3,174,3,0,0,0,hr,low
2934,0.77,0.75,4,225,3,0,0,0,hr,low
2935,0.29,0.48,2,116,6,1,0,0,hr,low
2936,0.97,0.65,3,219,2,0,0,0,technical,low
2937,0.91,0.7,4,196,2,0,0,0,technical,low
2938,0.52,0.67,4,210,3,1,0,0,technical,low
2939,0.54,0.64,2,219,3,0,0,0,technical,low
2940,0.54,0.98,3,197,3,0,0,0,technical,low
2941,0.67,0.52,2,102,6,0,0,0,technical,low
2942,0.72,0.85,3,186,4,0,0,0,technical,low
2943,0.68,0.51,4,224,2,0,0,0,technical,low
2944,0.65,0.98,3,283,2,1,0,0,technical,low
2945,0.72,0.98,5,197,4,0,0,0,technical,low
2946,0.51,0.79,5,267,3,0,0,0,technical,medium
2947,0.8,0.58,4,172,3,0,0,0,support,medium
2948,0.83,0.93,4,261,2,0,0,0,support,medium
2949,0.15,0.86,3,204,4,0,0,0,support,medium
2950,0.5,0.73,4,237,2,0,0,0,support,medium
2951,0.8,0.55,2,212,3,0,0,0,support,medium
2952,0.96,0.62,4,217,2,0,0,0,support,medium
2953,0.67,0.7,5,159,3,1,0,0,support,medium
2954,0.98,0.96,5,139,3,0,0,0,support,medium
2955,0.88,0.59,5,230,3,0,0,0,support,medium
2956,0.85,0.79,3,157,4,0,0,0,support,medium
2957,0.75,0.7,5,269,3,0,0,0,support,medium
2958,0.38,0.77,2,170,3,0,0,0,technical,high
2959,0.55,0.82,2,197,4,0,0,0,technical,low
2960,0.63,0.89,4,246,3,0,0,0,technical,medium
2961,0.78,0.51,4,278,3,0,0,0,management,medium
2962,0.99,0.84,5,138,2,0,0,0,IT,medium
2963,0.72,0.87,3,238,3,0,0,0,IT,medium
2964,0.14,0.83,5,175,6,1,0,0,IT,low
2965,0.81,0.67,4,216,3,0,0,0,IT,low
2966,0.73,0.86,4,196,4,1,0,0,IT,low
2967,0.58,0.8,5,187,3,1,0,0,product_mng,low
2968,0.24,0.85,4,155,5,0,0,0,product_mng,low
2969,0.31,0.86,3,205,5,0,0,0,product_mng,low
2970,0.74,0.63,3,230,2,0,0,0,product_mng,low
2971,0.86,0.69,5,157,3,0,0,0,IT,low
2972,0.22,0.8,4,287,4,0,0,0,RandD,low
2973,0.66,0.7,4,161,3,0,0,0,RandD,low
2974,0.21,0.76,5,239,2,0,0,0,RandD,low
2975,0.95,0.61,3,267,2,0,0,0,RandD,low
2976,0.24,0.55,5,208,5,0,0,0,RandD,low
2977,0.66,0.95,3,133,3,0,0,0,marketing,low
2978,0.88,0.86,3,187,3,0,0,0,marketing,low
2979,0.67,0.61,4,140,2,0,0,0,sales,low
2980,0.75,0.58,4,270,3,0,0,0,accounting,low
2981,0.93,0.48,3,147,3,0,0,0,support,low
2982,0.64,0.71,3,181,2,0,0,0,technical,low
2983,0.51,0.53,3,156,3,0,0,0,management,low
2984,0.98,0.5,4,207,3,0,0,0,marketing,low
2985,0.72,0.63,4,241,4,1,0,0,marketing,medium
2986,0.51,0.75,4,154,3,0,0,0,marketing,medium
2987,0.54,0.58,4,206,3,0,0,0,sales,medium
2988,0.99,0.76,4,204,2,0,0,0,sales,medium
2989,0.44,0.9,4,117,3,0,0,0,sales,medium
2990,0.74,0.48,5,144,3,0,0,0,sales,medium
2991,0.9,0.77,3,156,3,0,0,0,sales,medium
2992,0.86,0.58,4,211,4,0,0,0,sales,medium
2993,0.66,0.52,3,149,4,1,0,0,sales,medium
2994,0.64,0.96,4,152,5,0,0,0,sales,medium
2995,0.5,0.59,4,192,2,0,0,0,sales,medium
2996,0.88,0.68,4,274,4,0,0,0,sales,medium
2997,0.72,0.47,5,168,6,0,0,0,sales,high
2998,0.53,0.53,4,205,3,0,0,0,sales,low
2999,0.83,0.77,3,228,3,0,0,0,sales,medium
3000,0.24,0.52,4,228,5,0,0,0,sales,medium
3001,0.66,0.75,5,227,3,1,0,0,sales,medium
3002,0.43,0.63,3,156,3,0,0,0,sales,medium
3003,0.75,0.66,5,177,2,0,0,0,sales,low
3004,0.42,0.89,6,188,5,1,0,0,sales,low
3005,0.54,0.74,3,185,4,0,0,0,sales,low
3006,0.84,0.85,3,153,4,0,0,0,accounting,low
3007,0.95,0.79,4,174,3,0,0,0,accounting,low
3008,0.6,0.61,4,209,3,0,0,0,accounting,low
3009,0.95,0.71,3,251,2,1,0,0,hr,low
3010,0.62,0.89,3,153,3,1,0,0,hr,low
3011,0.89,0.73,3,210,2,0,0,0,hr,low
3012,0.73,0.93,5,167,3,0,0,0,hr,low
3013,0.86,0.94,3,151,2,0,0,0,technical,low
3014,0.76,0.73,3,158,2,0,0,0,technical,low
3015,0.91,0.76,3,116,5,0,0,0,technical,low
3016,1.0,0.81,5,178,2,0,0,0,technical,low
3017,0.98,0.78,4,155,3,1,0,0,technical,low
3018,0.65,0.89,3,151,2,0,0,0,technical,low
3019,0.62,0.79,4,216,2,1,0,0,technical,low
3020,0.83,0.82,5,179,3,0,0,0,technical,low
3021,0.75,1.0,4,135,4,0,0,0,technical,low
3022,0.82,0.63,4,232,4,0,0,0,technical,low
3023,0.69,0.68,4,168,3,0,0,0,technical,low
3024,0.41,0.96,6,171,5,1,0,0,support,medium
3025,0.52,0.64,5,258,2,0,0,0,support,medium
3026,0.74,0.86,3,221,2,0,0,0,support,medium
3027,0.33,0.96,5,97,3,0,0,0,support,medium
3028,0.8,0.69,3,164,3,0,0,0,support,medium
3029,0.82,0.89,4,237,3,0,0,0,support,medium
3030,0.59,0.65,5,161,2,0,0,0,support,medium
3031,0.98,0.8,4,134,2,1,0,0,support,medium
3032,0.93,0.94,4,188,3,0,0,0,support,medium
3033,0.49,0.95,4,181,3,0,0,0,support,medium
3034,0.6,0.94,4,160,2,0,0,0,support,medium
3035,0.34,0.82,6,197,5,1,0,0,technical,medium
3036,0.71,0.77,3,145,3,0,0,0,technical,high
3037,0.6,0.64,5,221,2,0,0,0,technical,low
3038,0.12,0.78,6,260,5,0,0,0,management,medium
3039,0.16,0.87,3,99,5,1,0,0,IT,medium
3040,0.57,0.61,3,243,3,0,0,0,IT,medium
3041,0.72,0.8,5,244,3,0,0,0,IT,medium
3042,0.91,0.55,4,179,4,0,0,0,IT,low
3043,0.95,0.49,4,146,6,1,0,0,IT,low
3044,0.71,0.9,3,262,2,1,0,0,product_mng,low
3045,0.9,0.69,4,174,2,0,0,0,product_mng,low
3046,0.66,0.81,4,148,4,0,0,0,product_mng,low
3047,0.48,0.59,5,235,3,0,0,0,product_mng,low
3048,0.82,0.82,5,285,2,1,0,0,IT,low
3049,0.83,0.79,4,143,3,0,0,0,RandD,low
3050,0.85,0.82,6,141,5,0,0,0,RandD,low
3051,0.84,0.47,3,125,4,0,0,0,RandD,low
3052,0.99,0.51,4,232,3,0,0,0,RandD,low
3053,0.54,0.72,3,172,2,0,0,0,RandD,low
3054,0.64,0.42,5,283,5,0,0,0,marketing,low
3055,0.67,0.68,3,189,3,0,0,0,sales,low
3056,0.48,0.54,2,144,3,0,0,0,accounting,low
3057,0.58,0.77,4,145,3,1,0,0,support,low
3058,0.54,0.59,3,200,3,0,0,0,technical,low
3059,0.25,0.65,3,264,4,0,0,0,management,low
3060,0.9,0.53,3,215,3,0,0,0,marketing,low
3061,0.48,0.39,4,272,3,0,0,0,marketing,low
3062,0.76,0.9,5,142,3,0,0,0,marketing,low
3063,0.72,0.53,5,240,2,0,0,0,sales,medium
3064,0.95,0.66,4,168,2,0,0,0,sales,medium
3065,0.73,0.55,4,171,4,0,0,0,sales,medium
3066,0.93,0.7,3,159,2,0,0,0,sales,medium
3067,0.89,0.61,3,175,4,0,0,0,sales,medium
3068,0.7,0.97,4,244,3,0,0,0,sales,medium
3069,0.98,0.57,3,198,3,0,0,0,sales,medium
3070,0.72,0.65,5,151,3,0,0,0,sales,medium
3071,0.49,0.69,2,188,4,0,0,0,sales,medium
3072,0.15,0.85,3,199,2,0,0,0,sales,medium
3073,0.57,0.96,4,257,3,0,0,0,sales,medium
3074,0.21,0.81,4,144,4,0,0,0,sales,medium
3075,0.46,0.57,4,275,3,0,0,0,sales,high
3076,0.56,0.52,3,243,3,0,0,0,sales,low
3077,0.81,0.66,3,181,2,1,0,0,sales,medium
3078,0.93,0.59,5,172,3,0,0,0,sales,medium
3079,0.82,0.97,3,244,5,0,0,0,sales,medium
3080,0.76,0.51,4,242,3,0,0,0,sales,medium
3081,0.97,0.81,3,249,2,0,0,0,sales,low
3082,0.38,0.81,5,128,3,1,0,0,accounting,low
3083,0.46,0.49,3,213,3,0,0,0,accounting,low
3084,0.34,0.57,4,152,3,1,0,0,accounting,low
3085,0.63,0.76,4,245,3,0,0,0,hr,low
3086,0.57,0.56,4,113,3,0,0,0,hr,low
3087,0.17,0.76,4,280,5,0,0,0,hr,low
3088,0.74,0.67,3,273,3,1,0,0,hr,low
3089,0.59,0.56,4,221,3,1,0,0,technical,low
3090,0.49,0.61,5,133,3,0,0,0,technical,low
3091,0.49,0.58,3,136,4,1,0,0,technical,low
3092,0.61,0.71,4,243,3,1,0,0,technical,low
3093,0.81,0.79,5,135,3,0,0,0,technical,low
3094,0.74,0.63,3,231,3,0,0,0,technical,low
3095,0.91,0.98,3,259,4,0,0,0,technical,low
3096,0.71,0.66,3,238,2,0,0,0,technical,low
3097,0.73,0.71,3,210,3,0,0,0,technical,low
3098,0.44,0.4,3,120,6,0,0,0,technical,low
3099,0.6,0.56,2,203,4,0,0,0,technical,low
3100,0.73,0.88,4,148,2,0,0,0,support,low
3101,0.8,0.54,4,258,3,0,0,0,support,low
3102,0.97,0.5,3,225,2,0,0,0,support,medium
3103,0.99,0.75,4,208,2,0,0,0,support,medium
3104,0.96,0.82,4,274,3,0,0,0,support,medium
3105,0.24,0.7,5,147,6,1,0,0,support,medium
3106,0.45,0.39,2,167,3,0,0,0,support,medium
3107,0.74,0.96,4,154,4,0,0,0,support,medium
3108,0.6,0.98,4,195,3,0,0,0,support,medium
3109,0.67,0.56,3,237,4,0,0,0,support,medium
3110,0.57,0.99,4,222,2,0,0,0,support,medium
3111,0.87,0.71,5,145,4,0,0,0,technical,medium
3112,0.25,0.83,3,257,5,1,0,0,technical,medium
3113,0.98,0.84,3,286,4,0,0,0,technical,medium
3114,0.3,0.64,2,137,3,0,0,0,management,high
3115,0.21,0.52,5,130,2,0,0,0,IT,low
3116,0.56,0.7,3,214,2,0,0,0,IT,medium
3117,0.75,0.96,3,138,2,0,0,0,IT,medium
3118,0.5,0.77,3,166,3,0,0,0,IT,medium
3119,0.61,0.92,4,159,5,0,0,0,IT,medium
3120,0.83,0.59,5,160,4,0,0,0,product_mng,low
3121,0.66,0.76,3,155,4,1,0,0,product_mng,low
3122,0.84,0.68,3,231,3,0,0,0,product_mng,low
3123,0.87,0.57,4,227,3,0,0,0,product_mng,low
3124,0.48,0.37,3,181,2,0,0,0,IT,low
3125,0.84,0.79,4,222,3,0,0,0,RandD,low
3126,0.49,0.71,3,196,3,0,0,0,RandD,low
3127,0.67,0.93,3,206,3,0,0,0,RandD,low
3128,0.12,0.93,6,257,6,1,0,0,RandD,low
3129,0.99,0.67,5,153,2,0,0,0,RandD,low
3130,0.17,0.59,5,250,5,0,0,0,marketing,low
3131,0.58,0.66,3,250,5,0,0,0,sales,low
3132,0.5,0.73,3,148,3,0,0,0,accounting,low
3133,0.35,0.69,3,141,2,1,0,0,support,low
3134,0.93,0.95,6,147,3,0,0,0,technical,low
3135,0.73,0.87,3,142,3,0,0,0,management,low
3136,0.91,0.54,3,210,2,0,0,0,marketing,low
3137,0.72,0.66,3,152,2,0,0,0,marketing,low
3138,0.51,0.39,3,149,3,0,0,0,marketing,low
3139,0.55,0.92,3,198,3,0,0,0,sales,low
3140,0.66,0.76,3,139,5,0,0,0,sales,low
3141,0.84,0.41,6,255,6,1,0,0,sales,medium
3142,0.81,0.8,4,229,2,0,0,0,sales,medium
3143,0.81,0.69,5,134,2,0,0,0,sales,medium
3144,0.5,0.75,5,255,3,0,0,0,sales,medium
3145,0.78,0.68,5,189,3,0,0,0,sales,medium
3146,0.76,0.74,3,183,3,0,0,0,sales,medium
3147,0.49,0.71,3,154,2,0,0,0,sales,medium
3148,0.99,0.61,3,167,3,0,0,0,sales,medium
3149,0.73,0.48,4,139,5,0,0,0,sales,medium
3150,0.88,0.74,5,245,2,0,0,0,sales,medium
3151,0.79,0.91,4,200,3,0,0,0,sales,medium
3152,0.83,0.98,3,159,2,0,0,0,sales,medium
3153,0.21,0.44,4,163,6,0,0,0,sales,high
3154,0.87,0.52,3,158,2,1,0,0,sales,low
3155,1.0,0.89,3,194,3,0,0,0,sales,medium
3156,0.49,0.98,3,267,3,1,0,0,sales,medium
3157,0.51,0.63,3,183,2,0,0,0,sales,medium
3158,0.63,0.64,3,174,2,0,0,0,accounting,medium
3159,0.91,0.63,4,240,3,0,0,0,accounting,low
3160,0.54,0.5,2,123,4,1,0,0,accounting,low
3161,1.0,0.59,4,174,3,0,0,0,hr,low
3162,0.64,0.91,5,246,3,0,0,0,hr,low
3163,0.65,0.96,5,173,2,0,0,0,hr,low
3164,0.15,0.93,4,185,5,0,0,0,hr,low
3165,0.81,0.83,4,259,3,1,0,0,technical,low
3166,0.61,0.83,3,112,4,1,0,0,technical,low
3167,0.86,0.55,5,219,2,0,0,0,technical,medium
3168,0.71,0.62,3,258,2,0,0,0,technical,medium
3169,0.72,0.82,5,287,3,0,0,0,technical,medium
3170,0.84,0.37,5,186,2,0,0,0,technical,medium
3171,0.38,0.74,3,159,4,0,0,0,technical,medium
3172,0.75,0.56,4,230,3,0,0,0,technical,medium
3173,0.93,0.77,5,106,5,0,0,0,technical,medium
3174,0.71,0.64,4,189,3,0,0,0,technical,medium
3175,0.75,0.96,3,252,3,0,0,0,technical,medium
3176,0.56,0.68,4,220,2,0,0,0,support,medium
3177,0.57,0.82,5,218,3,0,0,0,support,medium
3178,0.63,0.83,4,145,4,0,0,0,support,medium
3179,0.59,0.91,4,142,3,1,0,0,support,medium
3180,0.77,0.62,3,218,2,0,0,0,support,medium
3181,0.65,0.7,4,157,4,0,0,0,support,medium
3182,0.84,0.49,4,178,3,0,0,0,support,medium
3183,0.9,0.45,4,241,6,0,0,0,support,medium
3184,0.6,0.83,3,230,3,0,0,0,support,medium
3185,0.9,0.74,5,249,3,0,0,0,support,medium
3186,0.94,0.7,5,147,2,0,0,0,support,medium
3187,0.56,0.9,4,115,3,0,0,0,technical,medium
3188,0.95,0.86,5,143,3,0,0,0,technical,medium
3189,0.97,0.85,4,219,3,0,0,0,technical,medium
3190,0.55,0.63,4,218,2,0,0,0,management,medium
3191,0.79,0.6,5,235,2,0,0,0,IT,medium
3192,0.49,0.76,5,237,3,0,0,0,IT,high
3193,0.49,0.58,5,186,2,0,0,0,IT,high
3194,0.57,0.65,5,177,2,0,0,0,IT,high
3195,0.89,0.81,4,228,4,0,0,0,IT,high
3196,0.66,0.59,3,204,3,0,0,0,product_mng,high
3197,0.94,0.77,5,210,3,0,0,0,product_mng,high
3198,0.98,0.95,4,250,2,1,0,0,product_mng,high
3199,0.18,0.52,5,185,6,0,0,0,product_mng,high
3200,0.57,0.73,3,146,3,0,0,0,IT,high
3201,0.67,0.55,3,217,2,0,0,0,RandD,high
3202,0.12,0.61,6,172,6,0,0,0,RandD,high
3203,0.48,0.95,3,184,2,0,0,0,RandD,high
3204,0.61,0.97,3,148,3,0,0,0,RandD,low
3205,0.23,0.52,5,236,4,0,0,0,RandD,low
3206,0.4,0.38,3,280,2,0,0,0,marketing,low
3207,0.57,0.6,3,218,3,0,0,0,sales,low
3208,0.95,0.98,5,155,3,0,0,0,accounting,low
3209,0.93,0.66,4,242,4,0,0,0,support,low
3210,0.7,0.88,3,166,5,0,0,0,technical,low
3211,0.58,0.9,4,175,3,1,0,0,management,low
3212,0.52,0.95,5,234,3,0,0,0,marketing,low
3213,0.98,0.88,5,232,3,0,0,0,marketing,low
3214,0.93,0.94,4,156,3,1,0,0,marketing,low
3215,0.34,0.63,5,248,3,0,0,0,sales,low
3216,0.87,0.75,4,218,2,0,0,0,sales,low
3217,0.52,0.96,5,251,2,1,0,0,sales,low
3218,0.58,0.91,4,173,4,0,0,0,sales,low
3219,0.65,0.51,4,157,3,1,0,0,sales,medium
3220,0.74,0.59,3,274,3,0,0,0,sales,medium
3221,0.63,0.7,5,182,3,0,0,0,sales,medium
3222,0.74,0.74,4,233,2,0,0,0,sales,medium
3223,0.65,1.0,4,249,3,0,0,0,sales,medium
3224,0.48,0.94,3,162,3,1,0,0,sales,medium
3225,0.84,0.75,3,184,3,0,0,0,sales,medium
3226,0.6,0.62,3,135,2,0,0,0,sales,medium
3227,0.56,0.57,3,143,2,0,0,0,sales,medium
3228,0.13,0.8,5,203,5,0,0,0,sales,medium
3229,0.83,0.51,5,143,4,0,0,0,sales,medium
3230,0.91,0.42,2,142,3,1,0,0,sales,medium
3231,0.97,0.97,5,171,2,0,0,0,sales,high
3232,0.9,0.96,3,223,4,0,0,0,sales,high
3233,0.57,0.87,4,148,3,0,0,0,sales,high
3234,0.84,0.79,6,140,2,0,0,0,accounting,high
3235,0.84,0.74,4,226,2,0,0,0,accounting,high
3236,0.17,0.93,5,183,5,0,0,0,accounting,high
3237,0.97,0.86,5,135,3,0,0,0,hr,high
3238,0.94,0.66,3,236,2,0,0,0,hr,high
3239,0.83,0.61,5,257,2,0,0,0,hr,low
3240,0.91,0.73,3,155,3,0,0,0,hr,low
3241,0.9,0.76,2,211,4,0,0,0,technical,low
3242,0.95,0.86,3,207,2,0,0,0,technical,low
3243,0.69,0.95,3,126,6,0,0,0,technical,low
3244,0.49,0.98,3,267,2,0,0,0,technical,low
3245,0.45,0.37,6,226,2,0,0,0,technical,low
3246,0.21,0.9,2,239,2,0,0,0,technical,low
3247,0.67,0.61,3,202,2,0,0,0,technical,medium
3248,0.76,0.62,3,150,2,1,0,0,technical,medium
3249,0.19,0.78,5,156,6,0,0,0,technical,medium
3250,0.52,0.73,2,233,3,0,0,0,technical,medium
3251,0.66,0.59,5,262,2,0,0,0,technical,medium
3252,0.95,0.67,3,183,3,0,0,0,support,medium
3253,0.95,0.78,4,225,2,0,0,0,support,medium
3254,0.57,0.54,5,216,3,0,0,0,support,medium
3255,0.48,0.57,5,227,3,0,0,0,support,medium
3256,0.95,0.5,4,242,2,0,0,0,support,medium
3257,0.7,0.67,4,224,3,0,0,0,support,medium
3258,0.48,0.61,3,223,3,1,0,0,support,medium
3259,0.62,0.58,3,202,2,0,0,0,support,medium
3260,0.58,0.76,3,220,3,0,0,0,support,medium
3261,1.0,0.87,4,129,5,0,0,0,support,medium
3262,0.79,0.65,2,193,5,0,0,0,support,medium
3263,0.58,0.73,3,165,2,0,0,0,technical,medium
3264,0.59,0.79,4,209,2,0,0,0,technical,medium
3265,0.66,0.8,4,183,2,1,0,0,technical,medium
3266,0.71,0.59,4,138,3,0,0,0,management,medium
3267,0.9,0.74,5,152,3,0,0,0,IT,medium
3268,0.74,0.63,4,170,2,0,0,0,IT,medium
3269,0.66,0.93,5,185,3,0,0,0,IT,medium
3270,0.92,0.53,2,249,2,0,0,0,IT,high
3271,0.55,0.51,4,155,3,0,0,0,IT,low
3272,0.51,0.43,3,204,4,0,0,0,product_mng,medium
3273,0.49,0.52,5,188,4,0,0,0,product_mng,medium
3274,0.88,0.52,5,264,4,0,0,0,product_mng,medium
3275,0.6,0.8,4,146,2,0,0,0,product_mng,medium
3276,0.93,0.65,4,212,4,0,0,0,IT,medium
3277,0.86,0.59,3,215,3,0,0,0,RandD,medium
3278,0.78,0.98,4,239,3,0,0,0,RandD,medium
3279,0.69,0.55,3,188,3,0,0,0,RandD,medium
3280,0.84,0.51,4,259,3,0,0,0,RandD,medium
3281,0.48,0.62,3,200,3,1,0,0,RandD,medium
3282,0.63,0.86,3,245,2,0,0,0,marketing,low
3283,0.54,0.61,3,182,2,0,0,0,sales,low
3284,0.85,0.53,4,181,2,0,0,0,accounting,low
3285,0.51,0.52,3,164,3,0,0,0,support,low
3286,0.88,0.86,5,257,3,0,0,0,technical,low
3287,0.87,0.93,3,178,3,0,0,0,management,low
3288,0.54,0.5,4,224,3,0,0,0,marketing,low
3289,0.96,0.67,5,170,3,0,0,0,marketing,high
3290,0.58,0.75,4,233,2,0,0,0,marketing,low
3291,0.21,0.57,5,239,3,0,0,0,sales,high
3292,0.5,0.56,5,185,2,0,0,0,sales,high
3293,0.52,0.54,4,184,3,0,0,0,sales,low
3294,0.5,0.7,3,188,2,0,0,0,sales,low
3295,0.74,0.86,3,186,3,1,0,0,sales,high
3296,0.69,0.63,3,226,3,0,0,0,sales,low
3297,0.61,0.74,2,143,6,0,0,0,sales,medium
3298,0.5,0.82,3,213,3,0,0,0,sales,high
3299,0.79,0.53,2,217,2,0,0,0,sales,medium
3300,0.73,0.68,5,190,2,0,0,0,sales,medium
3301,0.49,0.69,2,147,2,0,0,0,sales,medium
3302,0.7,0.77,2,235,3,1,0,0,sales,medium
3303,0.27,0.62,6,136,3,0,0,0,sales,high
3304,0.8,0.54,5,261,2,0,0,0,sales,medium
3305,0.45,0.6,6,176,4,0,0,0,sales,medium
3306,0.63,0.64,4,212,4,0,0,0,sales,medium
3307,0.76,0.52,2,148,3,0,0,0,sales,high
3308,0.42,0.74,6,218,6,0,0,0,sales,medium
3309,0.41,0.87,6,262,6,0,0,0,sales,high
3310,0.74,0.46,6,145,3,0,0,0,accounting,low
3311,0.82,0.75,3,230,4,1,0,0,accounting,medium
3312,0.82,0.65,4,210,2,0,0,0,accounting,medium
3313,0.53,0.73,4,227,3,0,0,0,hr,medium
3314,0.71,0.77,4,142,2,0,0,0,hr,medium
3315,0.5,0.9,4,171,2,0,0,0,hr,low
3316,0.68,0.89,3,241,3,0,0,0,hr,low
3317,0.68,0.99,3,247,2,1,0,0,technical,low
3318,0.48,0.86,5,246,3,0,0,0,technical,low
3319,0.59,0.72,3,188,3,1,0,0,technical,low
3320,0.21,0.7,3,104,2,0,0,0,technical,low
3321,0.99,0.73,5,197,4,1,0,0,technical,low
3322,1.0,0.88,4,191,4,0,0,0,technical,low
3323,0.84,0.51,4,173,2,0,0,0,technical,low
3324,0.86,0.82,2,207,4,1,0,0,technical,low
3325,0.52,0.54,5,247,4,0,0,0,technical,high
3326,0.94,0.97,5,197,5,1,0,0,technical,low
3327,0.55,0.81,3,242,2,0,0,0,technical,low
3328,0.79,0.59,3,145,2,0,0,0,support,low
3329,0.91,0.9,4,174,3,0,0,0,support,low
3330,0.82,0.99,3,195,2,0,0,0,support,high
3331,0.84,0.94,4,270,3,1,0,0,support,low
3332,0.72,0.68,4,238,3,0,0,0,support,low
3333,0.68,0.85,4,156,2,0,0,0,support,low
3334,0.99,0.96,5,261,3,0,0,0,support,high
3335,0.74,0.85,5,135,2,0,0,0,support,low
3336,0.8,0.41,6,185,4,0,0,0,support,medium
3337,0.55,0.55,3,197,3,0,0,0,support,high
3338,0.56,0.95,3,241,3,0,0,0,support,medium
3339,0.88,0.98,3,263,3,1,0,0,technical,high
3340,0.86,0.49,4,251,2,0,0,0,technical,medium
3341,0.64,0.95,3,218,2,0,0,0,technical,medium
3342,0.82,0.58,4,183,3,0,0,0,management,medium
3343,0.66,0.8,4,252,3,0,0,0,IT,medium
3344,0.64,0.95,3,98,3,0,0,0,IT,medium
3345,0.17,0.78,6,284,4,0,0,0,IT,medium
3346,0.75,0.68,4,220,2,0,0,0,IT,medium
3347,0.45,0.39,4,275,3,0,0,0,IT,medium
3348,0.99,0.9,4,164,3,0,0,0,product_mng,high
3349,0.93,0.67,5,237,4,0,0,0,product_mng,low
3350,0.88,0.8,3,133,3,0,0,0,product_mng,medium
3351,0.62,0.52,5,256,4,0,0,0,product_mng,medium
3352,0.94,0.88,4,270,3,0,0,0,IT,medium
3353,0.59,0.92,4,196,2,0,0,0,RandD,medium
3354,0.93,0.89,4,209,2,0,0,0,RandD,medium
3355,0.71,0.39,3,261,3,0,0,0,RandD,medium
3356,0.6,0.6,3,221,2,0,0,0,RandD,medium
3357,0.71,0.69,4,180,3,1,0,0,RandD,medium
3358,0.91,0.57,4,145,3,0,0,0,marketing,medium
3359,0.78,0.96,4,111,2,0,0,0,sales,high
3360,0.52,0.63,4,232,3,0,0,0,accounting,low
3361,0.99,0.7,5,195,3,0,0,0,support,low
3362,0.86,0.51,4,211,2,1,0,0,technical,low
3363,0.74,0.68,4,194,2,0,0,0,management,high
3364,0.15,0.84,4,275,5,0,0,0,marketing,low
3365,0.57,0.54,3,140,3,0,0,0,marketing,low
3366,0.67,0.6,3,157,3,0,0,0,marketing,low
3367,0.8,0.93,4,258,3,0,0,0,sales,high
3368,0.83,0.82,5,273,4,0,0,0,sales,low
3369,0.69,0.53,3,135,2,0,0,0,sales,low
3370,0.64,0.83,3,188,4,0,0,0,sales,low
3371,0.95,0.52,5,222,2,0,0,0,sales,low
3372,0.97,0.52,4,231,3,0,0,0,sales,low
3373,0.85,0.86,3,255,2,0,0,0,sales,low
3374,0.72,0.51,3,254,2,0,0,0,sales,low
3375,0.91,0.85,3,244,3,1,0,0,sales,medium
3376,0.81,0.83,3,132,4,0,0,0,sales,medium
3377,0.13,0.67,5,234,6,0,0,0,sales,medium
3378,0.95,0.81,4,272,3,0,0,0,sales,medium
3379,0.82,0.54,4,191,3,0,0,0,sales,medium
3380,0.63,0.93,4,238,4,0,0,0,sales,medium
3381,0.55,0.69,3,225,2,0,0,0,sales,medium
3382,0.83,0.95,3,211,2,0,0,0,sales,medium
3383,0.54,0.98,3,217,3,0,0,0,sales,medium
3384,0.89,0.91,5,156,4,0,0,0,sales,medium
3385,0.79,0.55,3,147,3,0,0,0,sales,medium
3386,0.56,0.73,4,134,3,0,0,0,accounting,medium
3387,0.89,0.7,4,235,2,1,0,0,accounting,high
3388,1.0,0.66,4,238,4,0,0,0,accounting,low
3389,0.43,0.72,3,258,4,0,0,0,hr,medium
3390,0.71,0.55,5,224,3,0,0,0,hr,medium
3391,0.98,0.59,4,149,2,0,0,0,hr,medium
3392,0.81,0.7,4,219,2,1,0,0,hr,medium
3393,0.71,0.53,3,186,2,0,0,0,technical,low
3394,0.99,0.6,4,259,4,0,0,0,technical,low
3395,0.34,0.62,3,119,2,0,0,0,technical,low
3396,0.58,0.91,3,223,2,0,0,0,technical,low
3397,0.77,0.49,4,184,3,0,0,0,technical,low
3398,0.64,0.5,3,238,4,0,0,0,technical,low
3399,0.13,1.0,4,157,5,1,0,0,technical,low
3400,0.98,0.6,2,249,3,0,0,0,technical,low
3401,0.72,0.84,4,195,2,0,0,0,technical,low
3402,0.55,0.79,3,162,2,0,0,0,technical,low
3403,0.62,0.91,4,231,3,0,0,0,technical,low
3404,0.74,0.91,2,264,3,0,0,0,support,low
3405,0.69,0.96,3,210,3,0,0,0,support,low
3406,0.6,0.63,4,192,3,0,0,0,support,low
3407,0.54,0.43,3,192,2,0,0,0,support,low
3408,0.56,0.75,4,249,3,0,0,0,support,low
3409,0.58,0.86,5,206,3,0,0,0,support,low
3410,0.21,0.66,4,165,5,0,0,0,support,low
3411,0.52,0.85,5,183,3,0,0,0,support,low
3412,0.98,0.7,4,253,2,0,0,0,support,low
3413,0.85,0.97,3,256,3,0,0,0,support,low
3414,0.62,0.88,2,263,4,0,0,0,support,medium
3415,0.63,0.61,3,234,3,1,0,0,technical,medium
3416,0.84,0.97,6,223,2,0,0,0,technical,medium
3417,0.71,0.69,2,172,3,0,0,0,technical,medium
3418,0.36,0.55,6,226,6,0,0,0,management,medium
3419,0.79,0.56,6,205,4,1,0,0,IT,medium
3420,0.59,0.55,4,235,2,0,0,0,IT,medium
3421,0.5,0.53,4,263,3,0,0,0,IT,medium
3422,0.88,0.66,4,271,3,1,0,0,IT,medium
3423,0.65,0.69,6,131,5,0,0,0,IT,medium
3424,0.71,0.56,4,238,4,0,0,0,product_mng,medium
3425,0.89,0.54,3,214,2,0,0,0,product_mng,medium
3426,0.83,0.84,3,267,3,0,0,0,product_mng,high
3427,0.73,0.53,3,184,2,0,0,0,product_mng,low
3428,0.71,0.67,3,264,3,0,0,0,IT,medium
3429,0.53,0.66,3,109,2,0,0,0,RandD,medium
3430,0.74,0.7,3,253,4,1,0,0,RandD,medium
3431,0.6,0.52,4,207,2,1,0,0,RandD,medium
3432,0.47,0.6,4,263,5,0,0,0,RandD,low
3433,0.88,0.88,3,214,2,1,0,0,RandD,low
3434,0.62,0.67,2,153,3,0,0,0,marketing,low
3435,0.24,0.48,5,123,5,1,0,0,sales,low
3436,0.15,0.36,5,159,2,0,0,0,accounting,low
3437,0.92,0.82,3,185,3,0,0,0,support,low
3438,0.74,0.7,4,167,3,1,0,0,technical,low
3439,0.86,0.77,3,271,3,0,0,0,management,low
3440,0.96,0.61,3,140,3,0,0,0,marketing,low
3441,0.54,0.6,4,141,3,0,0,0,marketing,low
3442,0.99,0.87,4,190,2,0,0,0,marketing,low
3443,0.72,0.73,5,134,2,0,0,0,sales,low
3444,0.96,0.75,5,176,4,0,0,0,sales,low
3445,0.73,0.73,4,194,2,0,0,0,sales,low
3446,0.67,0.44,5,212,4,0,0,0,sales,low
3447,0.58,0.72,5,234,3,1,0,0,sales,low
3448,0.9,0.99,4,190,2,0,0,0,sales,low
3449,0.99,0.37,5,155,3,0,0,0,sales,low
3450,0.89,0.58,4,232,2,0,0,0,sales,low
3451,0.72,0.95,4,216,3,0,0,0,sales,low
3452,0.77,0.8,3,207,3,0,0,0,sales,low
3453,0.8,0.94,4,200,4,0,0,0,sales,medium
3454,0.89,0.86,3,178,4,0,0,0,sales,medium
3455,0.59,0.81,4,173,2,0,0,0,sales,medium
3456,0.24,0.87,5,268,5,0,0,0,sales,medium
3457,0.94,0.59,6,212,2,0,0,0,sales,medium
3458,0.74,0.5,4,216,3,0,0,0,sales,medium
3459,0.63,0.62,5,212,6,0,0,0,sales,medium
3460,0.63,0.59,3,155,3,1,0,0,sales,medium
3461,0.77,0.65,4,164,2,0,0,0,sales,medium
3462,0.87,0.74,3,209,3,0,0,0,accounting,medium
3463,0.79,0.61,4,136,3,0,0,0,accounting,medium
3464,0.54,0.84,4,223,3,0,0,0,accounting,medium
3465,0.59,0.83,4,239,4,0,0,0,hr,high
3466,0.86,0.87,3,205,4,0,0,0,hr,low
3467,0.98,0.68,3,203,3,0,0,0,hr,medium
3468,1.0,0.79,5,152,4,0,0,0,hr,medium
3469,0.9,0.79,4,236,3,1,0,0,technical,medium
3470,0.34,0.6,4,114,3,0,0,0,technical,medium
3471,0.95,0.93,3,209,2,0,0,0,technical,low
3472,0.79,0.48,4,178,2,0,0,0,technical,low
3473,0.13,0.91,4,175,5,0,0,0,technical,low
3474,0.72,0.69,3,270,4,0,0,0,technical,low
3475,0.63,0.54,3,145,2,1,0,0,technical,low
3476,0.81,0.76,5,134,2,0,0,0,technical,low
3477,0.71,0.75,4,272,4,0,0,0,technical,low
3478,0.49,0.76,3,208,2,0,0,0,technical,low
3479,0.59,0.65,4,219,3,1,0,0,technical,low
3480,0.87,0.59,5,154,3,0,0,0,support,low
3481,0.66,0.6,3,179,4,0,0,0,support,low
3482,0.78,0.92,5,137,2,0,0,0,support,low
3483,0.65,0.7,4,211,2,0,0,0,support,low
3484,0.8,0.97,5,271,4,0,0,0,support,low
3485,0.56,0.75,4,192,2,0,0,0,support,low
3486,0.85,0.67,4,228,4,0,0,0,support,low
3487,0.14,0.46,2,267,6,1,0,0,support,low
3488,0.74,0.62,4,272,2,0,0,0,support,low
3489,0.86,0.93,2,260,2,0,0,0,support,low
3490,0.71,0.96,4,161,3,0,0,0,support,low
3491,0.83,0.99,4,226,2,0,0,0,technical,low
3492,0.52,0.49,4,249,4,1,0,0,technical,medium
3493,0.63,0.8,3,243,3,0,0,0,technical,medium
3494,0.92,0.93,4,247,2,0,0,0,management,medium
3495,0.66,0.87,3,186,2,0,0,0,IT,medium
3496,0.77,0.7,3,155,3,0,0,0,IT,medium
3497,0.74,0.97,2,135,4,0,0,0,IT,medium
3498,0.81,0.76,5,198,4,0,0,0,IT,medium
3499,0.67,0.55,3,175,2,0,0,0,IT,medium
3500,0.75,0.92,3,192,3,0,0,0,product_mng,medium
3501,0.65,0.36,2,282,3,0,0,0,product_mng,medium
3502,0.81,0.6,4,179,3,0,0,0,product_mng,medium
3503,0.57,0.77,4,245,3,0,0,0,product_mng,medium
3504,0.89,0.66,4,235,3,0,0,0,IT,high
3505,0.5,0.56,4,266,2,0,0,0,RandD,low
3506,0.21,0.42,4,269,4,1,0,0,RandD,medium
3507,0.79,0.67,3,264,2,0,0,0,RandD,medium
3508,0.66,0.57,3,161,2,1,0,0,RandD,medium
3509,0.82,0.95,3,203,3,0,0,0,RandD,medium
3510,0.85,0.85,4,258,2,0,0,0,marketing,low
3511,0.72,0.96,3,143,3,0,0,0,sales,low
3512,0.52,0.92,3,214,3,0,0,0,accounting,low
3513,0.5,0.62,4,166,3,1,0,0,support,low
3514,0.52,0.82,3,192,3,0,0,0,technical,low
3515,0.13,0.87,3,185,4,1,0,0,management,low
3516,0.87,0.98,4,173,3,0,0,0,marketing,low
3517,0.53,0.98,2,163,3,0,0,0,marketing,low
3518,0.15,0.76,5,277,4,0,0,0,marketing,low
3519,0.64,0.86,5,274,2,1,0,0,sales,low
3520,0.52,0.44,3,119,2,0,0,0,sales,low
3521,0.79,0.67,4,267,3,0,0,0,sales,low
3522,0.74,0.89,3,160,2,0,0,0,sales,low
3523,0.81,0.84,4,198,2,0,0,0,sales,low
3524,0.94,0.6,3,193,3,0,0,0,sales,low
3525,0.67,0.84,6,250,2,0,0,0,sales,low
3526,0.93,0.84,3,237,4,1,0,0,sales,low
3527,0.52,0.96,4,170,2,0,0,0,sales,low
3528,0.48,0.74,2,157,2,1,0,0,sales,medium
3529,0.57,0.92,6,267,4,0,0,0,sales,medium
3530,0.71,0.77,4,192,4,0,0,0,sales,medium
3531,0.9,0.74,4,218,2,1,0,0,sales,medium
3532,0.58,0.61,4,210,3,0,0,0,sales,medium
3533,0.66,0.48,4,229,4,0,0,0,sales,medium
3534,0.59,0.66,3,186,3,0,0,0,sales,medium
3535,0.96,0.5,3,234,2,1,0,0,sales,medium
3536,0.13,0.91,2,149,5,0,0,0,sales,medium
3537,0.93,0.92,3,205,3,0,0,0,sales,medium
3538,0.54,0.72,3,148,4,0,0,0,accounting,medium
3539,0.54,0.77,5,270,3,0,0,0,accounting,medium
3540,0.87,0.62,3,176,3,0,0,0,accounting,high
3541,0.79,0.91,3,226,2,0,0,0,hr,low
3542,0.83,0.57,3,232,4,0,0,0,hr,medium
3543,0.73,0.6,3,137,3,0,0,0,hr,medium
3544,0.29,0.42,6,253,3,0,0,0,hr,medium
3545,0.8,0.7,6,231,4,0,0,0,technical,medium
3546,0.29,0.81,3,189,6,0,0,0,technical,low
3547,0.43,0.85,6,168,2,0,0,0,technical,low
3548,0.99,0.93,3,261,3,0,0,0,technical,low
3549,0.86,0.51,4,152,3,0,0,0,technical,low
3550,0.85,0.78,5,263,2,1,0,0,technical,low
3551,0.66,0.68,3,258,3,0,0,0,technical,low
3552,0.57,0.99,3,205,3,0,0,0,technical,low
3553,0.31,0.64,6,183,2,1,0,0,technical,low
3554,0.88,0.88,3,153,3,0,0,0,technical,low
3555,0.72,0.72,5,194,4,0,0,0,technical,low
3556,0.75,0.66,4,202,2,0,0,0,support,low
3557,0.82,0.71,4,164,4,0,0,0,support,low
3558,0.82,0.67,3,213,2,0,0,0,support,low
3559,0.15,0.52,4,265,6,0,0,0,support,low
3560,0.16,0.88,6,218,3,0,0,0,support,low
3561,0.95,0.4,5,286,4,0,0,0,support,low
3562,0.87,0.73,3,172,3,1,0,0,support,low
3563,0.85,0.89,4,251,2,0,0,0,support,low
3564,0.58,0.6,3,110,3,1,0,0,support,low
3565,0.63,0.86,3,269,4,0,0,0,support,low
3566,0.69,0.68,3,151,3,1,0,0,support,low
3567,0.53,0.85,5,161,2,0,0,0,technical,medium
3568,0.96,0.71,4,210,3,0,0,0,technical,medium
3569,0.73,0.83,2,167,3,0,0,0,technical,medium
3570,0.5,0.6,3,270,3,1,0,0,management,medium
3571,0.81,0.83,3,133,3,1,0,0,IT,medium
3572,0.82,0.59,3,249,3,0,0,0,IT,medium
3573,0.76,0.72,4,266,3,0,0,0,IT,medium
3574,0.27,0.82,4,276,2,0,0,0,IT,medium
3575,0.64,0.38,6,215,3,0,0,0,IT,medium
3576,0.57,0.9,3,262,2,0,0,0,product_mng,medium
3577,0.49,0.84,5,193,3,0,0,0,product_mng,medium
3578,0.66,0.92,2,102,4,0,0,0,product_mng,medium
3579,0.71,0.36,4,278,4,1,0,0,product_mng,high
3580,0.61,0.63,3,250,4,0,0,0,IT,low
3581,0.52,0.89,5,193,4,0,0,0,RandD,medium
3582,0.62,0.91,3,133,3,0,0,0,RandD,medium
3583,0.98,0.65,4,216,4,0,0,0,RandD,medium
3584,0.67,0.56,5,174,2,1,0,0,RandD,medium
3585,0.85,0.62,2,280,4,0,0,0,RandD,low
3586,0.84,0.85,4,246,2,0,0,0,marketing,low
3587,1.0,0.53,3,142,3,0,0,0,sales,low
3588,0.72,0.76,4,144,3,1,0,0,accounting,low
3589,0.66,0.75,6,100,4,1,0,0,support,low
3590,0.64,0.71,5,212,2,0,0,0,technical,low
3591,1.0,0.76,5,201,3,0,0,0,management,low
3592,0.75,0.59,5,206,2,0,0,0,marketing,low
3593,0.81,0.77,4,197,3,0,0,0,marketing,low
3594,0.31,0.98,5,232,5,0,0,0,marketing,low
3595,0.32,0.97,6,272,2,0,0,0,sales,low
3596,0.48,0.5,4,173,3,0,0,0,sales,low
3597,0.62,0.42,2,124,2,0,0,0,sales,low
3598,0.77,0.86,5,282,4,0,0,0,sales,low
3599,0.76,0.8,2,219,4,1,0,0,sales,low
3600,0.68,0.41,3,106,6,0,0,0,sales,low
3601,0.72,0.79,4,192,4,0,0,0,sales,low
3602,0.87,0.91,5,190,2,0,0,0,sales,low
3603,0.59,0.57,2,156,2,0,0,0,sales,low
3604,0.7,0.64,3,180,2,0,0,0,sales,low
3605,0.73,0.81,4,245,2,0,0,0,sales,low
3606,0.58,0.62,3,169,2,0,0,0,sales,medium
3607,0.64,0.66,3,188,4,0,0,0,sales,medium
3608,0.89,0.66,5,224,2,0,0,0,sales,medium
3609,0.95,0.71,3,263,2,1,0,0,sales,medium
3610,0.84,0.9,3,262,2,0,0,0,sales,medium
3611,0.6,0.99,4,225,3,0,0,0,sales,medium
3612,0.71,0.63,5,224,3,1,0,0,sales,medium
3613,0.6,0.95,3,266,3,0,0,0,sales,medium
3614,0.91,0.68,3,218,3,1,0,0,accounting,medium
3615,0.75,1.0,3,102,3,0,0,0,accounting,medium
3616,0.7,0.67,4,181,3,0,0,0,accounting,medium
3617,0.23,0.64,5,150,5,0,0,0,hr,medium
3618,0.73,0.83,4,270,2,0,0,0,hr,high
3619,0.99,0.49,4,270,2,0,0,0,hr,low
3620,0.62,0.68,5,265,3,0,0,0,hr,medium
3621,0.98,0.89,4,169,3,0,0,0,technical,medium
3622,0.61,0.94,3,224,4,0,0,0,technical,medium
3623,0.52,0.92,3,150,2,1,0,0,technical,medium
3624,0.65,0.66,5,239,4,0,0,0,technical,low
3625,0.59,0.9,3,245,3,1,0,0,technical,low
3626,0.71,0.8,3,182,2,1,0,0,technical,low
3627,0.18,0.7,5,182,4,0,0,0,technical,low
3628,0.21,0.93,4,243,4,0,0,0,technical,low
3629,0.15,0.67,6,209,5,0,0,0,technical,low
3630,0.97,0.53,4,195,4,0,0,0,technical,low
3631,0.39,0.48,3,190,2,0,0,0,technical,low
3632,0.35,0.66,2,140,2,0,0,0,support,medium
3633,0.88,0.58,4,147,4,0,0,0,support,medium
3634,0.58,0.97,3,265,3,0,0,0,support,medium
3635,0.61,0.78,3,238,2,0,0,0,support,medium
3636,0.59,0.98,3,155,3,0,0,0,support,medium
3637,0.55,0.41,4,132,5,1,0,0,support,medium
3638,0.52,0.8,5,257,3,0,0,0,support,medium
3639,0.71,0.77,2,255,3,0,0,0,support,medium
3640,0.63,0.82,5,229,2,0,0,0,support,medium
3641,0.17,0.84,5,216,4,0,0,0,support,medium
3642,0.95,0.49,4,269,4,0,0,0,support,medium
3643,1.0,0.73,3,205,2,0,0,0,technical,medium
3644,0.73,0.96,2,151,3,0,0,0,technical,medium
3645,0.8,0.64,4,246,3,1,0,0,technical,medium
3646,0.63,0.8,4,256,4,0,0,0,management,medium
3647,0.95,0.59,4,235,3,0,0,0,IT,medium
3648,0.75,0.83,4,229,2,0,0,0,IT,medium
3649,0.64,0.72,5,158,3,0,0,0,IT,medium
3650,0.72,1.0,3,197,3,0,0,0,IT,medium
3651,0.72,0.53,3,151,4,0,0,0,IT,medium
3652,0.85,0.63,3,167,3,0,0,0,product_mng,medium
3653,0.24,0.94,4,146,4,0,0,0,product_mng,medium
3654,0.69,0.53,4,281,4,0,0,0,product_mng,medium
3655,0.69,0.7,3,212,2,0,0,0,product_mng,medium
3656,0.87,0.59,5,261,3,0,0,0,IT,medium
3657,0.78,0.91,3,238,2,0,0,0,RandD,high
3658,0.76,0.74,4,235,3,0,0,0,RandD,high
3659,0.35,0.7,3,107,3,0,0,0,RandD,high
3660,0.88,0.59,6,243,4,0,0,0,RandD,high
3661,0.78,0.79,5,233,3,1,0,0,RandD,high
3662,0.36,0.42,3,206,5,0,0,0,marketing,high
3663,0.24,0.7,5,172,4,0,0,0,sales,high
3664,0.55,0.82,3,248,2,0,0,0,accounting,high
3665,0.91,0.53,3,147,4,1,0,0,support,high
3666,0.66,0.61,5,259,3,0,0,0,technical,high
3667,0.57,0.82,3,267,3,0,0,0,management,high
3668,0.64,0.64,3,263,3,0,0,0,marketing,high
3669,0.63,0.98,3,160,4,1,0,0,marketing,low
3670,0.49,0.92,5,176,3,0,0,0,marketing,low
3671,0.7,0.7,3,224,3,0,0,0,sales,low
3672,0.3,0.71,3,155,2,0,0,0,sales,low
3673,0.51,0.52,3,132,3,0,0,0,sales,low
3674,0.71,0.87,5,173,3,0,0,0,sales,low
3675,0.64,0.67,3,165,3,0,0,0,sales,low
3676,0.67,0.66,6,272,3,0,0,0,sales,low
3677,0.83,0.94,5,156,3,1,0,0,sales,low
3678,0.92,0.96,3,154,2,1,0,0,sales,low
3679,0.84,0.53,3,237,3,1,0,0,sales,low
3680,0.97,0.75,2,271,6,0,0,0,sales,low
3681,0.19,0.91,6,152,3,0,0,0,sales,low
3682,0.86,0.51,4,152,3,1,0,0,sales,low
3683,0.71,0.69,3,172,3,0,0,0,sales,low
3684,0.76,0.56,4,214,2,1,0,0,sales,medium
3685,0.68,0.88,5,201,3,0,0,0,sales,medium
3686,0.61,0.99,2,275,3,1,0,0,sales,medium
3687,0.85,0.79,3,156,3,0,0,0,sales,medium
3688,0.84,0.89,3,234,2,0,0,0,sales,medium
3689,0.62,0.63,2,123,2,0,0,0,sales,medium
3690,0.77,0.76,3,201,4,0,0,0,accounting,medium
3691,0.79,0.93,5,160,4,1,0,0,accounting,medium
3692,0.97,0.5,3,173,2,0,0,0,accounting,medium
3693,0.59,0.61,4,141,2,1,0,0,hr,medium
3694,0.93,0.62,3,231,6,0,0,0,hr,medium
3695,0.85,0.54,4,174,2,0,0,0,hr,medium
3696,0.7,0.57,4,211,3,0,0,0,hr,high
3697,0.54,0.91,3,249,3,0,0,0,technical,high
3698,0.42,0.86,2,108,5,0,0,0,technical,high
3699,0.96,0.75,4,165,3,0,0,0,technical,high
3700,0.58,0.8,3,181,4,0,0,0,technical,high
3701,0.61,0.59,3,237,2,0,0,0,technical,high
3702,0.62,0.97,5,180,2,0,0,0,technical,high
3703,0.68,0.7,3,209,3,0,0,0,technical,high
3704,0.6,0.73,3,191,5,1,0,0,technical,low
3705,0.7,0.91,4,181,2,1,0,0,technical,low
3706,0.65,0.55,4,250,2,0,0,0,technical,low
3707,0.48,0.59,2,179,2,0,0,0,technical,low
3708,0.75,0.73,3,225,4,0,0,0,support,low
3709,0.69,0.78,5,267,2,1,0,0,support,low
3710,0.34,0.46,2,169,2,1,0,0,support,low
3711,0.59,0.49,4,164,3,0,0,0,support,low
3712,0.94,0.95,4,155,3,0,0,0,support,medium
3713,0.98,0.77,5,223,2,1,0,0,support,medium
3714,0.72,0.66,3,160,3,0,0,0,support,medium
3715,0.79,0.7,4,268,2,0,0,0,support,medium
3716,0.54,0.61,4,151,4,1,0,0,support,medium
3717,0.73,0.95,3,156,2,0,0,0,support,medium
3718,0.82,0.58,4,136,3,0,0,0,support,medium
3719,0.57,0.45,3,189,2,0,0,0,technical,medium
3720,0.98,0.93,5,203,2,0,0,0,technical,medium
3721,0.91,0.65,5,174,2,0,0,0,technical,medium
3722,0.72,0.91,3,239,2,0,0,0,management,medium
3723,0.48,0.73,5,152,6,0,0,0,IT,medium
3724,0.57,0.86,4,268,6,0,0,0,IT,medium
3725,0.86,0.96,4,146,3,0,0,0,IT,medium
3726,0.63,0.85,3,232,4,0,0,0,IT,medium
3727,0.81,0.52,3,255,5,0,0,0,IT,medium
3728,0.21,0.37,4,129,4,0,0,0,product_mng,medium
3729,0.9,0.66,3,261,3,1,0,0,product_mng,medium
3730,0.79,0.78,3,101,2,1,0,0,product_mng,medium
3731,0.95,0.49,4,229,3,0,0,0,product_mng,medium
3732,0.29,0.43,3,162,4,0,0,0,IT,medium
3733,0.81,0.52,4,270,3,0,0,0,RandD,medium
3734,0.21,0.56,6,277,5,0,0,0,RandD,medium
3735,0.7,0.83,5,261,4,0,0,0,RandD,high
3736,0.66,0.64,4,204,2,0,0,0,RandD,low
3737,0.16,0.86,2,215,2,0,0,0,RandD,medium
3738,0.72,0.8,3,219,3,0,0,0,marketing,medium
3739,0.51,0.5,3,147,4,0,0,0,sales,medium
3740,0.59,0.63,5,243,2,0,0,0,accounting,medium
3741,0.66,0.4,2,155,5,1,0,0,support,medium
3742,0.69,0.84,3,253,2,0,0,0,technical,medium
3743,0.69,0.94,4,235,3,0,0,0,management,medium
3744,0.89,0.79,5,257,3,0,0,0,marketing,medium
3745,0.52,0.56,4,225,2,0,0,0,marketing,medium
3746,0.91,0.91,3,167,3,0,0,0,marketing,medium
3747,0.96,0.53,5,224,4,0,0,0,sales,low
3748,0.8,0.58,5,127,3,0,0,0,sales,low
3749,0.55,0.77,3,256,3,1,0,0,sales,low
3750,0.93,0.63,4,233,2,0,0,0,sales,low
3751,0.93,0.86,4,169,4,0,0,0,sales,low
3752,0.54,0.48,3,152,2,0,0,0,sales,low
3753,0.48,0.76,5,236,2,0,0,0,sales,low
3754,0.19,0.99,3,154,2,0,0,0,sales,high
3755,0.95,0.71,3,223,2,0,0,0,sales,low
3756,0.96,0.81,4,211,3,0,0,0,sales,high
3757,0.63,0.89,4,192,2,0,0,0,sales,high
3758,0.81,0.8,4,227,2,1,0,0,sales,low
3759,0.5,0.88,4,265,3,1,0,0,sales,low
3760,0.76,0.72,5,228,2,0,0,0,sales,high
3761,0.84,0.49,4,152,3,0,0,0,sales,low
3762,0.2,0.95,5,169,5,0,0,0,sales,medium
3763,0.78,0.92,3,169,3,0,0,0,sales,high
3764,0.8,0.68,4,157,3,0,0,0,sales,medium
3765,0.94,0.57,4,251,2,1,0,0,sales,medium
3766,0.44,0.74,5,253,2,0,0,0,accounting,medium
3767,0.92,0.85,3,155,2,0,0,0,accounting,medium
3768,0.54,0.8,3,232,2,0,0,0,accounting,high
3769,0.56,0.56,4,195,2,0,0,0,hr,medium
3770,0.66,0.69,4,198,3,1,0,0,hr,medium
3771,0.8,0.91,3,246,3,0,0,0,hr,medium
3772,0.6,0.81,2,214,3,0,0,0,hr,high
3773,0.73,0.73,5,249,3,0,0,0,technical,medium
3774,0.55,0.74,3,211,3,1,0,0,technical,high
3775,0.7,0.71,5,269,3,0,0,0,technical,low
3776,0.53,0.68,4,214,3,0,0,0,technical,medium
3777,0.9,0.94,4,231,3,0,0,0,technical,medium
3778,0.8,0.78,3,175,3,0,0,0,technical,medium
3779,0.51,0.6,5,175,3,0,0,0,technical,medium
3780,0.86,0.96,5,238,5,0,0,0,technical,low
3781,0.63,0.79,4,228,4,0,0,0,technical,low
3782,0.83,0.93,3,220,4,0,0,0,technical,low
3783,0.85,0.55,4,233,2,1,0,0,technical,low
3784,0.8,0.57,3,225,4,0,0,0,support,low
3785,0.79,0.97,5,187,3,0,0,0,support,low
3786,0.37,0.71,3,117,3,0,0,0,support,low
3787,0.85,0.9,3,184,3,1,0,0,support,low
3788,0.76,0.56,3,216,3,0,0,0,support,low
3789,0.99,0.62,4,140,2,1,0,0,support,low
3790,0.55,0.63,3,201,2,1,0,0,support,high
3791,0.69,0.69,4,167,3,1,0,0,support,low
3792,0.68,1.0,5,203,2,0,0,0,support,low
3793,0.69,0.9,5,231,2,1,0,0,support,low
3794,0.65,0.7,3,141,4,0,0,0,support,low
3795,0.17,0.88,6,226,3,1,0,0,technical,high
3796,0.48,0.65,3,199,2,0,0,0,technical,low
3797,0.65,0.59,4,192,3,0,0,0,technical,low
3798,0.57,0.49,4,247,2,0,0,0,management,low
3799,0.8,0.67,3,164,3,0,0,0,IT,high
3800,0.8,0.6,5,234,2,0,0,0,IT,low
3801,0.5,0.6,2,177,3,1,0,0,IT,medium
3802,0.95,0.87,3,208,2,0,0,0,IT,high
3803,0.69,0.93,3,233,3,0,0,0,IT,medium
3804,0.74,0.57,4,172,3,0,0,0,product_mng,high
3805,0.68,0.59,3,141,3,0,0,0,product_mng,medium
3806,0.68,0.55,3,213,3,0,0,0,product_mng,medium
3807,0.65,0.37,5,128,3,1,0,0,product_mng,medium
3808,0.85,0.92,4,151,3,1,0,0,IT,medium
3809,0.49,0.48,4,247,3,0,0,0,RandD,medium
3810,0.19,0.8,6,143,4,0,0,0,RandD,medium
3811,0.95,0.61,3,164,3,0,0,0,RandD,medium
3812,0.63,0.62,3,183,3,0,0,0,RandD,medium
3813,0.83,0.8,4,274,3,0,0,0,RandD,high
3814,0.62,0.78,4,261,2,0,0,0,marketing,low
3815,0.74,0.98,5,200,3,0,0,0,sales,medium
3816,0.7,0.87,5,177,2,0,0,0,accounting,medium
3817,0.28,0.38,5,139,4,0,0,0,support,medium
3818,0.39,0.56,6,228,5,0,0,0,technical,medium
3819,0.62,0.63,3,230,2,0,0,0,management,medium
3820,0.79,0.54,5,212,4,0,0,0,marketing,medium
3821,0.87,0.74,4,265,4,0,0,0,marketing,medium
3822,0.29,0.75,3,124,4,0,0,0,marketing,medium
3823,0.37,0.88,4,155,3,0,0,0,sales,medium
3824,0.68,0.55,4,215,4,0,0,0,sales,high
3825,0.9,0.51,4,214,2,0,0,0,sales,low
3826,0.97,0.65,3,181,3,0,0,0,sales,low
3827,0.6,0.77,4,229,2,0,0,0,sales,low
3828,0.58,0.79,5,262,2,0,0,0,sales,high
3829,0.83,0.86,3,165,3,0,0,0,sales,low
3830,0.83,0.73,5,136,3,0,0,0,sales,low
3831,0.94,0.71,4,151,2,1,0,0,sales,low
3832,0.69,0.9,5,226,4,0,0,0,sales,high
3833,0.81,0.81,5,215,2,0,0,0,sales,low
3834,0.19,0.5,6,143,5,1,0,0,sales,low
3835,0.18,0.64,3,223,4,1,0,0,sales,low
3836,0.58,0.63,4,271,3,0,0,0,sales,low
3837,0.76,0.65,3,220,3,0,0,0,sales,low
3838,0.26,0.47,6,182,4,0,0,0,sales,low
3839,0.78,0.87,3,190,3,0,0,0,sales,low
3840,0.71,0.56,3,198,3,0,0,0,sales,medium
3841,0.76,0.61,3,141,2,0,0,0,sales,medium
3842,0.44,0.81,3,248,2,0,0,0,accounting,medium
3843,0.26,0.69,2,168,5,0,0,0,accounting,medium
3844,0.75,0.57,5,162,3,0,0,0,accounting,medium
3845,0.64,0.9,4,211,3,0,0,0,hr,medium
3846,0.79,0.71,4,271,3,0,0,0,hr,medium
3847,0.96,0.61,3,271,2,0,0,0,hr,medium
3848,0.63,1.0,5,244,2,0,0,0,hr,medium
3849,0.65,0.55,5,261,3,1,0,0,technical,medium
3850,0.76,0.81,3,225,3,0,0,0,technical,medium
3851,0.26,0.9,4,266,5,0,0,0,technical,medium
3852,0.84,0.73,3,146,5,1,0,0,technical,high
3853,0.74,0.77,3,233,3,0,0,0,technical,low
3854,0.53,0.45,4,180,3,0,0,0,technical,medium
3855,0.7,0.56,5,208,3,0,0,0,technical,medium
3856,0.62,0.69,4,165,4,1,0,0,technical,medium
3857,0.71,0.68,4,221,4,0,0,0,technical,medium
3858,0.5,0.65,3,215,2,0,0,0,technical,low
3859,0.53,0.5,6,264,6,0,0,0,technical,low
3860,0.88,0.89,2,160,4,0,0,0,support,low
3861,0.79,0.83,2,192,3,0,0,0,support,low
3862,0.69,0.89,5,201,2,0,0,0,support,low
3863,0.57,0.96,4,264,2,0,0,0,support,low
3864,0.68,0.8,4,186,3,1,0,0,support,low
3865,0.6,0.82,4,272,3,0,0,0,support,low
3866,0.7,0.9,4,216,3,0,0,0,support,low
3867,0.71,0.76,4,142,2,1,0,0,support,low
3868,0.49,0.51,4,133,3,0,0,0,support,low
3869,0.74,0.7,4,260,2,0,0,0,support,low
3870,0.2,0.93,4,101,5,0,0,0,support,low
3871,0.57,0.5,4,230,2,0,0,0,technical,low
3872,0.83,0.48,3,242,4,0,0,0,technical,low
3873,0.22,0.64,3,193,2,0,0,0,technical,low
3874,0.67,0.57,2,234,4,0,0,0,management,low
3875,0.54,0.84,3,132,3,0,0,0,IT,low
3876,0.54,0.53,4,183,3,0,0,0,IT,low
3877,0.64,0.61,4,191,4,0,0,0,IT,low
3878,0.23,0.84,5,140,4,0,0,0,IT,low
3879,0.88,0.87,5,257,3,0,0,0,IT,medium
3880,0.83,0.54,4,219,3,0,0,0,product_mng,medium
3881,0.88,0.67,5,141,2,0,0,0,product_mng,medium
3882,0.9,0.85,5,162,2,0,0,0,product_mng,medium
3883,0.49,0.61,3,181,3,0,0,0,product_mng,medium
3884,0.55,0.49,3,191,3,0,0,0,IT,medium
3885,0.92,0.69,4,149,6,1,0,0,RandD,medium
3886,0.72,0.67,3,164,4,0,0,0,RandD,medium
3887,0.63,0.5,4,235,3,0,0,0,RandD,medium
3888,0.98,0.66,3,199,3,0,0,0,RandD,medium
3889,0.76,0.52,3,248,3,0,0,0,RandD,medium
3890,0.42,0.56,2,103,3,1,0,0,marketing,medium
3891,0.58,0.65,4,248,4,0,0,0,marketing,high
3892,0.85,0.82,3,153,3,1,0,0,sales,low
3893,0.67,0.95,4,241,4,0,0,0,accounting,medium
3894,0.58,1.0,4,258,3,0,0,0,support,medium
3895,0.84,0.76,5,172,5,1,0,0,technical,medium
3896,0.56,0.68,3,149,2,0,0,0,management,medium
3897,0.63,0.83,4,217,3,0,0,0,marketing,low
3898,0.51,0.92,3,243,3,0,0,0,marketing,low
3899,0.95,0.81,5,120,3,0,0,0,marketing,low
3900,0.85,0.55,3,137,3,1,0,0,sales,low
3901,0.73,0.78,5,150,3,0,0,0,sales,low
3902,0.2,0.49,5,199,5,0,0,0,sales,low
3903,0.78,0.79,3,203,2,0,0,0,sales,low
3904,0.83,0.8,3,273,3,0,0,0,sales,low
3905,0.87,0.56,2,214,3,1,0,0,sales,low
3906,0.98,0.99,5,141,3,0,0,0,sales,low
3907,1.0,0.81,5,243,3,0,0,0,sales,low
3908,0.7,0.55,4,159,3,0,0,0,sales,low
3909,0.62,0.88,5,146,3,0,0,0,sales,low
3910,0.67,0.72,4,159,2,0,0,0,sales,low
3911,0.86,0.96,4,196,3,0,0,0,sales,low
3912,0.44,0.57,5,183,2,1,0,0,sales,low
3913,0.19,0.86,4,192,4,0,0,0,sales,low
3914,0.76,0.83,4,246,2,0,0,0,sales,low
3915,0.89,0.93,5,191,4,0,0,0,sales,low
3916,0.25,0.97,3,158,3,0,0,0,sales,low
3917,0.68,1.0,4,167,2,0,0,0,sales,low
3918,0.38,0.5,2,187,2,1,0,0,sales,medium
3919,0.64,0.95,4,199,4,0,0,0,accounting,medium
3920,0.76,0.62,4,157,3,0,0,0,accounting,medium
3921,0.26,0.45,2,157,3,0,0,0,accounting,medium
3922,0.69,0.67,3,178,2,0,0,0,hr,medium
3923,0.98,0.66,3,154,2,0,0,0,hr,medium
3924,0.86,0.83,5,208,2,1,0,0,hr,medium
3925,0.14,0.68,4,273,5,1,0,0,hr,medium
3926,0.58,0.63,4,159,3,0,0,0,technical,medium
3927,0.63,0.97,4,234,2,0,0,0,technical,medium
3928,0.7,0.91,5,139,3,1,0,0,technical,medium
3929,0.73,0.62,4,210,4,0,0,0,technical,medium
3930,0.89,0.52,3,164,3,0,0,0,technical,high
3931,0.17,0.61,3,241,5,1,0,0,technical,low
3932,0.86,0.73,5,259,2,0,0,0,technical,medium
3933,0.59,0.73,3,159,3,1,0,0,technical,medium
3934,0.22,0.51,4,131,2,0,0,0,technical,medium
3935,0.55,0.57,3,266,2,0,0,0,technical,medium
3936,0.74,0.6,3,153,2,0,0,0,technical,low
3937,0.55,0.54,3,253,2,0,0,0,support,low
3938,0.67,0.94,4,141,2,1,0,0,support,low
3939,0.64,0.8,3,199,3,0,0,0,support,low
3940,0.58,0.71,3,205,3,0,0,0,support,low
3941,0.9,0.6,4,252,3,0,0,0,support,low
3942,0.89,0.9,4,153,3,0,0,0,support,low
3943,0.74,0.37,2,171,4,0,0,0,support,low
3944,0.78,0.91,5,150,4,0,0,0,support,low
3945,0.97,0.53,4,247,3,0,0,0,support,low
3946,0.52,0.92,4,150,2,1,0,0,support,low
3947,0.99,0.86,4,206,2,0,0,0,support,low
3948,0.76,0.44,4,192,4,1,0,0,technical,low
3949,0.69,0.96,5,164,3,0,0,0,technical,low
3950,0.59,0.69,3,186,3,0,0,0,technical,low
3951,0.95,0.63,3,249,3,0,0,0,management,low
3952,0.69,0.81,3,214,2,0,0,0,IT,low
3953,0.76,0.75,4,193,4,0,0,0,IT,low
3954,0.7,0.84,2,114,4,0,0,0,IT,low
3955,0.87,0.6,2,122,2,0,0,0,IT,low
3956,0.44,0.55,3,170,3,1,0,0,IT,low
3957,0.54,0.91,3,151,3,0,0,0,product_mng,medium
3958,0.55,0.75,3,156,3,0,0,0,product_mng,medium
3959,0.81,0.75,5,170,3,1,0,0,product_mng,medium
3960,0.5,0.55,3,188,2,0,0,0,product_mng,medium
3961,0.93,0.74,4,201,3,1,0,0,IT,medium
3962,0.64,0.5,6,254,6,0,0,0,RandD,medium
3963,0.57,0.78,3,206,4,0,0,0,RandD,medium
3964,0.95,0.74,4,216,3,0,0,0,RandD,medium
3965,0.86,0.67,5,200,3,0,0,0,RandD,medium
3966,0.82,0.58,4,202,2,0,0,0,RandD,medium
3967,0.18,0.79,4,217,4,0,0,0,RandD,medium
3968,0.58,0.7,5,151,4,0,0,0,marketing,medium
3969,0.57,0.56,3,224,2,0,0,0,sales,high
3970,0.94,0.83,5,148,3,0,0,0,accounting,low
3971,0.2,0.97,6,224,5,1,0,0,support,medium
3972,0.73,0.75,2,243,5,1,0,0,technical,medium
3973,0.94,0.8,4,238,3,1,0,0,management,medium
3974,0.99,0.61,3,254,3,0,0,0,marketing,medium
3975,0.22,0.49,4,218,4,0,0,0,marketing,low
3976,0.67,0.66,3,237,3,0,0,0,marketing,low
3977,0.49,0.67,4,185,2,0,0,0,sales,low
3978,0.78,0.95,4,184,3,0,0,0,sales,low
3979,0.15,0.74,2,176,3,1,0,0,sales,low
3980,0.91,0.89,4,260,3,0,0,0,sales,low
3981,0.7,0.78,4,254,4,0,0,0,sales,low
3982,0.6,0.95,3,221,3,0,0,0,sales,low
3983,0.59,0.57,5,257,2,0,0,0,sales,low
3984,0.59,0.93,3,265,3,1,0,0,sales,low
3985,0.55,0.64,3,138,3,1,0,0,sales,low
3986,0.42,0.75,3,163,2,1,0,0,sales,low
3987,0.57,0.81,3,144,3,0,0,0,sales,low
3988,0.72,0.51,3,146,2,1,0,0,sales,low
3989,0.83,0.81,3,242,6,0,0,0,sales,low
3990,0.89,0.93,4,249,3,0,0,0,sales,low
3991,0.55,0.59,3,245,3,0,0,0,sales,low
3992,0.53,0.75,4,201,2,0,0,0,sales,low
3993,0.74,0.59,4,177,4,1,0,0,sales,medium
3994,0.63,0.98,4,160,2,0,0,0,sales,medium
3995,0.63,0.4,6,177,2,1,0,0,sales,medium
3996,0.61,0.97,4,153,3,0,0,0,accounting,medium
3997,0.76,0.79,3,197,5,0,0,0,accounting,medium
3998,0.67,0.82,4,246,4,0,0,0,accounting,medium
3999,0.51,0.95,4,258,3,0,0,0,hr,medium
4000,0.67,0.55,3,137,3,0,0,0,hr,medium
4001,0.16,0.94,3,178,4,0,0,0,hr,medium
4002,0.34,0.85,4,123,4,0,0,0,hr,medium
4003,0.58,0.73,5,162,3,1,0,0,technical,medium
4004,0.5,0.71,5,210,5,0,0,0,technical,medium
4005,0.56,0.48,4,197,3,1,0,0,technical,high
4006,0.56,0.98,3,220,3,0,0,0,technical,low
4007,0.74,0.71,4,133,2,0,0,0,technical,medium
4008,0.69,0.99,3,198,2,0,0,0,technical,medium
4009,0.15,0.81,4,160,5,0,0,0,technical,medium
4010,0.58,0.67,2,180,2,0,0,0,technical,medium
4011,0.8,0.79,3,217,3,0,0,0,technical,low
4012,0.5,0.57,3,223,3,0,0,0,technical,low
4013,0.66,0.92,4,229,2,0,0,0,technical,low
4014,0.81,0.78,4,159,3,0,0,0,support,low
4015,0.14,0.68,5,253,5,0,0,0,support,low
4016,0.92,0.85,3,235,2,0,0,0,support,low
4017,0.69,0.91,4,186,3,0,0,0,support,low
4018,0.66,0.99,4,263,2,0,0,0,support,low
4019,0.85,0.39,4,239,4,0,0,0,support,low
4020,0.83,0.69,4,151,2,0,0,0,support,low
4021,1.0,0.49,3,106,4,0,0,0,support,low
4022,0.68,0.65,3,183,4,0,0,0,support,low
4023,0.26,0.97,3,125,2,0,0,0,support,low
4024,0.35,0.41,3,157,2,0,0,0,support,low
4025,0.12,0.58,3,241,2,0,0,0,technical,low
4026,0.91,0.93,4,184,3,0,0,0,technical,low
4027,0.65,0.67,4,144,3,0,0,0,technical,low
4028,0.78,0.72,3,255,4,1,0,0,management,low
4029,0.61,0.82,3,261,4,0,0,0,IT,low
4030,0.64,0.51,4,207,2,0,0,0,IT,low
4031,0.58,0.73,4,205,4,0,0,0,IT,low
4032,0.63,0.76,4,217,2,1,0,0,IT,medium
4033,0.94,0.6,4,215,2,1,0,0,IT,medium
4034,0.26,0.81,5,139,4,0,0,0,product_mng,medium
4035,0.59,0.69,3,146,3,0,0,0,product_mng,medium
4036,0.78,0.8,4,175,3,0,0,0,product_mng,medium
4037,0.86,0.64,5,188,3,0,0,0,product_mng,medium
4038,0.79,0.73,5,155,3,0,0,0,IT,medium
4039,0.89,0.73,4,171,4,0,0,0,RandD,medium
4040,0.34,0.99,4,184,3,0,0,0,RandD,medium
4041,0.29,0.77,3,164,6,0,0,0,RandD,medium
4042,0.71,0.89,3,244,4,0,0,0,RandD,medium
4043,0.93,0.58,4,222,2,0,0,0,RandD,medium
4044,0.94,0.76,4,231,3,1,0,0,RandD,high
4045,0.91,0.72,3,213,3,0,0,0,marketing,low
4046,0.71,0.96,4,144,4,0,0,0,sales,medium
4047,0.67,0.81,3,221,4,1,0,0,accounting,medium
4048,0.54,0.42,3,138,3,1,0,0,support,medium
4049,0.89,0.58,3,183,4,0,0,0,technical,medium
4050,0.94,0.91,3,250,3,1,0,0,management,low
4051,0.15,0.89,3,219,6,0,0,0,marketing,low
4052,0.45,0.92,6,164,4,1,0,0,marketing,low
4053,0.92,0.67,4,161,4,1,0,0,marketing,low
4054,0.63,0.56,4,274,5,1,0,0,sales,low
4055,0.8,0.66,4,181,3,1,0,0,sales,low
4056,0.45,0.72,3,148,2,0,0,0,sales,low
4057,0.72,0.54,3,226,2,1,0,0,sales,low
4058,0.84,0.36,6,256,5,0,0,0,sales,low
4059,0.61,0.51,3,141,2,0,0,0,sales,low
4060,0.63,0.88,3,177,3,0,0,0,sales,low
4061,0.49,0.54,4,173,2,0,0,0,sales,low
4062,0.68,0.51,2,196,3,0,0,0,sales,low
4063,0.64,0.85,5,179,2,0,0,0,sales,low
4064,0.61,0.64,4,201,3,0,0,0,sales,low
4065,0.83,0.55,5,247,3,0,0,0,sales,low
4066,0.94,0.51,5,238,2,0,0,0,sales,low
4067,0.27,0.66,3,133,6,0,0,0,sales,low
4068,0.6,0.49,2,194,4,0,0,0,sales,low
4069,0.83,0.69,4,232,2,0,0,0,sales,low
4070,0.53,0.75,3,232,3,0,0,0,sales,low
4071,0.79,0.97,4,204,3,0,0,0,sales,medium
4072,0.96,0.49,4,252,3,1,0,0,sales,medium
4073,0.5,0.56,3,164,3,0,0,0,accounting,medium
4074,0.68,0.81,5,266,2,0,0,0,accounting,medium
4075,0.24,0.54,4,226,4,1,0,0,accounting,medium
4076,0.8,0.8,4,252,6,0,0,0,hr,medium
4077,0.62,0.74,4,155,3,0,0,0,hr,medium
4078,1.0,0.85,3,202,2,0,0,0,hr,medium
4079,0.64,0.75,3,214,3,0,0,0,hr,medium
4080,0.51,0.55,4,267,3,0,0,0,technical,medium
4081,0.74,0.5,4,265,3,0,0,0,technical,medium
4082,0.49,0.99,3,221,2,1,0,0,technical,medium
4083,0.96,0.83,4,132,6,0,0,0,technical,high
4084,0.59,0.62,4,227,4,1,0,0,technical,low
4085,0.84,0.57,4,234,3,0,0,0,technical,medium
4086,0.16,0.84,3,238,6,0,0,0,technical,medium
4087,0.62,0.75,3,149,2,1,0,0,technical,medium
4088,0.79,0.67,4,152,3,0,0,0,technical,medium
4089,0.53,0.83,4,249,3,1,0,0,technical,low
4090,0.17,0.48,6,270,5,0,0,0,technical,low
4091,0.57,0.76,3,200,2,0,0,0,support,low
4092,0.65,0.82,4,207,2,0,0,0,support,low
4093,0.69,0.74,4,266,2,1,0,0,support,low
4094,0.3,0.8,6,250,3,0,0,0,support,low
4095,0.99,0.92,3,220,3,0,0,0,support,low
4096,0.5,0.69,4,177,2,0,0,0,support,low
4097,0.54,0.96,3,147,2,0,0,0,support,medium
4098,0.69,0.57,4,227,4,0,0,0,support,medium
4099,0.5,0.85,4,272,2,0,0,0,support,medium
4100,0.66,0.73,3,244,3,0,0,0,support,medium
4101,1.0,0.93,5,182,3,1,0,0,support,medium
4102,0.15,0.61,3,146,6,1,0,0,technical,medium
4103,0.31,0.54,5,259,5,1,0,0,technical,medium
4104,0.65,0.49,4,184,4,0,0,0,technical,medium
4105,0.72,0.69,4,149,2,0,0,0,management,medium
4106,0.84,0.85,4,185,3,1,0,0,IT,medium
4107,0.55,0.8,3,254,2,0,0,0,IT,medium
4108,0.6,0.58,4,249,3,0,0,0,IT,medium
4109,0.84,0.48,4,269,2,0,0,0,IT,medium
4110,0.68,0.87,3,168,3,0,0,0,IT,medium
4111,0.13,1.0,6,225,3,0,0,0,product_mng,medium
4112,0.88,0.98,3,160,2,0,0,0,product_mng,medium
4113,0.64,0.57,5,149,3,1,0,0,product_mng,medium
4114,0.19,0.95,5,193,3,0,0,0,product_mng,medium
4115,0.83,0.88,5,171,3,1,0,0,IT,medium
4116,0.17,0.41,4,232,3,1,0,0,RandD,medium
4117,0.44,0.74,4,250,6,0,0,0,RandD,medium
4118,0.52,0.55,4,243,2,0,0,0,RandD,medium
4119,0.66,0.62,4,250,2,0,0,0,RandD,medium
4120,0.96,0.55,4,153,3,0,0,0,RandD,medium
4121,0.19,0.5,5,126,3,1,0,0,RandD,medium
4122,0.86,1.0,3,192,3,0,0,0,marketing,high
4123,0.65,0.57,3,137,4,1,0,0,sales,high
4124,0.61,0.97,3,199,3,1,0,0,accounting,high
4125,0.53,0.96,3,181,3,1,0,0,support,high
4126,0.14,0.76,5,260,6,0,0,0,technical,high
4127,0.74,1.0,4,199,4,0,0,0,management,high
4128,0.47,0.62,6,171,5,1,0,0,marketing,high
4129,0.6,0.56,4,260,3,0,0,0,marketing,high
4130,0.81,0.58,3,243,4,0,0,0,marketing,high
4131,0.95,0.59,2,154,4,0,0,0,sales,high
4132,0.98,0.8,2,201,2,0,0,0,sales,high
4133,0.52,0.8,5,234,3,0,0,0,sales,high
4134,1.0,0.97,3,216,3,1,0,0,sales,low
4135,0.16,0.74,5,205,4,1,0,0,sales,low
4136,0.19,0.83,3,225,4,0,0,0,sales,low
4137,0.94,0.87,3,229,3,0,0,0,sales,low
4138,0.58,0.43,6,132,3,0,0,0,sales,low
4139,0.92,0.69,4,180,3,0,0,0,sales,low
4140,0.65,0.8,4,164,4,0,0,0,sales,low
4141,0.74,0.74,5,175,3,0,0,0,sales,low
4142,0.6,0.53,5,103,2,0,0,0,sales,low
4143,1.0,1.0,5,142,4,0,0,0,sales,low
4144,0.81,0.96,4,212,3,0,0,0,sales,low
4145,0.54,0.67,2,129,3,1,0,0,sales,low
4146,0.18,0.81,5,140,4,0,0,0,sales,low
4147,0.82,0.88,4,149,2,0,0,0,sales,low
4148,0.9,0.96,2,258,2,0,0,0,sales,low
4149,0.62,0.62,4,136,2,0,0,0,sales,medium
4150,0.77,0.76,2,216,3,1,0,0,accounting,medium
4151,0.58,0.86,3,151,2,0,0,0,accounting,medium
4152,0.27,0.47,5,217,6,0,0,0,accounting,medium
4153,0.78,0.72,4,219,3,0,0,0,hr,medium
4154,0.98,0.66,3,150,3,0,0,0,hr,medium
4155,0.75,0.5,4,98,4,0,0,0,hr,medium
4156,0.74,0.67,5,140,3,0,0,0,hr,medium
4157,0.9,0.99,3,259,3,1,0,0,technical,medium
4158,0.73,0.71,5,215,6,1,0,0,technical,medium
4159,0.9,0.62,4,258,3,0,0,0,technical,medium
4160,0.68,0.91,4,162,3,1,0,0,technical,medium
4161,0.9,0.74,3,260,4,0,0,0,technical,high
4162,0.64,0.93,5,198,2,0,0,0,technical,high
4163,0.63,0.9,2,242,3,1,0,0,technical,high
4164,0.87,0.89,4,219,4,0,0,0,technical,high
4165,0.6,0.55,4,204,3,0,0,0,technical,high
4166,0.7,0.74,3,157,3,0,0,0,technical,high
4167,0.15,0.94,5,244,6,0,0,0,technical,high
4168,0.45,0.75,3,122,3,0,0,0,support,high
4169,0.43,0.9,5,282,5,0,0,0,support,low
4170,0.92,0.46,5,195,5,0,0,0,support,low
4171,0.72,0.81,4,134,2,0,0,0,support,low
4172,0.94,0.84,3,210,2,0,0,0,support,low
4173,0.74,0.52,3,170,3,0,0,0,support,low
4174,0.48,0.71,2,140,3,1,0,0,support,low
4175,0.84,0.76,5,215,2,1,0,0,support,low
4176,0.53,0.86,3,150,3,0,0,0,support,low
4177,0.45,0.88,5,268,3,1,0,0,support,medium
4178,0.95,0.67,4,270,4,0,0,0,support,medium
4179,0.95,0.58,3,163,3,0,0,0,technical,medium
4180,0.7,0.85,3,188,2,0,0,0,technical,medium
4181,0.19,0.93,3,110,4,0,0,0,technical,medium
4182,0.74,0.91,5,135,3,0,0,0,management,medium
4183,0.54,0.59,4,228,3,0,0,0,IT,medium
4184,0.5,0.69,5,172,2,0,0,0,IT,medium
4185,0.95,0.72,3,168,5,0,0,0,IT,medium
4186,0.69,0.69,5,160,3,0,0,0,IT,medium
4187,0.24,0.74,5,282,3,0,0,0,IT,medium
4188,0.96,0.7,5,184,2,1,0,0,product_mng,medium
4189,0.61,0.5,4,217,4,1,0,0,product_mng,medium
4190,0.76,0.53,6,281,3,0,0,0,product_mng,medium
4191,0.61,0.64,3,245,2,0,0,0,product_mng,medium
4192,0.37,0.48,2,285,5,0,0,0,IT,medium
4193,0.81,0.9,4,165,3,0,0,0,RandD,medium
4194,0.59,0.9,3,146,3,0,0,0,RandD,medium
4195,0.73,0.82,3,133,3,0,0,0,RandD,medium
4196,0.87,0.57,2,181,6,0,0,0,RandD,medium
4197,0.67,0.66,6,152,3,0,0,0,RandD,medium
4198,0.96,0.78,2,284,3,0,0,0,RandD,medium
4199,0.98,0.51,3,157,3,0,0,0,marketing,medium
4200,0.5,0.58,4,165,2,0,0,0,sales,high
4201,0.49,0.71,3,255,2,1,0,0,accounting,low
4202,0.13,0.65,4,194,4,0,0,0,support,medium
4203,0.57,0.68,3,102,6,0,0,0,technical,medium
4204,0.51,0.94,4,247,2,0,0,0,management,medium
4205,0.99,0.69,3,206,2,0,0,0,marketing,medium
4206,0.8,0.77,3,171,2,0,0,0,marketing,medium
4207,0.56,0.39,5,263,4,0,0,0,marketing,medium
4208,0.96,0.84,4,272,4,1,0,0,sales,medium
4209,0.96,0.5,3,158,2,1,0,0,sales,medium
4210,0.87,0.53,6,216,6,1,0,0,sales,medium
4211,0.61,0.9,5,113,3,0,0,0,sales,medium
4212,0.18,0.6,3,140,4,0,0,0,sales,low
4213,0.24,0.77,5,178,5,0,0,0,sales,low
4214,0.86,0.48,4,153,3,0,0,0,sales,low
4215,0.25,0.62,6,271,5,0,0,0,sales,low
4216,0.25,0.82,3,269,5,0,0,0,sales,low
4217,0.63,0.55,3,160,3,0,0,0,sales,low
4218,0.89,0.68,4,258,2,1,0,0,sales,low
4219,0.87,0.82,4,251,3,0,0,0,sales,high
4220,0.87,0.78,3,170,2,0,0,0,sales,low
4221,0.71,0.99,4,238,4,1,0,0,sales,high
4222,0.98,0.87,4,152,2,0,0,0,sales,high
4223,0.16,0.51,3,262,6,0,0,0,sales,low
4224,0.83,0.68,4,273,2,0,0,0,sales,low
4225,0.65,0.77,3,233,2,0,0,0,sales,high
4226,0.95,0.64,3,262,3,0,0,0,sales,low
4227,0.67,0.67,3,183,3,0,0,0,accounting,medium
4228,0.53,0.88,3,150,3,1,0,0,accounting,high
4229,0.74,0.94,3,132,3,0,0,0,accounting,medium
4230,0.77,0.79,3,200,4,0,0,0,hr,medium
4231,0.13,0.72,4,148,5,0,0,0,hr,medium
4232,0.82,0.92,3,187,3,1,0,0,hr,medium
4233,0.88,0.65,4,224,2,0,0,0,hr,high
4234,0.89,0.5,4,147,2,0,0,0,technical,medium
4235,0.85,0.51,3,153,4,0,0,0,technical,medium
4236,0.93,0.87,5,154,2,0,0,0,technical,medium
4237,0.62,0.7,5,270,3,0,0,0,technical,high
4238,0.58,0.96,3,202,2,0,0,0,technical,medium
4239,0.98,0.5,4,264,3,0,0,0,technical,high
4240,0.52,0.45,2,145,3,0,0,0,technical,low
4241,0.76,0.49,3,138,2,1,0,0,technical,medium
4242,0.73,0.91,3,238,2,0,0,0,technical,medium
4243,0.74,0.64,4,147,5,0,0,0,technical,medium
4244,0.49,0.48,3,190,2,0,0,0,technical,medium
4245,0.91,0.97,4,183,3,0,0,0,support,low
4246,0.74,0.92,5,255,3,0,0,0,support,low
4247,0.86,0.82,4,252,4,0,0,0,support,low
4248,0.52,0.47,6,141,5,1,0,0,support,low
4249,0.95,0.81,3,260,2,0,0,0,support,low
4250,0.65,0.98,3,136,3,0,0,0,support,low
4251,0.7,0.56,4,182,2,0,0,0,support,low
4252,0.14,0.66,6,142,5,0,0,0,support,low
4253,0.92,0.53,2,261,4,0,0,0,support,low
4254,0.54,0.6,3,209,2,0,0,0,support,low
4255,0.76,0.95,2,156,4,0,0,0,support,high
4256,0.78,0.66,4,214,2,0,0,0,technical,low
4257,0.85,0.86,4,250,3,0,0,0,technical,low
4258,0.78,0.8,4,197,3,1,0,0,technical,low
4259,0.55,0.72,3,149,3,0,0,0,management,low
4260,0.68,0.61,5,271,2,0,0,0,IT,high
4261,0.91,0.68,4,187,2,0,0,0,IT,low
4262,0.76,0.56,3,154,2,0,0,0,IT,low
4263,0.15,0.67,4,264,3,0,0,0,IT,low
4264,0.95,0.6,2,144,3,0,0,0,IT,high
4265,0.74,0.37,6,200,3,0,0,0,product_mng,low
4266,0.92,0.56,5,197,2,1,0,0,product_mng,medium
4267,0.64,0.89,3,175,3,1,0,0,product_mng,high
4268,0.96,0.9,3,161,3,0,0,0,product_mng,medium
4269,0.21,0.72,3,245,6,0,0,0,IT,high
4270,0.85,0.67,3,167,4,0,0,0,RandD,medium
4271,0.52,0.86,5,168,3,0,0,0,RandD,medium
4272,0.54,0.81,5,261,6,0,0,0,RandD,medium
4273,0.56,0.81,5,274,4,0,0,0,RandD,medium
4274,0.59,0.79,4,181,3,0,0,0,RandD,medium
4275,0.88,0.58,5,266,3,1,0,0,marketing,medium
4276,0.7,0.84,4,184,3,0,0,0,sales,medium
4277,0.95,0.58,3,193,2,0,0,0,accounting,medium
4278,0.83,0.88,3,217,2,1,0,0,support,high
4279,0.76,0.62,4,197,3,0,0,0,technical,low
4280,0.82,0.92,5,252,3,0,0,0,management,medium
4281,0.55,0.97,4,136,3,0,0,0,marketing,medium
4282,0.89,0.55,5,194,4,0,0,0,marketing,medium
4283,0.66,0.94,4,190,3,0,0,0,marketing,medium
4284,0.41,0.61,3,185,2,1,0,0,sales,medium
4285,0.83,0.77,3,232,2,1,0,0,sales,medium
4286,0.88,0.72,3,200,2,1,0,0,sales,medium
4287,0.56,0.66,5,155,2,0,0,0,sales,medium
4288,0.53,0.72,3,228,3,0,0,0,sales,medium
4289,0.8,0.41,3,188,4,0,0,0,sales,high
4290,0.95,0.78,4,245,3,0,0,0,sales,low
4291,0.9,0.88,4,205,2,0,0,0,sales,low
4292,0.5,0.97,4,269,3,0,0,0,sales,low
4293,0.4,0.59,3,207,6,0,0,0,sales,high
4294,0.52,0.85,3,250,4,0,0,0,sales,low
4295,0.51,0.5,5,251,3,1,0,0,sales,low
4296,0.84,0.62,5,217,3,0,0,0,sales,low
4297,0.78,0.98,5,252,3,0,0,0,sales,high
4298,0.91,0.71,2,159,3,1,0,0,sales,low
4299,0.59,0.71,5,169,2,0,0,0,sales,low
4300,0.69,0.97,5,105,4,0,0,0,sales,low
4301,0.87,0.93,4,268,2,0,0,0,sales,low
4302,0.66,1.0,5,145,2,0,0,0,sales,low
4303,0.5,0.54,4,165,3,0,0,0,accounting,low
4304,0.95,0.75,3,253,4,0,0,0,accounting,low
4305,0.77,0.64,3,254,3,0,0,0,accounting,medium
4306,0.66,0.5,3,218,2,0,0,0,hr,medium
4307,0.61,0.98,3,138,5,1,0,0,hr,medium
4308,0.7,0.87,5,239,3,0,0,0,hr,medium
4309,0.89,0.71,5,182,2,1,0,0,hr,medium
4310,0.6,0.78,4,152,3,1,0,0,technical,medium
4311,0.62,0.51,3,222,3,1,0,0,technical,medium
4312,0.59,0.9,2,219,2,1,0,0,technical,medium
4313,0.69,0.59,4,266,4,0,0,0,technical,medium
4314,0.36,0.94,3,113,5,1,0,0,technical,medium
4315,0.59,0.93,4,146,3,0,0,0,technical,medium
4316,0.5,0.51,5,238,4,0,0,0,technical,medium
4317,0.53,0.99,3,188,3,0,0,0,technical,high
4318,0.84,0.9,4,237,2,0,0,0,technical,low
4319,0.51,0.95,4,201,3,0,0,0,technical,medium
4320,0.53,0.56,5,188,3,0,0,0,technical,medium
4321,0.98,0.63,3,137,3,0,0,0,support,medium
4322,0.95,0.81,4,263,3,0,0,0,support,medium
4323,0.13,0.76,5,217,3,0,0,0,support,low
4324,0.5,0.64,4,213,4,0,0,0,support,low
4325,0.93,0.76,3,244,3,0,0,0,support,low
4326,0.5,0.87,3,252,2,0,0,0,support,low
4327,0.66,0.84,4,168,2,0,0,0,support,low
4328,0.89,0.79,4,212,3,0,0,0,support,low
4329,0.46,0.43,4,258,3,0,0,0,support,low
4330,0.67,0.6,4,210,3,0,0,0,support,low
4331,0.96,0.9,4,246,3,0,0,0,support,low
4332,0.98,0.76,4,221,3,1,0,0,technical,low
4333,0.67,0.57,5,215,4,0,0,0,technical,low
4334,0.72,0.72,4,175,4,0,0,0,technical,low
4335,0.65,0.49,5,221,2,0,0,0,management,low
4336,0.72,0.67,5,219,3,0,0,0,IT,low
4337,0.78,0.58,3,154,3,0,0,0,IT,low
4338,0.93,0.56,3,266,2,0,0,0,IT,low
4339,0.73,0.85,5,224,4,0,0,0,IT,low
4340,0.2,0.57,4,269,5,1,0,0,IT,low
4341,0.47,0.5,4,159,2,0,0,0,product_mng,low
4342,0.56,0.62,4,247,3,0,0,0,product_mng,low
4343,0.72,0.86,4,137,2,0,0,0,product_mng,low
4344,0.91,0.56,4,251,4,0,0,0,product_mng,medium
4345,0.79,0.49,5,210,3,0,0,0,IT,medium
4346,0.53,0.75,2,123,4,0,0,0,RandD,medium
4347,0.14,0.51,4,253,6,0,0,0,RandD,medium
4348,0.78,0.92,5,242,4,0,0,0,RandD,medium
4349,0.52,0.74,3,238,3,0,0,0,RandD,medium
4350,0.94,0.68,5,151,2,0,0,0,RandD,medium
4351,0.83,0.8,4,158,4,0,0,0,marketing,medium
4352,0.44,0.68,2,120,2,0,0,0,marketing,medium
4353,0.72,0.74,3,187,2,0,0,0,sales,medium
4354,0.84,0.58,3,140,3,0,0,0,accounting,medium
4355,0.76,0.99,3,164,2,0,0,0,support,medium
4356,0.92,0.94,5,253,2,0,0,0,technical,high
4357,0.58,0.93,5,235,2,0,0,0,management,low
4358,0.85,0.81,4,189,4,0,0,0,marketing,medium
4359,0.74,0.51,4,246,3,1,0,0,marketing,medium
4360,0.74,0.87,4,258,2,0,0,0,marketing,medium
4361,0.72,0.8,3,158,3,0,0,0,sales,medium
4362,0.76,0.98,4,173,3,1,0,0,sales,low
4363,0.85,0.72,3,201,3,0,0,0,sales,low
4364,0.82,0.49,5,185,3,0,0,0,sales,low
4365,0.6,0.93,5,270,3,1,0,0,sales,low
4366,0.39,0.64,3,152,2,0,0,0,sales,low
4367,0.83,0.53,3,211,4,1,0,0,sales,low
4368,0.7,0.92,3,162,3,1,0,0,sales,low
4369,0.84,0.97,4,253,2,1,0,0,sales,low
4370,0.9,0.77,4,236,3,0,0,0,sales,low
4371,0.18,0.84,4,231,5,0,0,0,sales,low
4372,0.52,0.71,2,231,2,0,0,0,sales,low
4373,0.87,0.51,4,233,3,0,0,0,sales,low
4374,0.6,0.79,5,217,2,0,0,0,sales,low
4375,0.72,0.93,4,174,2,0,0,0,sales,low
4376,0.48,0.64,4,227,3,0,0,0,sales,low
4377,0.75,0.53,3,222,2,0,0,0,sales,low
4378,0.85,0.55,2,207,6,0,0,0,sales,low
4379,0.39,0.41,6,115,3,0,0,0,sales,low
4380,0.61,0.68,3,254,2,0,0,0,accounting,low
4381,0.6,0.61,4,170,3,0,0,0,accounting,low
4382,0.57,0.64,2,206,3,0,0,0,accounting,low
4383,0.19,0.68,5,149,3,0,0,0,hr,medium
4384,0.48,0.77,3,197,3,0,0,0,hr,medium
4385,0.69,0.75,4,261,3,0,0,0,hr,medium
4386,0.7,0.55,4,256,4,0,0,0,hr,medium
4387,0.65,0.92,3,219,3,0,0,0,technical,medium
4388,0.81,0.96,4,143,3,1,0,0,technical,medium
4389,0.85,0.95,4,171,3,0,0,0,technical,medium
4390,0.93,0.76,4,207,2,0,0,0,technical,medium
4391,0.72,0.94,4,235,3,0,0,0,technical,medium
4392,0.49,0.55,2,173,3,0,0,0,technical,medium
4393,0.94,0.47,5,131,6,0,0,0,technical,medium
4394,0.81,0.84,4,143,2,0,0,0,technical,medium
4395,0.92,0.78,5,193,4,0,0,0,technical,high
4396,0.97,0.82,3,135,2,0,0,0,technical,low
4397,0.98,0.61,4,265,2,1,0,0,technical,medium
4398,0.44,0.45,3,133,2,1,0,0,support,medium
4399,0.72,0.87,4,184,4,0,0,0,support,medium
4400,0.8,0.73,5,135,3,0,0,0,support,medium
4401,0.6,0.72,4,267,4,0,0,0,support,low
4402,0.89,0.65,4,184,3,0,0,0,support,low
4403,0.69,0.57,5,227,2,0,0,0,support,low
4404,0.54,0.81,4,257,2,0,0,0,support,low
4405,0.97,0.75,5,235,3,1,0,0,support,low
4406,0.37,0.4,4,161,2,0,0,0,support,low
4407,0.73,0.52,4,215,3,0,0,0,support,low
4408,0.57,0.69,4,146,3,0,0,0,support,low
4409,0.86,0.66,4,191,2,0,0,0,technical,low
4410,0.83,0.85,4,261,3,0,0,0,technical,low
4411,0.19,0.52,5,200,5,0,0,0,technical,low
4412,0.55,0.93,4,239,4,0,0,0,management,low
4413,0.6,0.65,4,160,2,0,0,0,IT,low
4414,0.62,0.71,3,177,3,1,0,0,IT,low
4415,0.65,0.55,5,215,2,0,0,0,IT,low
4416,0.4,0.48,4,97,2,0,0,0,IT,low
4417,0.82,0.78,5,231,2,1,0,0,IT,low
4418,0.75,0.69,2,257,2,1,0,0,product_mng,low
4419,0.83,0.53,3,232,3,1,0,0,product_mng,low
4420,0.77,0.78,4,212,3,0,0,0,product_mng,low
4421,0.59,0.98,4,198,3,0,0,0,product_mng,low
4422,0.8,0.79,5,240,4,0,0,0,IT,medium
4423,0.84,0.55,3,242,3,0,0,0,RandD,medium
4424,0.88,0.71,4,250,3,0,0,0,RandD,medium
4425,0.37,0.9,3,229,6,0,0,0,RandD,medium
4426,0.88,0.66,4,133,2,0,0,0,RandD,medium
4427,0.69,0.85,3,200,2,0,0,0,RandD,medium
4428,0.54,0.49,2,155,2,1,0,0,marketing,medium
4429,0.76,0.57,5,139,4,0,0,0,sales,medium
4430,0.51,0.58,4,272,3,0,0,0,accounting,medium
4431,0.16,0.52,3,100,4,0,0,0,support,medium
4432,0.65,0.6,5,160,3,0,0,0,technical,medium
4433,0.54,0.81,5,195,4,0,0,0,management,medium
4434,0.66,0.68,4,152,3,0,0,0,marketing,high
4435,0.95,0.65,5,182,3,0,0,0,marketing,low
4436,0.83,0.57,3,137,2,0,0,0,marketing,medium
4437,0.98,0.84,4,182,3,0,0,0,sales,medium
4438,0.72,0.72,3,217,2,0,0,0,sales,medium
4439,0.71,0.62,4,192,4,0,0,0,sales,medium
4440,0.36,0.65,3,116,2,1,0,0,sales,low
4441,0.55,0.65,4,170,4,0,0,0,sales,low
4442,0.64,0.52,3,223,3,0,0,0,sales,low
4443,0.62,0.57,3,174,2,0,0,0,sales,low
4444,1.0,0.95,3,193,6,0,0,0,sales,low
4445,0.91,0.91,6,167,2,1,0,0,sales,low
4446,0.81,0.67,4,225,3,0,0,0,sales,low
4447,0.71,0.92,4,248,3,1,0,0,sales,low
4448,0.97,0.74,3,104,5,0,0,0,sales,low
4449,0.75,0.86,6,148,4,0,0,0,sales,low
4450,0.68,1.0,3,148,4,1,0,0,sales,low
4451,0.87,0.68,5,187,3,0,0,0,sales,low
4452,0.96,0.57,3,151,2,0,0,0,sales,low
4453,0.41,0.86,6,215,5,0,0,0,sales,low
4454,0.81,0.61,4,142,4,0,0,0,sales,low
4455,0.68,1.0,6,258,5,0,0,0,sales,low
4456,0.63,0.56,4,228,3,0,0,0,accounting,low
4457,0.6,0.84,2,221,3,0,0,0,accounting,low
4458,0.66,0.97,3,263,3,0,0,0,accounting,medium
4459,0.69,0.82,4,273,4,0,0,0,hr,medium
4460,0.23,0.37,3,247,4,0,0,0,hr,medium
4461,0.52,0.63,3,225,3,0,0,0,hr,medium
4462,0.65,0.86,4,269,2,1,0,0,hr,medium
4463,0.78,0.4,6,174,3,0,0,0,technical,medium
4464,0.6,0.65,5,201,2,0,0,0,technical,medium
4465,0.9,0.62,3,254,3,0,0,0,technical,medium
4466,0.59,0.95,5,254,2,0,0,0,technical,medium
4467,0.89,0.78,3,185,2,1,0,0,technical,medium
4468,0.96,0.85,4,200,4,0,0,0,technical,medium
4469,0.68,0.76,3,190,3,1,0,0,technical,medium
4470,0.52,0.72,2,160,2,0,0,0,technical,high
4471,0.68,0.94,3,264,2,0,0,0,technical,low
4472,0.6,0.59,3,172,3,0,0,0,technical,medium
4473,0.28,0.83,5,279,4,0,0,0,technical,medium
4474,0.98,0.54,5,260,3,0,0,0,support,medium
4475,0.67,0.52,4,262,2,0,0,0,support,medium
4476,0.86,0.6,5,134,2,1,0,0,support,low
4477,0.83,0.9,3,195,3,0,0,0,support,low
4478,0.79,0.86,3,139,3,0,0,0,support,low
4479,0.54,0.86,4,205,5,0,0,0,support,low
4480,0.51,0.86,5,212,2,0,0,0,support,low
4481,0.75,0.65,4,148,2,0,0,0,support,low
4482,0.51,0.67,4,228,3,0,0,0,support,low
4483,0.73,0.74,5,230,3,0,0,0,support,low
4484,0.17,0.4,4,286,3,0,0,0,support,low
4485,0.88,0.59,4,142,3,0,0,0,technical,low
4486,0.76,0.79,3,161,3,0,0,0,technical,low
4487,0.29,0.77,3,152,3,1,0,0,technical,low
4488,0.62,0.97,4,266,3,0,0,0,management,low
4489,0.5,0.85,2,143,3,0,0,0,IT,low
4490,0.16,0.65,5,165,3,0,0,0,IT,low
4491,0.18,0.99,4,204,6,0,0,0,IT,low
4492,0.86,0.68,4,170,2,0,0,0,IT,low
4493,0.68,0.52,5,203,3,0,0,0,IT,low
4494,0.68,0.85,3,199,3,0,0,0,product_mng,low
4495,0.89,0.78,4,223,3,0,0,0,product_mng,low
4496,0.86,0.88,4,220,2,0,0,0,product_mng,low
4497,0.43,0.41,4,190,3,0,0,0,product_mng,medium
4498,0.85,0.58,4,143,6,1,0,0,IT,medium
4499,0.94,0.8,5,111,4,0,0,1,RandD,medium
4500,0.58,0.71,4,145,3,1,0,1,RandD,medium
4501,0.43,0.6,3,138,3,0,0,1,RandD,medium
4502,0.72,0.49,3,203,3,0,0,1,RandD,medium
4503,0.95,0.96,5,175,3,1,0,1,RandD,medium
4504,0.35,0.67,3,119,3,0,0,1,marketing,medium
4505,0.77,0.79,3,157,3,0,0,1,sales,medium
4506,0.74,0.7,5,135,2,0,0,1,accounting,medium
4507,0.5,0.6,4,200,2,0,0,1,support,medium
4508,0.87,0.56,4,121,2,0,0,1,technical,medium
4509,0.55,0.48,3,162,3,0,0,1,management,high
4510,0.8,0.65,3,135,3,0,0,1,marketing,low
4511,0.49,0.52,4,183,2,0,0,1,marketing,medium
4512,0.54,0.92,4,228,3,0,0,1,marketing,medium
4513,0.21,0.87,4,148,5,0,0,0,sales,medium
4514,0.77,0.77,3,219,2,0,0,0,sales,medium
4515,0.53,0.73,4,147,3,0,0,0,sales,low
4516,0.89,0.49,5,165,6,0,0,0,sales,low
4517,0.25,0.59,4,218,3,1,0,0,sales,low
4518,0.53,0.59,3,231,2,0,0,0,sales,low
4519,0.44,0.45,2,124,3,0,0,0,sales,low
4520,0.7,0.44,2,131,2,0,0,0,sales,low
4521,0.54,0.76,3,199,4,0,0,0,sales,low
4522,0.9,0.56,3,220,3,0,0,0,sales,low
4523,0.69,0.8,5,215,3,0,0,0,sales,low
4524,0.78,0.59,4,180,3,0,0,0,sales,low
4525,0.91,0.49,6,272,6,0,0,0,sales,low
4526,0.92,0.61,2,228,2,0,0,0,sales,low
4527,0.96,0.88,3,168,2,0,0,0,sales,low
4528,0.8,0.77,4,205,2,0,0,0,sales,low
4529,0.52,0.67,3,244,3,0,0,0,sales,low
4530,0.52,0.97,3,185,2,0,0,0,sales,low
4531,0.93,0.96,5,135,3,1,0,0,sales,low
4532,0.89,0.9,4,160,2,0,0,0,accounting,low
4533,0.83,0.61,4,262,4,0,0,0,accounting,low
4534,0.7,0.84,6,225,6,0,0,0,accounting,low
4535,0.89,0.74,4,174,2,0,0,0,hr,low
4536,0.21,0.37,6,266,3,0,0,1,hr,medium
4537,0.67,0.78,4,241,4,0,0,1,hr,medium
4538,0.73,0.97,3,245,2,0,0,1,hr,medium
4539,0.85,0.51,3,261,4,0,0,1,technical,medium
4540,0.54,0.85,4,157,3,0,0,1,technical,medium
4541,0.74,0.94,3,286,6,0,0,1,technical,medium
4542,0.71,0.65,4,263,2,1,0,1,technical,medium
4543,0.76,0.52,2,229,3,0,0,1,technical,medium
4544,0.85,0.5,4,159,2,0,0,1,technical,medium
4545,0.82,0.89,4,196,3,0,0,1,technical,medium
4546,0.71,0.79,4,133,3,0,0,1,technical,medium
4547,0.79,0.65,5,228,3,0,0,1,technical,medium
4548,0.86,0.56,4,247,3,0,0,1,technical,high
4549,0.9,0.78,5,215,3,0,0,1,technical,low
4550,0.65,0.8,6,233,3,1,0,1,support,medium
4551,0.53,0.74,5,237,2,0,0,1,support,medium
4552,0.51,0.91,4,269,5,0,0,1,support,medium
4553,1.0,0.76,6,246,3,1,0,1,support,medium
4554,0.92,0.82,4,168,3,0,0,1,support,low
4555,1.0,0.59,3,168,3,0,0,1,support,low
4556,0.23,0.67,4,163,5,0,0,1,support,low
4557,0.52,0.77,3,142,2,0,0,1,support,low
4558,0.8,0.83,4,183,2,1,0,1,support,low
4559,0.59,0.72,4,264,3,0,0,0,support,low
4560,0.75,0.55,2,184,2,0,0,0,support,low
4561,0.99,0.58,4,138,3,0,0,0,technical,low
4562,0.57,0.76,3,195,3,0,0,0,technical,medium
4563,0.87,0.95,4,251,3,0,0,0,technical,medium
4564,0.52,0.47,3,108,5,0,0,0,management,medium
4565,0.57,0.9,3,144,2,0,0,0,IT,medium
4566,0.32,0.77,6,112,4,0,0,0,IT,medium
4567,0.66,0.81,2,201,3,0,0,0,IT,medium
4568,0.53,0.8,4,204,3,0,0,0,IT,medium
4569,0.55,0.62,5,226,3,0,0,0,IT,medium
4570,0.66,0.9,3,217,4,0,0,0,product_mng,medium
4571,0.69,0.92,4,149,2,0,0,0,product_mng,medium
4572,0.67,0.99,5,237,3,0,0,0,product_mng,medium
4573,0.75,0.37,3,256,3,0,0,0,product_mng,medium
4574,0.7,0.98,4,194,2,0,0,0,IT,medium
4575,0.71,0.74,3,202,2,0,0,0,RandD,medium
4576,0.97,0.6,5,133,2,0,0,0,RandD,medium
4577,0.5,0.48,3,246,3,0,0,0,RandD,medium
4578,0.34,0.92,3,206,3,0,0,0,RandD,medium
4579,0.67,0.74,3,204,3,0,0,0,RandD,medium
4580,0.78,0.98,4,157,3,0,0,0,marketing,medium
4581,0.52,0.91,4,187,2,0,0,0,sales,medium
4582,0.91,0.51,2,211,2,0,0,0,accounting,medium
4583,0.79,0.92,3,204,3,0,0,0,support,medium
4584,0.83,0.53,5,182,2,1,0,0,technical,medium
4585,0.74,0.76,3,244,3,0,0,0,management,medium
4586,0.77,0.97,3,184,3,1,0,0,marketing,medium
4587,0.49,0.71,2,117,3,0,0,0,marketing,high
4588,0.94,0.89,3,230,3,1,0,0,marketing,high
4589,0.99,0.91,3,241,2,0,0,0,sales,high
4590,0.69,0.84,3,227,3,1,0,0,sales,high
4591,0.88,0.59,5,147,4,0,0,0,sales,high
4592,0.89,0.9,3,240,3,0,0,0,sales,high
4593,0.8,0.58,4,238,2,0,0,0,sales,high
4594,0.22,0.89,4,262,4,0,0,0,sales,high
4595,0.87,0.83,4,215,2,0,0,0,sales,high
4596,0.66,0.66,3,211,4,0,0,0,sales,high
4597,0.9,0.68,3,156,3,1,0,0,sales,high
4598,0.95,0.54,4,180,5,0,0,0,sales,high
4599,0.49,0.56,4,260,6,0,0,0,sales,low
4600,0.71,0.68,4,228,2,0,0,0,sales,low
4601,0.2,0.96,2,249,3,0,0,0,sales,low
4602,0.95,0.64,3,242,5,1,0,0,sales,low
4603,0.68,0.8,2,254,2,1,0,0,sales,low
4604,0.93,0.68,3,272,2,1,0,0,sales,low
4605,0.85,0.57,5,210,3,0,0,0,sales,low
4606,0.82,0.68,3,140,2,0,0,0,sales,low
4607,0.87,0.42,5,252,5,0,0,0,sales,low
4608,0.88,0.84,3,266,3,0,0,0,accounting,low
4609,0.98,0.79,4,138,3,0,0,0,accounting,low
4610,0.89,0.98,3,220,3,0,0,0,accounting,low
4611,0.92,0.51,5,214,3,0,0,0,hr,low
4612,0.48,0.6,2,121,5,0,0,0,hr,low
4613,0.67,0.49,4,195,3,0,0,0,hr,low
4614,0.84,0.55,3,135,3,0,0,0,hr,medium
4615,0.97,0.78,4,261,2,0,0,0,technical,medium
4616,0.65,0.53,5,205,3,1,0,0,technical,medium
4617,0.79,0.87,5,240,2,1,0,0,technical,medium
4618,0.75,0.75,2,141,4,0,0,0,technical,medium
4619,0.69,0.64,4,200,3,0,0,0,technical,medium
4620,0.85,0.6,4,257,3,0,0,0,technical,medium
4621,0.34,0.41,2,141,3,0,0,0,technical,medium
4622,0.97,0.68,3,185,2,0,0,0,technical,medium
4623,0.39,0.99,6,235,6,0,0,0,technical,medium
4624,0.54,0.81,4,264,4,0,0,0,technical,medium
4625,0.78,0.67,4,260,3,0,0,0,technical,medium
4626,0.49,0.79,4,158,3,0,0,0,support,high
4627,0.17,0.83,6,195,5,0,0,0,support,high
4628,0.98,0.81,3,180,2,1,0,0,support,high
4629,0.9,1.0,2,114,5,0,0,0,support,high
4630,0.24,0.89,5,228,4,1,0,0,support,high
4631,0.92,0.79,5,243,3,1,0,0,support,high
4632,0.36,0.72,3,179,3,0,0,0,support,high
4633,0.19,0.76,2,158,3,0,0,0,support,high
4634,0.75,0.76,4,254,4,0,0,0,support,low
4635,0.91,0.81,3,220,3,1,0,0,support,low
4636,0.72,0.95,5,171,3,0,0,0,support,low
4637,0.62,0.64,4,142,2,0,0,0,technical,low
4638,0.97,0.75,3,241,2,0,0,0,technical,low
4639,0.69,0.64,3,275,3,0,0,0,technical,low
4640,0.98,0.56,3,157,2,0,0,0,management,low
4641,0.62,0.53,5,169,3,0,0,0,IT,low
4642,0.59,0.82,2,233,2,0,0,0,IT,medium
4643,0.73,0.98,4,160,3,0,0,0,IT,medium
4644,0.71,0.79,3,189,3,0,0,0,IT,medium
4645,0.85,0.58,4,273,4,0,0,0,IT,medium
4646,0.8,0.94,4,141,3,1,0,0,product_mng,medium
4647,0.48,0.38,3,134,3,0,0,0,product_mng,medium
4648,0.64,0.4,3,248,3,0,0,0,product_mng,medium
4649,0.19,0.64,6,222,5,0,0,0,product_mng,medium
4650,0.82,0.69,5,219,3,0,0,0,IT,medium
4651,0.99,0.96,4,202,3,0,0,0,RandD,medium
4652,0.45,0.58,3,200,2,0,0,0,RandD,medium
4653,0.89,0.89,3,138,2,0,0,0,RandD,medium
4654,0.75,0.78,4,158,5,1,0,0,RandD,medium
4655,0.8,0.86,3,136,2,0,0,0,RandD,medium
4656,0.78,0.49,4,222,2,0,0,0,marketing,medium
4657,0.95,0.76,3,236,2,1,0,0,sales,medium
4658,0.68,0.67,4,135,2,0,0,0,accounting,medium
4659,0.82,0.97,5,235,3,0,0,0,support,medium
4660,0.9,0.69,4,274,2,0,0,0,technical,medium
4661,0.59,0.99,3,235,2,0,0,0,management,medium
4662,0.66,0.57,3,169,4,1,0,0,marketing,medium
4663,0.63,0.56,5,286,4,0,0,0,marketing,medium
4664,0.73,0.78,3,166,2,0,0,0,marketing,medium
4665,0.63,0.93,3,236,4,0,0,0,sales,high
4666,0.87,0.62,5,197,2,0,0,0,sales,low
4667,0.62,0.87,6,169,2,1,0,0,sales,medium
4668,0.53,0.9,3,210,3,0,0,0,sales,medium
4669,0.94,0.83,4,156,2,0,0,0,sales,medium
4670,0.94,0.55,5,231,2,0,0,0,sales,medium
4671,0.55,0.64,3,101,2,1,0,0,sales,medium
4672,0.58,0.72,4,259,3,0,0,0,sales,medium
4673,0.98,0.88,5,203,5,1,0,0,sales,medium
4674,0.74,0.76,5,255,4,0,0,0,sales,medium
4675,0.65,0.48,3,131,3,1,0,0,sales,medium
4676,0.97,0.79,2,272,2,0,0,0,sales,medium
4677,0.58,0.75,4,253,2,0,0,0,sales,low
4678,0.49,0.77,2,254,2,0,0,0,sales,low
4679,0.69,0.98,3,214,2,0,0,0,sales,low
4680,0.55,0.49,5,195,3,0,0,0,sales,low
4681,0.65,0.89,4,240,3,0,0,0,sales,low
4682,0.87,0.49,4,149,2,0,0,0,sales,low
4683,0.12,0.7,4,276,4,0,0,0,sales,low
4684,0.65,0.84,4,247,4,0,0,0,accounting,high
4685,0.23,0.66,4,212,4,1,0,0,accounting,low
4686,0.62,0.77,4,256,3,0,0,0,accounting,high
4687,0.86,0.72,4,178,2,0,0,0,hr,high
4688,0.85,0.6,4,255,4,0,0,0,hr,low
4689,0.74,0.76,3,224,2,0,0,0,hr,low
4690,0.53,0.76,2,204,4,0,0,0,hr,high
4691,0.99,0.44,6,104,6,0,0,0,technical,low
4692,0.48,0.81,5,113,3,0,0,0,technical,medium
4693,0.72,0.74,3,243,2,0,0,0,technical,high
4694,0.76,0.72,3,242,5,1,0,0,technical,medium
4695,0.41,0.7,4,177,3,0,0,0,technical,medium
4696,0.85,0.88,3,235,2,0,0,0,technical,medium
4697,0.62,0.49,4,175,3,0,0,0,technical,medium
4698,0.16,0.78,4,280,6,0,0,0,technical,high
4699,0.58,0.61,3,205,2,0,0,0,technical,medium
4700,0.73,0.95,4,243,3,0,0,0,technical,medium
4701,0.28,0.76,3,150,2,0,0,0,technical,medium
4702,0.77,0.61,4,178,2,1,0,0,support,high
4703,0.85,0.86,3,231,3,0,0,0,support,medium
4704,0.56,0.76,3,134,2,0,0,0,support,high
4705,0.81,1.0,5,143,2,0,0,0,support,low
4706,0.83,0.87,3,156,3,0,0,0,support,medium
4707,0.49,0.48,4,249,3,0,0,0,support,medium
4708,0.81,0.97,3,247,3,0,0,0,support,medium
4709,0.56,0.92,5,222,4,0,0,0,support,medium
4710,0.77,0.83,3,160,3,0,0,0,support,low
4711,0.73,0.5,4,224,4,1,0,0,support,low
4712,0.95,0.72,4,235,2,0,0,0,support,low
4713,0.69,0.68,5,167,3,0,0,0,technical,low
4714,0.79,0.89,3,104,4,0,0,0,technical,low
4715,0.63,0.57,5,160,2,0,0,0,technical,low
4716,0.8,0.79,4,168,3,0,0,0,management,low
4717,0.64,0.61,2,153,2,0,0,0,IT,low
4718,0.92,0.9,4,249,3,0,0,0,IT,low
4719,0.96,0.75,4,177,2,0,0,0,IT,low
4720,0.56,0.85,3,225,3,0,0,0,IT,high
4721,0.37,0.61,3,186,2,0,0,0,IT,low
4722,0.5,0.82,3,133,2,1,0,0,product_mng,low
4723,0.49,0.58,4,213,4,1,0,0,product_mng,low
4724,1.0,0.73,3,245,2,1,0,0,product_mng,low
4725,0.82,0.75,5,160,3,1,0,0,product_mng,high
4726,0.52,0.54,4,212,3,0,0,0,IT,low
4727,0.76,0.96,4,135,3,1,0,1,RandD,low
4728,0.2,0.53,3,149,4,0,0,1,RandD,low
4729,0.6,0.9,4,178,3,0,0,1,RandD,high
4730,0.69,0.9,6,224,4,0,0,1,RandD,low
4731,0.93,0.51,3,196,2,0,0,1,RandD,medium
4732,0.7,0.64,4,178,3,1,0,1,marketing,high
4733,0.56,0.54,4,191,2,1,0,1,sales,medium
4734,0.97,0.61,4,167,3,0,0,1,accounting,high
4735,0.24,0.65,6,275,5,1,0,1,support,medium
4736,0.83,0.91,3,168,3,0,0,1,technical,medium
4737,0.55,0.85,3,152,2,0,0,1,management,medium
4738,0.68,0.99,3,263,3,1,0,1,marketing,medium
4739,0.48,0.53,3,113,4,0,0,0,marketing,medium
4740,0.75,0.95,3,253,3,0,0,0,marketing,medium
4741,0.61,0.5,4,271,3,1,0,0,sales,medium
4742,0.5,0.74,4,165,2,1,0,0,sales,medium
4743,0.78,0.54,5,257,3,0,0,0,sales,high
4744,0.61,0.68,4,244,3,0,0,0,sales,low
4745,0.48,0.5,4,179,3,0,0,0,sales,medium
4746,0.93,0.92,3,248,2,0,0,0,sales,medium
4747,0.78,0.58,3,224,2,0,0,0,sales,medium
4748,0.92,0.99,5,236,4,0,0,0,sales,medium
4749,0.71,0.98,5,213,3,0,0,0,sales,medium
4750,0.15,0.42,4,238,3,0,0,0,sales,medium
4751,0.14,0.83,5,153,5,1,0,0,sales,medium
4752,0.56,0.72,4,247,2,0,0,0,sales,medium
4753,1.0,0.84,3,154,3,0,0,0,sales,medium
4754,0.77,0.82,3,147,4,0,0,0,sales,high
4755,0.86,0.66,3,150,2,0,0,0,sales,low
4756,0.88,0.95,3,137,3,0,0,0,sales,low
4757,0.85,0.84,5,179,3,0,0,0,sales,low
4758,0.95,0.56,5,194,2,0,0,0,sales,high
4759,0.65,0.65,4,224,3,0,0,0,sales,low
4760,0.7,0.55,3,253,2,1,0,0,accounting,low
4761,0.6,0.55,3,177,3,1,0,0,accounting,low
4762,0.84,0.83,3,215,3,0,0,0,accounting,high
4763,0.23,0.59,5,245,5,0,0,0,hr,low
4764,0.89,0.75,3,134,3,0,0,0,hr,low
4765,0.98,0.91,4,273,2,0,0,0,hr,low
4766,0.88,0.83,4,163,3,0,0,0,hr,low
4767,0.87,0.52,3,152,4,0,0,0,technical,low
4768,0.93,0.96,3,268,4,0,0,0,technical,low
4769,0.13,0.95,5,149,2,0,0,0,technical,low
4770,0.99,0.56,6,128,4,0,0,0,technical,medium
4771,0.52,0.51,3,218,2,1,0,0,technical,medium
4772,0.58,0.98,3,146,3,0,0,0,technical,medium
4773,0.85,0.57,5,190,2,1,0,0,technical,medium
4774,0.41,0.59,2,182,3,0,0,0,technical,medium
4775,1.0,0.8,5,162,3,1,0,0,technical,medium
4776,0.63,0.64,3,243,3,0,0,0,technical,medium
4777,0.63,0.58,4,141,3,1,0,0,technical,medium
4778,0.63,0.9,3,142,3,0,0,0,support,medium
4779,0.59,0.62,3,203,4,0,0,0,support,medium
4780,0.88,0.77,4,168,4,0,0,0,support,medium
4781,0.72,0.7,3,149,3,0,0,0,support,medium
4782,0.67,0.81,4,168,2,0,0,0,support,high
4783,0.41,0.54,2,190,4,0,0,0,support,low
4784,0.3,0.68,3,229,6,0,0,0,support,medium
4785,0.83,0.84,3,249,2,0,0,0,support,medium
4786,0.73,0.93,4,162,2,1,0,0,support,medium
4787,0.87,0.9,4,163,2,0,0,0,support,medium
4788,0.93,0.74,2,169,4,0,0,0,support,low
4789,0.97,0.91,4,257,3,1,0,0,technical,low
4790,0.7,0.54,4,150,4,0,0,0,technical,low
4791,0.66,0.95,4,183,3,0,0,0,technical,low
4792,0.62,0.66,3,208,3,0,0,0,management,low
4793,0.56,0.52,4,158,2,0,0,0,IT,low
4794,0.32,0.72,2,240,5,0,0,0,IT,low
4795,0.55,0.81,5,251,3,0,0,0,IT,low
4796,0.69,0.91,5,205,2,0,0,0,IT,low
4797,0.91,0.63,4,226,3,1,0,0,IT,low
4798,0.33,0.82,5,249,6,0,0,0,product_mng,low
4799,0.37,0.74,2,197,3,0,0,0,product_mng,low
4800,0.95,0.57,5,216,3,0,0,0,product_mng,low
4801,0.17,0.91,4,260,5,0,0,0,product_mng,low
4802,0.95,0.53,4,263,3,0,0,0,IT,low
4803,0.27,0.69,2,177,5,0,0,0,RandD,low
4804,0.91,0.95,4,171,3,0,0,0,RandD,low
4805,0.49,0.61,3,148,2,1,0,0,RandD,low
4806,0.6,0.56,4,138,3,0,0,0,RandD,low
4807,0.52,0.57,4,183,3,0,0,0,RandD,low
4808,0.54,0.65,3,202,3,0,0,0,marketing,low
4809,0.86,0.53,4,160,2,1,0,0,sales,medium
4810,0.78,0.87,4,264,3,0,0,0,accounting,medium
4811,0.6,0.81,4,245,3,1,0,0,support,medium
4812,0.15,0.91,2,207,3,0,0,0,technical,medium
4813,0.72,0.92,3,225,3,0,0,0,management,medium
4814,0.94,0.85,4,236,2,0,0,0,marketing,medium
4815,0.92,0.56,4,170,3,0,0,0,marketing,medium
4816,0.6,0.88,3,261,3,1,0,0,marketing,medium
4817,0.41,0.68,4,273,3,0,0,0,sales,medium
4818,0.5,0.43,3,184,2,0,0,0,sales,medium
4819,0.8,0.91,3,202,2,0,0,0,sales,medium
4820,0.67,0.83,4,195,3,0,0,0,sales,medium
4821,0.71,0.88,4,266,3,0,0,0,sales,high
4822,0.66,0.85,3,266,5,0,0,0,sales,low
4823,0.77,0.74,5,263,2,0,0,0,sales,medium
4824,0.62,0.54,3,142,2,0,0,0,sales,medium
4825,0.95,0.53,4,162,3,0,0,0,sales,medium
4826,0.89,0.75,5,258,2,0,0,0,sales,medium
4827,0.74,0.83,4,170,2,0,0,0,sales,low
4828,0.19,0.8,4,249,5,0,0,0,sales,low
4829,0.83,0.77,3,171,3,0,0,0,sales,low
4830,0.53,0.64,2,177,4,0,0,0,sales,low
4831,0.98,0.75,5,188,2,0,0,0,sales,low
4832,0.74,0.99,5,146,2,0,0,0,sales,low
4833,0.22,0.88,5,154,5,0,0,0,sales,low
4834,0.76,0.68,4,204,3,1,0,0,sales,low
4835,0.89,0.91,5,224,3,1,0,0,sales,low
4836,0.5,0.84,3,156,4,0,0,0,accounting,low
4837,0.17,0.82,6,259,4,0,0,0,accounting,low
4838,0.46,0.38,6,165,3,0,0,0,accounting,low
4839,0.68,0.78,3,264,3,0,0,0,hr,low
4840,0.77,0.86,4,215,2,0,0,0,hr,low
4841,0.68,0.83,3,133,3,0,0,0,hr,low
4842,0.15,0.7,4,220,4,0,0,0,hr,low
4843,0.7,0.98,4,176,5,0,0,0,technical,low
4844,0.66,0.96,4,103,2,0,0,0,technical,low
4845,0.54,0.52,5,155,3,0,0,0,technical,low
4846,0.57,0.57,4,141,3,0,0,0,technical,low
4847,0.78,0.58,3,150,3,1,0,0,technical,low
4848,0.14,0.83,5,171,6,0,0,0,technical,medium
4849,0.73,0.86,4,179,3,0,0,0,technical,medium
4850,0.65,0.97,4,145,2,0,0,0,technical,medium
4851,0.31,0.59,3,176,3,0,0,0,technical,medium
4852,0.77,0.55,2,172,2,0,0,0,technical,medium
4853,0.68,0.85,3,243,4,0,0,0,technical,medium
4854,0.79,0.69,4,209,2,0,0,0,support,medium
4855,0.92,0.62,4,196,3,0,0,0,support,medium
4856,0.77,0.96,6,225,4,0,0,0,support,medium
4857,0.48,0.89,3,261,2,0,0,0,support,medium
4858,0.63,0.66,4,157,2,0,0,0,support,medium
4859,0.92,0.49,5,259,3,1,0,0,support,medium
4860,0.5,0.85,4,224,6,0,0,0,support,high
4861,0.52,0.91,5,193,2,0,0,0,support,low
4862,0.73,0.79,4,157,3,0,0,0,support,medium
4863,0.99,0.87,4,223,3,0,0,0,support,medium
4864,0.91,0.99,3,188,3,1,0,0,support,medium
4865,0.85,0.79,3,217,2,0,0,0,technical,medium
4866,0.95,0.69,4,207,2,1,0,0,technical,low
4867,0.67,0.85,3,153,4,0,0,0,technical,low
4868,0.86,0.55,3,269,2,0,0,0,management,low
4869,0.71,0.54,4,198,3,0,0,0,IT,low
4870,0.99,0.95,4,102,5,0,0,0,IT,low
4871,0.57,0.61,3,167,2,1,0,0,IT,low
4872,0.98,0.72,3,252,2,0,0,0,IT,low
4873,0.62,0.58,3,192,2,0,0,0,IT,low
4874,0.74,0.79,5,237,4,0,0,0,product_mng,low
4875,0.7,0.6,4,158,3,0,0,0,product_mng,low
4876,0.8,0.93,3,260,3,0,0,0,product_mng,low
4877,0.65,0.69,4,153,3,0,0,0,product_mng,low
4878,0.53,0.52,3,233,4,0,0,0,IT,low
4879,0.43,0.62,2,180,3,0,0,0,RandD,low
4880,0.59,0.65,4,163,3,1,0,0,RandD,low
4881,0.16,0.96,6,211,6,1,0,0,RandD,low
4882,0.84,0.8,3,151,3,1,0,0,RandD,low
4883,0.78,0.95,3,249,4,0,0,0,RandD,low
4884,0.66,0.91,5,199,3,1,0,0,marketing,low
4885,0.7,0.74,4,247,2,0,0,0,sales,low
4886,0.73,0.63,4,174,3,0,0,0,accounting,low
4887,0.65,0.88,4,268,4,0,0,0,support,medium
4888,0.79,0.59,5,197,4,0,0,0,technical,medium
4889,0.57,0.68,4,154,3,1,0,0,management,medium
4890,0.24,0.58,5,279,4,0,0,0,marketing,medium
4891,0.95,0.78,3,204,2,1,0,0,marketing,medium
4892,0.38,0.54,2,112,3,0,0,0,marketing,medium
4893,0.9,0.78,4,261,2,1,0,0,sales,medium
4894,0.5,0.4,3,180,4,0,0,0,sales,medium
4895,0.68,0.61,3,261,5,0,0,0,sales,medium
4896,0.5,0.78,6,138,3,0,0,0,sales,medium
4897,0.85,0.81,4,164,4,0,0,0,sales,medium
4898,0.95,0.52,3,144,3,0,0,0,sales,medium
4899,0.92,0.92,3,244,2,0,0,0,sales,high
4900,0.83,0.87,5,233,3,0,0,0,sales,low
4901,0.9,0.78,4,225,2,1,0,0,sales,medium
4902,0.21,0.77,6,215,4,0,0,0,sales,medium
4903,0.94,0.86,3,223,4,0,0,0,sales,medium
4904,0.7,0.85,4,232,3,0,0,0,sales,medium
4905,0.54,0.76,3,157,4,0,0,0,sales,low
4906,0.77,0.65,4,268,3,0,0,0,sales,low
4907,0.62,0.49,3,158,2,0,0,0,sales,low
4908,0.93,0.55,5,222,2,0,0,0,sales,low
4909,0.81,0.86,3,210,3,0,0,0,sales,low
4910,0.99,0.79,4,133,2,0,0,0,sales,low
4911,0.78,0.49,3,224,3,0,0,0,sales,low
4912,0.66,0.63,5,264,5,0,0,0,accounting,low
4913,0.9,0.72,5,237,2,0,0,0,accounting,low
4914,0.74,0.53,5,141,2,0,0,0,accounting,low
4915,0.65,0.78,4,238,5,1,0,0,hr,low
4916,0.99,0.52,4,167,3,0,0,0,hr,low
4917,0.83,0.72,4,161,3,0,0,0,hr,low
4918,0.6,0.82,4,194,3,0,0,0,hr,low
4919,0.55,0.93,3,217,3,1,0,0,technical,low
4920,0.96,0.71,3,170,3,0,0,0,technical,low
4921,0.83,0.94,4,243,3,0,0,0,technical,low
4922,0.95,0.7,4,267,3,1,0,0,technical,low
4923,0.77,0.88,2,169,3,0,0,0,technical,medium
4924,0.83,0.95,3,255,3,0,0,0,technical,medium
4925,0.87,0.54,4,211,3,0,0,0,technical,medium
4926,0.69,0.49,3,198,4,0,0,0,technical,medium
4927,0.67,0.58,3,246,3,0,0,0,technical,medium
4928,0.55,0.49,3,146,2,0,0,0,technical,medium
4929,0.55,0.82,4,134,6,0,0,0,technical,medium
4930,0.39,0.48,3,169,3,0,0,0,support,medium
4931,0.51,0.93,5,232,3,0,0,0,support,medium
4932,0.39,0.38,2,106,3,1,0,0,support,medium
4933,0.96,0.93,4,260,3,0,0,0,support,medium
4934,0.68,0.81,3,232,2,0,0,0,support,medium
4935,0.67,0.71,4,173,3,0,0,0,support,high
4936,0.68,0.44,5,152,5,0,0,0,support,low
4937,0.56,0.58,3,173,3,0,0,0,support,medium
4938,0.9,0.7,3,274,3,0,0,0,support,medium
4939,0.69,0.59,3,233,3,0,0,0,support,medium
4940,0.99,0.71,4,232,3,0,0,0,support,medium
4941,0.42,0.59,3,156,2,0,0,0,technical,low
4942,0.28,0.51,3,124,3,0,0,0,technical,low
4943,0.55,0.65,3,207,3,0,0,0,technical,low
4944,0.91,0.53,3,273,6,0,0,0,management,low
4945,0.53,0.98,3,219,4,0,0,0,IT,low
4946,0.87,0.74,4,207,3,0,0,0,IT,low
4947,0.57,0.6,4,248,4,0,0,0,IT,low
4948,0.59,0.77,3,169,3,0,0,0,IT,low
4949,0.76,0.89,4,181,3,0,0,0,IT,low
4950,0.59,0.42,3,196,3,0,0,0,product_mng,low
4951,0.5,0.54,3,254,2,0,0,0,product_mng,low
4952,0.55,0.55,4,191,4,0,0,0,product_mng,low
4953,0.92,0.53,3,238,2,0,0,0,product_mng,low
4954,0.8,0.51,5,196,3,0,0,0,IT,low
4955,0.93,0.66,4,228,3,0,0,0,RandD,low
4956,0.67,0.57,4,165,3,0,0,0,RandD,low
4957,0.78,0.55,3,144,2,0,0,0,RandD,low
4958,0.61,0.7,4,243,3,0,0,0,RandD,low
4959,0.74,0.84,3,206,3,0,0,0,RandD,low
4960,0.5,0.49,3,180,3,1,0,0,marketing,low
4961,0.84,0.96,3,161,2,1,0,0,sales,low
4962,0.89,0.55,4,196,2,0,0,0,accounting,medium
4963,0.77,0.89,5,152,3,0,0,0,support,medium
4964,0.64,0.71,3,231,4,0,0,0,technical,medium
4965,0.77,0.89,2,215,5,1,0,0,management,medium
4966,0.74,0.58,4,233,4,0,0,0,marketing,medium
4967,0.88,0.96,4,155,2,0,0,0,marketing,medium
4968,0.88,0.96,5,182,4,1,0,0,marketing,medium
4969,0.89,0.88,3,165,4,0,0,0,sales,medium
4970,0.74,0.59,2,257,4,1,0,0,sales,medium
4971,0.63,0.74,4,155,2,0,0,0,sales,medium
4972,0.63,0.8,4,243,2,0,0,0,sales,medium
4973,0.68,0.92,2,184,4,0,0,0,sales,medium
4974,0.14,0.81,4,138,3,1,0,0,sales,high
4975,0.86,0.94,5,209,4,0,0,0,sales,low
4976,0.73,0.53,3,205,2,0,0,0,sales,medium
4977,0.57,0.56,3,191,3,0,0,0,sales,medium
4978,0.97,0.75,5,270,3,1,0,0,sales,medium
4979,0.67,0.36,4,97,4,0,0,0,sales,medium
4980,0.89,0.74,4,174,2,0,0,0,sales,low
4981,0.8,0.96,5,124,3,0,0,0,sales,low
4982,0.3,0.51,2,178,3,0,0,0,sales,low
4983,0.14,0.73,5,266,6,0,0,0,sales,low
4984,0.91,0.8,4,181,3,0,0,0,sales,low
4985,0.49,0.81,4,233,3,0,0,0,sales,low
4986,0.57,0.68,3,254,4,0,0,0,sales,low
4987,0.59,0.62,3,219,3,0,0,0,sales,low
4988,0.5,0.7,5,166,2,0,0,0,accounting,low
4989,0.69,0.97,3,158,2,0,0,0,accounting,low
4990,0.81,0.68,3,151,3,0,0,0,accounting,low
4991,0.79,0.82,3,98,3,1,0,0,hr,low
4992,0.55,0.91,4,187,4,1,0,0,hr,low
4993,0.92,0.62,4,266,2,0,0,0,hr,low
4994,0.94,0.59,5,250,3,0,0,0,hr,low
4995,0.67,0.55,5,193,3,0,0,0,technical,low
4996,0.53,0.92,4,223,3,1,0,0,technical,low
4997,0.77,0.59,5,189,5,0,0,0,technical,low
4998,0.57,0.82,5,138,3,0,0,0,technical,low
4999,0.64,0.97,4,268,2,0,0,0,technical,low
5000,0.35,1.0,6,186,2,0,0,0,technical,low
5001,0.66,0.71,3,136,3,1,0,0,technical,medium
5002,0.59,0.84,4,245,3,0,0,0,technical,medium
5003,0.49,0.93,4,184,3,0,0,0,technical,medium
5004,0.91,0.99,5,152,3,0,0,0,technical,medium
5005,0.12,0.6,2,194,4,0,0,0,technical,medium
5006,0.74,0.68,3,242,5,1,0,0,support,medium
5007,0.84,0.94,4,246,2,1,0,0,support,medium
5008,0.51,0.99,4,211,3,0,0,0,support,medium
5009,0.94,0.71,4,189,3,0,0,0,support,medium
5010,0.74,0.66,3,254,2,0,0,0,support,medium
5011,0.52,0.54,5,239,3,0,0,0,support,medium
5012,0.31,0.92,4,133,6,0,0,0,support,medium
5013,0.72,0.59,3,255,2,0,0,0,support,high
5014,0.92,1.0,3,212,2,0,0,0,support,low
5015,0.56,0.64,3,270,3,0,0,0,support,medium
5016,0.76,0.45,5,177,6,0,0,0,support,medium
5017,0.59,0.9,4,261,4,0,0,0,technical,medium
5018,0.5,0.74,3,220,3,0,0,0,technical,medium
5019,0.88,0.72,2,144,4,1,0,0,technical,low
5020,0.86,0.49,4,274,2,0,0,0,management,low
5021,0.66,0.99,4,195,3,0,0,0,IT,low
5022,0.7,0.69,4,158,3,0,0,0,IT,low
5023,0.98,0.93,5,145,4,0,0,0,IT,low
5024,0.61,0.73,3,165,3,1,0,0,IT,low
5025,0.57,0.66,4,270,2,0,0,0,IT,low
5026,0.84,0.91,5,208,3,0,0,0,product_mng,low
5027,0.76,0.4,2,245,5,0,0,0,product_mng,medium
5028,0.64,0.99,4,180,4,0,0,0,product_mng,medium
5029,0.87,0.7,5,225,3,0,0,0,product_mng,medium
5030,0.62,0.69,3,261,2,0,0,0,IT,medium
5031,0.16,0.99,3,213,6,1,0,1,RandD,medium
5032,0.83,0.87,3,230,3,0,0,1,RandD,medium
5033,0.36,0.59,2,198,2,0,0,1,RandD,medium
5034,0.47,0.51,6,190,5,0,0,1,RandD,medium
5035,0.54,0.51,4,137,4,0,0,1,RandD,medium
5036,0.83,0.83,3,186,3,1,0,1,marketing,medium
5037,0.96,0.68,4,137,2,0,0,1,sales,medium
5038,0.91,0.74,5,192,3,0,0,1,accounting,medium
5039,0.56,0.59,4,164,3,0,0,1,support,medium
5040,0.73,0.66,6,195,3,0,0,1,technical,medium
5041,0.97,0.63,4,151,3,0,0,1,management,medium
5042,0.75,0.74,5,231,3,0,0,1,marketing,medium
5043,0.49,0.76,3,257,2,1,0,0,marketing,medium
5044,0.57,0.94,4,257,3,0,0,0,marketing,medium
5045,0.41,0.58,5,274,2,1,0,0,sales,medium
5046,0.53,0.7,3,138,2,0,0,0,sales,medium
5047,0.93,0.6,4,184,3,0,0,0,sales,medium
5048,0.58,0.9,3,151,3,0,0,0,sales,medium
5049,0.6,0.54,3,265,3,1,0,0,sales,medium
5050,0.74,0.8,4,241,2,0,0,0,sales,medium
5051,0.62,0.52,3,148,3,0,0,0,sales,medium
5052,0.7,0.76,5,165,3,0,0,0,sales,medium
5053,0.93,0.75,3,243,2,0,0,0,sales,medium
5054,0.75,0.9,4,197,2,0,0,0,sales,medium
5055,0.95,0.48,5,214,6,1,0,1,sales,medium
5056,0.43,0.98,4,164,3,0,0,1,sales,medium
5057,0.77,0.58,4,243,4,1,0,1,sales,medium
5058,0.67,1.0,4,145,3,1,0,1,sales,medium
5059,0.51,0.72,4,163,4,0,0,1,sales,medium
5060,0.94,0.53,5,257,2,0,0,1,sales,medium
5061,0.9,0.85,3,253,3,0,0,0,sales,medium
5062,0.8,0.78,4,234,3,0,0,0,sales,medium
5063,0.34,0.89,5,266,6,0,0,0,sales,medium
5064,0.45,0.53,3,181,4,1,0,0,accounting,low
5065,0.97,0.66,4,193,4,0,0,0,accounting,low
5066,0.5,0.48,3,163,4,0,0,0,accounting,low
5067,0.89,0.62,5,144,2,0,0,0,hr,low
5068,0.76,0.5,4,245,3,0,0,0,hr,low
5069,0.66,0.84,4,197,2,0,0,0,hr,low
5070,0.74,0.63,3,180,2,0,0,0,hr,low
5071,0.69,0.74,4,237,3,0,0,0,technical,low
5072,0.59,0.57,2,170,3,0,0,0,technical,low
5073,1.0,0.85,3,150,3,0,0,0,technical,low
5074,0.61,0.75,2,100,4,0,0,0,technical,low
5075,0.98,0.42,5,226,3,0,0,0,technical,low
5076,0.59,0.71,5,222,3,0,0,0,technical,low
5077,0.22,0.69,4,182,6,0,0,0,technical,low
5078,0.71,0.95,3,150,2,0,0,0,technical,low
5079,0.86,0.53,4,244,3,0,0,0,technical,medium
5080,0.65,0.59,5,271,3,0,0,0,technical,medium
5081,0.93,0.67,5,167,3,0,0,0,technical,medium
5082,0.49,0.69,2,128,2,0,0,0,support,medium
5083,0.78,0.77,3,149,4,1,0,0,support,medium
5084,0.62,0.7,4,141,4,0,0,0,support,medium
5085,0.72,0.63,3,149,2,0,0,0,support,medium
5086,0.7,0.56,4,107,6,0,0,0,support,medium
5087,0.54,0.93,5,189,2,0,0,0,support,medium
5088,0.61,0.95,4,169,4,0,0,0,support,medium
5089,0.84,0.95,4,208,3,1,0,0,support,medium
5090,0.8,0.58,3,197,3,0,0,0,support,medium
5091,0.58,0.5,4,225,3,0,0,0,support,high
5092,0.97,0.87,2,175,6,0,0,0,support,high
5093,0.92,0.55,3,172,2,0,0,0,technical,high
5094,0.96,0.51,3,237,4,0,0,0,technical,high
5095,0.73,0.87,4,155,3,1,0,0,technical,high
5096,0.73,0.71,4,148,3,0,0,0,management,high
5097,0.53,0.83,4,246,3,0,0,0,IT,high
5098,0.17,0.82,5,193,5,0,0,0,IT,high
5099,0.75,0.76,5,175,4,0,0,0,IT,low
5100,0.76,0.44,3,121,4,0,0,0,IT,low
5101,0.76,0.77,4,223,3,0,0,0,IT,low
5102,0.92,0.55,3,259,3,0,0,0,product_mng,low
5103,0.82,0.88,4,171,2,0,0,0,product_mng,low
5104,0.38,0.5,2,170,3,0,0,0,product_mng,low
5105,0.49,0.72,4,246,3,0,0,0,product_mng,low
5106,0.53,0.8,3,175,3,0,0,0,IT,low
5107,0.56,0.59,3,185,2,0,0,0,RandD,medium
5108,0.69,0.98,3,168,2,0,0,0,RandD,medium
5109,0.62,0.99,4,171,3,0,0,0,RandD,medium
5110,0.71,0.76,3,201,2,0,0,0,RandD,medium
5111,0.52,1.0,4,148,3,0,0,0,RandD,medium
5112,0.2,0.53,6,189,4,0,0,0,marketing,medium
5113,0.93,0.61,3,166,3,0,0,0,sales,medium
5114,0.74,0.81,4,150,2,0,0,0,accounting,medium
5115,0.78,0.45,3,253,6,0,0,1,support,medium
5116,0.85,0.79,3,243,2,0,0,1,technical,medium
5117,0.79,0.56,5,250,2,1,0,1,management,medium
5118,0.92,0.91,3,228,2,0,0,1,marketing,medium
5119,0.58,0.97,3,186,3,0,0,1,marketing,medium
5120,0.68,0.72,3,213,3,0,0,1,marketing,medium
5121,0.9,0.67,4,233,3,0,0,1,sales,medium
5122,0.67,0.71,5,265,2,0,0,1,sales,medium
5123,0.79,0.73,4,226,3,0,0,0,sales,medium
5124,0.23,0.48,5,221,6,0,0,0,sales,medium
5125,0.98,0.99,3,253,4,0,0,0,sales,medium
5126,0.8,0.75,3,134,4,0,0,0,sales,medium
5127,0.77,0.84,3,188,4,0,0,0,sales,medium
5128,1.0,0.91,3,160,4,0,0,0,sales,medium
5129,0.6,0.92,4,164,4,0,0,0,sales,medium
5130,0.49,0.54,6,214,3,0,0,0,sales,high
5131,0.91,0.99,5,228,4,1,0,0,sales,low
5132,0.97,0.52,5,149,3,1,0,0,sales,medium
5133,0.71,0.76,3,175,2,0,0,0,sales,medium
5134,0.62,0.91,3,195,3,0,0,0,sales,medium
5135,0.61,0.92,3,222,4,0,0,0,sales,medium
5136,0.21,0.6,5,249,4,0,0,0,sales,medium
5137,0.64,0.97,2,226,3,1,0,0,sales,medium
5138,0.61,0.65,2,117,2,1,0,0,sales,medium
5139,0.58,0.75,4,255,3,0,0,0,sales,medium
5140,0.41,0.9,6,155,2,0,0,0,accounting,medium
5141,0.98,0.73,5,185,3,0,0,0,accounting,medium
5142,0.5,0.88,4,275,5,0,0,0,accounting,low
5143,0.98,0.61,3,226,2,0,0,0,hr,low
5144,0.4,0.85,4,198,2,0,0,0,hr,low
5145,0.63,0.92,2,198,2,0,0,0,hr,low
5146,0.75,0.53,4,251,3,0,0,0,hr,low
5147,0.82,0.84,3,237,2,0,0,0,technical,low
5148,0.55,0.62,5,197,2,0,0,0,technical,low
5149,0.44,0.36,2,136,3,0,0,0,technical,high
5150,0.92,0.88,3,184,3,1,0,0,technical,low
5151,0.57,0.56,2,159,3,0,0,0,technical,high
5152,0.73,0.86,4,133,3,0,0,0,technical,high
5153,0.82,0.92,5,198,3,0,0,0,technical,low
5154,0.54,0.75,3,260,2,0,0,0,technical,low
5155,0.64,0.95,3,154,4,0,0,0,technical,high
5156,0.99,0.76,4,185,5,0,0,0,technical,low
5157,0.19,0.92,5,193,6,0,0,0,technical,medium
5158,0.86,0.96,4,167,3,0,0,0,support,high
5159,0.65,0.66,5,165,3,0,0,0,support,medium
5160,0.52,0.81,3,253,2,0,0,0,support,medium
5161,0.85,0.49,4,142,3,0,0,0,support,medium
5162,0.61,0.64,5,186,4,0,0,0,support,medium
5163,0.77,0.57,4,203,3,1,0,0,support,high
5164,0.54,0.94,4,217,2,0,0,0,support,medium
5165,0.76,0.74,4,187,3,0,0,0,support,medium
5166,0.79,0.9,3,152,4,0,0,0,support,medium
5167,0.89,0.93,5,150,2,0,0,0,support,high
5168,0.6,0.8,3,191,2,0,0,0,support,medium
5169,0.51,0.58,4,140,3,0,0,0,technical,high
5170,0.2,0.72,5,123,2,1,0,0,technical,low
5171,0.93,0.6,5,170,2,0,0,0,technical,medium
5172,0.77,0.54,3,227,4,0,0,0,management,medium
5173,0.8,0.87,4,220,2,0,0,0,IT,medium
5174,0.8,0.97,5,258,3,0,0,0,IT,medium
5175,0.62,0.92,5,149,3,0,0,0,IT,low
5176,0.79,0.72,4,192,3,0,0,0,IT,low
5177,0.88,0.73,5,267,3,0,0,0,IT,low
5178,0.96,0.73,5,169,3,1,0,0,product_mng,low
5179,0.34,0.69,2,178,3,0,0,0,product_mng,low
5180,0.34,0.65,2,165,4,0,0,0,product_mng,low
5181,0.88,0.85,4,231,3,0,0,0,product_mng,low
5182,0.66,0.61,3,260,3,0,0,0,IT,low
5183,0.55,0.71,4,181,2,1,0,0,RandD,low
5184,0.59,0.51,3,243,2,0,0,0,RandD,low
5185,0.62,0.73,4,191,3,0,0,0,RandD,high
5186,0.78,0.93,3,200,3,0,0,0,RandD,low
5187,0.73,0.75,5,265,3,0,0,0,RandD,low
5188,0.71,0.94,4,246,3,0,0,0,marketing,low
5189,0.97,0.86,3,187,2,0,0,0,sales,low
5190,0.21,0.74,5,141,4,0,0,0,accounting,high
5191,0.52,0.96,4,246,3,0,0,0,support,low
5192,0.73,0.88,4,236,3,1,0,0,technical,low
5193,0.74,0.83,3,170,3,0,0,0,management,low
5194,0.26,0.71,6,189,2,0,0,0,marketing,high
5195,0.52,0.78,4,237,3,0,0,0,marketing,low
5196,0.69,0.54,4,180,3,0,0,0,marketing,medium
5197,0.79,0.59,2,157,6,0,0,0,sales,high
5198,0.93,0.62,4,258,3,0,0,0,sales,medium
5199,0.34,0.87,4,283,2,0,0,0,sales,high
5200,0.77,0.52,4,216,3,0,0,0,sales,medium
5201,0.36,0.73,3,187,3,0,0,0,sales,medium
5202,0.93,0.58,3,215,3,0,0,0,sales,medium
5203,0.7,0.58,3,211,3,0,0,0,sales,medium
5204,0.51,0.49,4,182,2,0,0,0,sales,medium
5205,0.83,0.78,3,165,3,1,0,0,sales,medium
5206,0.89,0.89,4,265,2,0,0,0,sales,medium
5207,0.94,0.59,3,137,2,0,0,0,sales,medium
5208,0.8,0.55,4,269,3,0,0,0,sales,high
5209,0.74,0.66,3,177,2,0,0,0,sales,low
5210,0.5,0.91,3,240,2,0,0,0,sales,medium
5211,0.54,0.84,4,174,2,0,0,0,sales,medium
5212,0.5,0.54,3,134,3,0,0,0,sales,medium
5213,0.17,0.91,2,271,4,0,0,0,sales,medium
5214,0.57,0.53,5,216,2,1,0,0,sales,medium
5215,0.8,0.51,4,213,3,0,0,0,sales,medium
5216,0.45,0.64,5,133,4,0,0,0,accounting,medium
5217,0.87,0.5,4,267,2,1,0,0,accounting,medium
5218,0.98,0.64,3,263,4,0,0,0,accounting,medium
5219,0.55,0.8,4,260,3,0,0,0,hr,high
5220,0.53,0.5,4,185,3,0,0,0,hr,low
5221,0.75,0.48,2,284,6,0,0,0,hr,low
5222,0.96,0.59,3,229,3,0,0,0,hr,low
5223,0.71,0.97,3,189,3,1,0,0,technical,high
5224,0.7,0.63,3,209,3,0,0,0,technical,low
5225,0.33,0.94,4,166,6,0,0,0,technical,low
5226,0.93,0.94,3,183,2,0,0,0,technical,low
5227,0.64,0.65,3,181,2,0,0,0,technical,high
5228,0.27,0.45,3,239,4,0,0,0,technical,low
5229,0.99,0.99,3,158,2,0,0,0,technical,low
5230,0.81,0.62,3,187,3,0,0,0,technical,low
5231,0.6,0.91,4,236,3,0,0,0,technical,low
5232,0.32,0.4,6,162,5,0,0,0,technical,low
5233,0.48,0.68,4,163,2,1,0,0,technical,low
5234,0.87,0.51,4,173,3,0,0,0,support,low
5235,0.91,0.79,5,273,4,1,0,0,support,medium
5236,0.24,0.89,5,142,4,0,0,0,support,medium
5237,0.66,0.56,4,141,4,0,0,0,support,medium
5238,0.94,0.59,3,234,2,0,0,0,support,medium
5239,0.93,0.97,5,255,4,0,0,0,support,medium
5240,0.19,0.55,5,148,4,0,0,0,support,medium
5241,0.88,0.45,5,274,2,1,0,0,support,medium
5242,0.76,0.47,3,223,2,0,0,0,support,medium
5243,0.67,0.64,5,248,3,0,0,0,support,medium
5244,0.54,0.5,4,146,2,0,0,0,support,medium
5245,0.53,0.95,2,101,5,0,0,0,technical,medium
5246,0.67,0.92,4,265,4,0,0,0,technical,medium
5247,0.5,0.38,5,175,4,0,0,0,technical,high
5248,0.49,0.76,4,202,3,0,0,0,management,low
5249,0.82,0.71,3,160,3,0,0,0,IT,medium
5250,0.86,0.71,3,235,3,0,0,0,IT,medium
5251,0.5,0.5,4,267,3,0,0,0,IT,medium
5252,0.82,0.6,3,261,2,1,0,0,IT,medium
5253,0.95,0.78,2,148,2,0,0,0,IT,low
5254,0.64,0.87,3,239,4,0,0,0,product_mng,low
5255,0.91,0.5,3,178,2,0,0,0,product_mng,low
5256,0.79,0.75,2,221,3,0,0,0,product_mng,low
5257,0.83,0.56,4,269,3,0,0,0,product_mng,low
5258,0.66,0.6,3,262,2,1,0,0,IT,low
5259,0.92,0.8,4,263,4,0,0,0,RandD,low
5260,0.59,0.47,5,191,3,0,0,0,RandD,low
5261,0.6,0.83,2,189,2,0,0,0,RandD,low
5262,0.68,0.97,5,207,4,1,0,0,RandD,low
5263,0.58,0.73,3,265,6,0,0,0,RandD,low
5264,0.93,0.77,5,224,2,0,0,0,marketing,low
5265,0.66,0.5,3,229,3,0,0,0,marketing,low
5266,0.8,0.99,3,158,3,0,0,0,sales,low
5267,0.28,0.79,5,202,5,0,0,0,accounting,low
5268,0.84,0.59,4,216,2,0,0,0,support,low
5269,0.86,0.58,4,220,5,0,0,0,technical,low
5270,0.46,0.45,2,172,2,1,0,0,management,low
5271,0.94,0.92,3,187,2,0,0,0,marketing,low
5272,0.8,0.76,3,270,2,1,0,0,marketing,low
5273,0.13,0.63,6,219,6,0,0,0,marketing,low
5274,0.95,0.73,3,243,3,1,0,0,sales,medium
5275,0.93,0.88,4,261,4,0,0,0,sales,medium
5276,0.86,0.81,4,179,3,0,0,0,sales,medium
5277,0.67,0.93,5,133,2,0,0,0,sales,medium
5278,0.73,0.6,4,224,3,0,0,0,sales,medium
5279,0.62,0.92,4,198,2,0,0,0,sales,medium
5280,0.53,0.81,5,135,2,0,0,0,sales,medium
5281,0.68,0.68,3,143,3,0,0,0,sales,medium
5282,0.69,0.55,4,234,2,0,0,0,sales,medium
5283,0.66,0.92,3,177,3,0,0,0,sales,medium
5284,0.98,0.56,5,180,3,0,0,0,sales,medium
5285,0.57,0.39,3,193,6,0,0,0,sales,medium
5286,0.64,0.78,5,148,4,0,0,0,sales,high
5287,0.71,0.58,3,194,4,0,0,0,sales,low
5288,0.94,0.7,3,271,4,0,0,0,sales,medium
5289,0.8,0.85,3,135,2,0,0,0,sales,medium
5290,0.59,0.94,4,136,2,0,0,0,sales,medium
5291,0.95,0.7,6,243,3,0,0,0,sales,medium
5292,1.0,0.39,2,210,5,0,0,0,sales,low
5293,0.53,0.59,3,163,4,0,0,0,accounting,low
5294,0.35,0.59,5,268,3,0,0,0,accounting,low
5295,0.73,0.66,3,244,3,0,0,0,accounting,low
5296,0.89,0.63,4,164,3,0,0,0,hr,low
5297,0.21,0.93,4,260,3,0,0,0,hr,low
5298,0.21,0.85,5,153,3,0,0,0,hr,low
5299,0.6,0.83,4,216,2,1,0,0,hr,low
5300,0.94,0.69,2,198,3,0,0,0,technical,low
5301,0.92,0.68,4,196,3,1,0,0,technical,low
5302,0.92,0.78,3,218,3,0,0,0,technical,low
5303,0.71,0.98,5,167,3,0,0,0,technical,low
5304,0.69,0.83,4,264,3,0,0,0,technical,low
5305,0.26,0.51,2,284,2,0,0,0,technical,low
5306,0.21,0.78,4,218,6,0,0,0,technical,low
5307,0.36,0.42,2,192,2,0,0,0,technical,low
5308,0.81,0.92,5,255,4,1,0,0,technical,low
5309,0.54,0.88,3,251,2,0,0,0,technical,low
5310,0.63,0.87,5,248,2,0,0,0,technical,low
5311,0.86,0.75,5,157,4,0,0,0,support,low
5312,0.8,0.79,5,240,2,0,0,0,support,low
5313,0.55,0.58,5,262,3,0,0,0,support,medium
5314,0.18,0.6,3,130,2,1,0,0,support,medium
5315,0.88,0.98,3,152,3,0,0,0,support,medium
5316,0.65,0.86,4,256,2,0,0,0,support,medium
5317,0.99,1.0,3,139,2,0,0,0,support,medium
5318,0.88,0.93,4,195,2,0,0,0,support,medium
5319,0.67,0.59,3,205,5,0,0,0,support,medium
5320,0.53,0.59,4,265,2,0,0,0,support,medium
5321,0.83,0.61,5,246,3,0,0,0,support,medium
5322,0.36,0.71,3,100,3,0,0,0,technical,medium
5323,0.62,0.64,5,150,3,1,0,0,technical,medium
5324,0.72,0.67,4,147,2,0,0,0,technical,medium
5325,0.79,0.54,4,244,3,0,0,0,management,high
5326,1.0,0.87,4,256,3,0,0,0,IT,low
5327,0.65,0.52,4,266,3,1,0,0,IT,medium
5328,0.84,0.91,3,199,4,0,0,0,IT,medium
5329,0.81,0.59,2,236,3,0,0,0,IT,medium
5330,0.59,0.51,3,203,2,1,0,0,IT,medium
5331,0.78,0.53,3,156,3,0,0,0,product_mng,low
5332,0.22,0.52,5,109,4,0,0,0,product_mng,low
5333,0.96,0.98,5,248,3,0,0,0,product_mng,low
5334,0.85,0.8,4,254,2,0,0,0,product_mng,low
5335,0.12,0.73,6,166,3,0,0,0,IT,low
5336,0.6,0.68,4,264,2,1,0,0,RandD,low
5337,0.93,0.84,5,266,3,0,0,0,RandD,low
5338,0.73,0.86,4,138,2,0,0,0,RandD,low
5339,0.7,0.66,3,151,2,0,0,0,RandD,low
5340,0.18,0.59,4,132,3,0,0,0,RandD,low
5341,0.81,0.6,4,133,3,0,0,0,RandD,low
5342,0.28,0.9,4,275,6,0,0,0,marketing,low
5343,0.74,0.79,3,275,3,0,0,0,sales,low
5344,0.5,0.74,4,272,5,0,0,0,accounting,low
5345,0.83,0.85,4,201,2,1,0,0,support,low
5346,0.55,0.66,3,164,2,0,0,0,technical,low
5347,0.77,0.94,4,224,2,0,0,0,management,low
5348,0.92,0.58,4,201,2,0,0,0,marketing,low
5349,0.59,0.89,5,169,2,1,0,0,marketing,low
5350,0.45,0.72,4,149,3,0,0,0,marketing,low
5351,0.76,0.97,3,271,3,0,0,0,sales,low
5352,0.89,0.69,4,137,3,0,0,0,sales,medium
5353,0.73,0.5,3,208,2,0,0,0,sales,medium
5354,0.65,0.7,3,231,3,0,0,0,sales,medium
5355,0.14,0.96,3,196,5,1,0,0,sales,medium
5356,0.3,0.47,2,159,4,0,0,0,sales,medium
5357,0.53,0.82,5,184,3,0,0,0,sales,medium
5358,0.66,0.89,3,257,3,0,0,0,sales,medium
5359,0.84,0.59,3,234,2,0,0,0,sales,medium
5360,0.74,0.97,3,239,4,1,0,0,sales,medium
5361,0.56,0.4,2,255,3,0,0,0,sales,medium
5362,0.42,0.47,4,146,3,1,0,0,sales,medium
5363,0.29,0.8,5,103,6,0,0,0,sales,medium
5364,0.54,0.72,5,206,4,0,0,0,sales,high
5365,0.8,0.52,3,253,2,1,0,0,sales,low
5366,0.89,0.93,4,245,4,0,0,0,sales,medium
5367,0.92,0.58,3,261,3,1,0,0,sales,medium
5368,0.87,0.68,4,217,3,0,0,0,sales,medium
5369,0.76,0.82,4,172,3,1,0,0,sales,medium
5370,0.64,0.61,3,221,3,0,0,0,accounting,low
5371,0.83,0.57,2,246,5,1,0,0,accounting,low
5372,0.55,0.6,3,145,4,0,0,0,accounting,low
5373,0.83,0.7,5,168,3,0,0,0,hr,low
5374,0.58,0.62,5,184,3,0,0,0,hr,low
5375,0.67,0.97,4,186,3,0,0,0,hr,low
5376,0.65,0.57,3,238,3,0,0,0,hr,low
5377,0.89,0.95,5,203,3,0,0,0,technical,low
5378,0.84,0.5,5,195,3,0,0,0,technical,low
5379,0.5,0.7,5,264,2,0,0,0,technical,low
5380,0.7,0.51,3,256,3,0,0,0,technical,low
5381,0.79,0.83,5,268,3,0,0,0,technical,low
5382,0.19,0.72,6,243,6,1,0,0,technical,low
5383,0.89,0.5,4,136,2,1,0,0,technical,low
5384,0.36,0.6,2,136,6,0,0,0,technical,low
5385,0.62,0.66,5,165,3,0,0,0,technical,low
5386,0.84,0.93,6,166,4,0,0,0,technical,low
5387,0.65,0.87,4,267,2,0,0,0,technical,low
5388,0.65,0.7,4,233,3,0,0,0,support,medium
5389,0.87,0.92,3,141,2,0,0,0,support,medium
5390,0.66,0.73,5,249,2,0,0,0,support,medium
5391,0.83,0.9,3,102,4,0,0,0,support,medium
5392,0.89,0.63,3,268,3,0,0,0,support,medium
5393,0.91,0.97,4,139,3,0,0,0,support,medium
5394,0.91,0.56,3,168,2,0,0,0,support,medium
5395,0.83,0.5,4,259,2,0,0,0,support,medium
5396,0.87,0.82,4,248,2,0,0,0,support,medium
5397,0.62,0.79,3,274,3,0,0,0,support,medium
5398,0.54,1.0,3,169,2,0,0,0,support,medium
5399,0.84,0.53,5,190,3,0,0,0,technical,medium
5400,0.33,0.82,2,114,5,0,0,0,technical,high
5401,0.79,0.58,4,191,6,0,0,0,technical,low
5402,0.31,0.41,2,263,3,0,0,0,management,medium
5403,0.68,0.81,3,166,2,0,0,0,IT,medium
5404,0.52,0.7,4,247,5,0,0,0,IT,medium
5405,0.54,0.64,3,203,4,0,0,0,IT,medium
5406,0.73,0.78,4,181,4,0,0,0,IT,low
5407,0.49,0.74,3,229,3,1,0,0,IT,low
5408,0.37,0.67,2,159,2,0,0,0,product_mng,low
5409,0.53,0.84,3,151,3,0,0,0,product_mng,low
5410,0.58,0.75,4,222,3,1,0,0,product_mng,low
5411,0.2,0.51,2,163,2,0,0,0,product_mng,low
5412,0.91,0.6,4,163,5,0,0,0,IT,low
5413,0.53,0.78,2,138,2,0,0,0,RandD,low
5414,0.99,0.72,4,136,3,0,0,0,RandD,low
5415,0.97,0.87,3,207,4,0,0,0,RandD,low
5416,0.18,0.93,3,245,4,1,0,0,RandD,low
5417,0.83,0.93,6,130,5,0,0,0,RandD,low
5418,0.49,0.47,4,285,3,0,0,0,RandD,low
5419,0.74,0.93,3,204,4,0,0,0,marketing,low
5420,0.7,0.6,3,183,3,0,0,0,sales,low
5421,0.97,0.91,3,246,2,0,0,0,accounting,low
5422,0.92,0.91,3,250,4,0,0,0,support,low
5423,0.94,0.7,3,176,3,0,0,0,technical,low
5424,1.0,0.98,3,177,2,0,0,0,management,low
5425,0.5,0.51,3,169,4,0,0,0,marketing,low
5426,0.77,0.89,3,142,3,0,0,0,marketing,low
5427,0.68,0.71,5,135,4,1,0,0,marketing,medium
5428,0.57,0.43,3,167,3,0,0,0,sales,medium
5429,0.57,0.61,5,191,4,0,0,0,sales,medium
5430,0.48,0.97,3,224,6,0,0,0,sales,medium
5431,0.7,0.95,5,234,6,1,0,0,sales,medium
5432,0.68,0.43,3,161,2,1,0,0,sales,medium
5433,0.62,0.68,3,124,3,0,0,0,sales,medium
5434,0.61,0.51,4,242,3,0,0,0,sales,medium
5435,0.83,0.77,2,186,2,0,0,0,sales,medium
5436,0.99,0.8,5,254,5,0,0,0,sales,medium
5437,0.58,0.72,4,170,2,0,0,0,sales,medium
5438,0.93,0.83,4,225,2,0,0,0,sales,medium
5439,0.66,0.5,4,263,3,0,0,0,sales,high
5440,0.52,0.98,4,148,3,0,0,0,sales,low
5441,0.5,0.6,5,216,3,0,0,0,sales,medium
5442,0.16,0.7,5,257,4,0,0,0,sales,medium
5443,0.62,0.74,4,173,2,0,0,0,sales,medium
5444,0.49,0.49,6,188,3,0,0,0,sales,medium
5445,0.56,0.91,4,188,2,1,0,0,sales,low
5446,0.96,0.59,4,108,6,0,0,0,sales,low
5447,0.5,0.75,5,179,3,0,0,0,accounting,low
5448,0.99,0.99,4,195,2,0,0,0,accounting,low
5449,0.54,0.51,3,265,3,0,0,0,accounting,low
5450,0.52,0.9,4,285,2,0,0,0,hr,low
5451,0.81,0.99,5,202,4,0,0,0,hr,low
5452,0.5,0.73,4,271,2,0,0,0,hr,low
5453,0.51,0.88,3,202,4,0,0,0,hr,low
5454,0.41,0.47,6,171,2,0,0,0,technical,low
5455,0.62,0.72,2,180,2,1,0,0,technical,low
5456,0.56,0.68,3,269,3,1,0,0,technical,low
5457,0.96,0.75,3,231,3,0,0,0,technical,low
5458,0.58,0.64,2,249,2,0,0,0,technical,low
5459,0.66,0.75,3,228,2,0,0,0,technical,low
5460,0.56,0.75,2,264,2,0,0,0,technical,low
5461,0.56,0.93,4,210,3,1,0,0,technical,low
5462,0.67,0.91,3,256,3,0,0,0,technical,low
5463,0.72,0.71,5,137,3,0,0,0,technical,low
5464,0.59,0.79,4,272,3,0,0,0,technical,low
5465,0.95,0.55,5,185,2,0,0,0,support,low
5466,1.0,0.93,3,264,4,0,0,0,support,medium
5467,0.56,0.64,3,238,3,0,0,0,support,medium
5468,0.52,0.49,4,98,3,0,0,0,support,medium
5469,0.88,0.9,4,248,2,0,0,0,support,medium
5470,0.58,0.84,4,271,2,0,0,0,support,medium
5471,0.86,0.92,3,180,2,0,0,0,support,medium
5472,0.19,0.64,5,181,4,1,0,0,support,medium
5473,0.6,0.6,4,182,3,0,0,0,support,medium
5474,0.82,0.87,3,204,4,0,0,0,support,medium
5475,0.64,0.75,4,170,3,0,0,0,support,medium
5476,0.83,0.67,4,139,3,0,0,0,technical,medium
5477,0.57,0.75,3,159,2,0,0,0,technical,medium
5478,0.98,0.92,3,254,3,0,0,0,technical,high
5479,0.54,0.69,4,168,2,0,0,0,management,low
5480,0.72,0.66,3,256,2,0,0,0,IT,medium
5481,0.89,0.87,4,209,2,0,0,0,IT,medium
5482,0.41,0.57,3,193,3,1,0,0,IT,medium
5483,0.93,0.62,4,142,2,0,0,0,IT,medium
5484,0.9,0.9,3,274,3,0,0,0,IT,low
5485,0.38,0.59,4,276,2,0,0,0,product_mng,low
5486,0.52,0.88,4,155,3,1,0,0,product_mng,low
5487,0.99,0.72,3,220,2,1,0,0,product_mng,low
5488,0.69,0.74,2,271,2,0,0,0,product_mng,low
5489,0.76,0.76,5,175,3,0,0,0,IT,low
5490,0.42,0.46,3,128,2,1,0,0,RandD,low
5491,0.78,0.9,4,104,4,0,0,0,RandD,low
5492,0.37,0.46,3,173,6,0,0,0,RandD,medium
5493,0.89,0.39,6,190,3,1,0,0,RandD,medium
5494,0.93,0.49,5,167,3,0,0,0,RandD,medium
5495,0.98,0.56,3,187,3,0,0,0,RandD,medium
5496,0.65,0.56,3,259,3,0,0,0,marketing,medium
5497,0.3,0.61,3,138,5,0,0,0,sales,medium
5498,0.97,1.0,5,251,2,0,0,0,accounting,medium
5499,0.84,0.49,5,189,2,0,0,0,support,medium
5500,0.76,0.76,4,149,3,0,0,0,technical,medium
5501,0.5,0.74,4,246,3,0,0,0,management,medium
5502,0.48,0.61,3,146,3,0,0,0,marketing,medium
5503,0.56,0.63,4,204,4,0,0,0,marketing,medium
5504,0.99,0.77,4,184,3,0,0,0,marketing,medium
5505,0.65,0.94,4,174,3,0,0,0,sales,medium
5506,0.92,0.81,3,196,2,0,0,0,sales,medium
5507,0.88,0.76,3,223,3,0,0,0,sales,medium
5508,0.99,0.86,3,198,3,0,0,0,sales,medium
5509,0.96,0.93,5,141,2,1,0,0,sales,medium
5510,0.55,0.85,4,273,2,0,0,0,sales,medium
5511,0.71,0.94,4,209,3,0,0,0,sales,medium
5512,0.72,0.68,3,135,4,0,0,0,sales,medium
5513,0.23,0.5,5,100,3,0,0,0,sales,medium
5514,0.78,0.61,3,193,3,0,0,0,sales,medium
5515,0.82,0.61,3,229,2,0,0,0,sales,medium
5516,0.49,0.74,4,104,4,0,0,0,sales,medium
5517,0.96,0.82,4,201,2,0,0,0,sales,high
5518,0.5,0.78,3,206,3,1,0,1,sales,high
5519,0.98,0.57,5,141,3,0,0,1,sales,high
5520,0.85,0.57,4,150,3,0,0,1,sales,high
5521,0.72,0.75,3,166,3,0,0,1,sales,high
5522,0.78,0.83,4,252,2,0,0,1,sales,high
5523,0.62,0.43,2,106,2,0,0,1,sales,high
5524,0.64,0.38,5,171,6,1,0,1,accounting,high
5525,0.24,0.5,4,232,3,0,0,1,accounting,high
5526,0.84,0.78,5,172,2,0,0,1,accounting,high
5527,0.61,0.61,4,239,2,0,0,1,hr,high
5528,0.79,0.71,4,222,3,0,0,1,hr,high
5529,0.86,0.77,3,152,3,0,0,1,hr,low
5530,0.7,0.54,3,198,3,1,0,1,hr,low
5531,0.53,0.76,5,143,4,0,0,1,technical,low
5532,0.58,0.88,3,157,4,0,0,1,technical,low
5533,0.45,0.55,5,268,2,0,0,0,technical,low
5534,0.86,0.87,4,183,3,0,0,0,technical,low
5535,0.95,0.81,4,238,2,0,0,0,technical,low
5536,0.51,0.84,4,214,2,0,0,0,technical,low
5537,0.35,0.41,6,244,3,0,0,0,technical,low
5538,0.99,0.57,3,221,3,0,0,0,technical,low
5539,0.73,0.49,4,200,2,1,0,0,technical,low
5540,0.44,0.48,2,226,3,0,0,0,technical,low
5541,0.43,0.74,4,121,5,1,0,0,technical,low
5542,0.81,0.77,5,249,2,0,0,0,support,low
5543,0.77,0.83,3,204,3,0,0,0,support,low
5544,0.52,0.86,5,256,3,0,0,0,support,medium
5545,0.21,0.92,2,211,2,0,0,0,support,medium
5546,0.88,0.93,3,162,3,0,0,0,support,medium
5547,0.48,0.8,5,235,2,0,0,0,support,medium
5548,0.21,0.63,5,226,3,0,0,0,support,medium
5549,0.81,0.53,4,242,3,0,0,0,support,medium
5550,0.38,0.77,3,173,5,0,0,0,support,medium
5551,0.67,0.77,5,167,2,0,0,0,support,medium
5552,0.87,0.94,4,256,2,0,0,0,support,medium
5553,0.85,0.41,2,229,6,0,0,0,technical,medium
5554,0.52,0.9,5,176,3,0,0,0,technical,medium
5555,0.9,0.95,3,133,4,0,0,0,technical,medium
5556,0.85,0.56,5,203,3,0,0,0,management,high
5557,0.77,0.52,3,210,3,1,0,0,IT,high
5558,0.61,0.97,4,198,2,0,0,0,IT,high
5559,0.74,0.54,3,175,3,1,0,0,IT,high
5560,0.56,0.85,5,245,3,0,0,0,IT,high
5561,0.28,0.97,4,102,3,0,0,0,IT,high
5562,0.86,0.68,2,192,3,0,0,0,product_mng,high
5563,0.63,0.78,4,160,2,0,0,0,product_mng,high
5564,0.85,0.96,3,211,2,0,0,0,product_mng,low
5565,0.84,0.84,6,261,5,0,0,0,product_mng,low
5566,0.98,0.6,4,191,3,0,0,0,IT,low
5567,0.51,0.78,5,225,4,0,0,0,RandD,low
5568,0.71,0.85,4,157,2,0,0,0,RandD,low
5569,0.88,0.69,3,248,4,0,0,0,RandD,low
5570,0.16,0.81,2,159,6,1,0,0,RandD,low
5571,0.98,0.86,4,254,2,1,0,0,RandD,low
5572,0.81,0.76,3,203,3,0,0,0,RandD,medium
5573,0.17,0.79,2,126,5,0,0,0,marketing,medium
5574,0.22,0.65,6,212,4,0,0,0,sales,medium
5575,0.67,0.69,5,225,3,0,0,0,accounting,medium
5576,0.72,0.83,5,193,2,0,0,0,support,medium
5577,0.67,0.91,3,147,3,0,0,0,technical,medium
5578,0.47,0.55,2,156,2,0,0,0,management,medium
5579,0.51,0.75,3,234,2,1,0,0,marketing,medium
5580,0.88,0.71,5,246,3,0,0,0,marketing,medium
5581,0.48,0.94,4,231,4,0,0,0,marketing,medium
5582,0.66,0.99,4,209,3,0,0,0,sales,medium
5583,0.58,0.5,3,144,3,0,0,0,sales,medium
5584,0.23,0.96,2,234,4,0,0,0,sales,medium
5585,0.86,0.77,5,230,2,0,0,0,sales,medium
5586,0.81,0.99,2,156,5,0,0,0,sales,medium
5587,0.75,0.54,6,138,4,1,0,0,sales,medium
5588,0.49,0.89,2,233,4,1,0,0,sales,medium
5589,0.31,0.5,3,262,5,0,0,0,sales,medium
5590,0.83,0.75,6,215,5,0,0,0,sales,medium
5591,0.7,0.55,4,227,3,0,0,0,sales,medium
5592,0.49,0.99,3,199,3,0,0,0,sales,medium
5593,0.57,0.92,3,238,2,0,0,0,sales,medium
5594,0.37,0.45,6,100,5,1,0,0,sales,medium
5595,0.69,0.75,3,179,2,1,0,0,sales,high
5596,0.62,0.98,4,107,2,0,0,0,sales,low
5597,0.5,0.68,4,274,4,0,0,0,sales,medium
5598,0.81,0.73,4,272,2,0,0,0,sales,medium
5599,0.2,0.41,6,264,3,0,0,0,sales,medium
5600,0.22,0.58,2,255,5,0,0,0,sales,medium
5601,0.63,0.79,5,215,2,1,0,0,accounting,medium
5602,0.68,0.53,3,156,4,0,0,0,accounting,medium
5603,0.52,0.49,3,146,2,1,0,0,accounting,medium
5604,0.22,0.52,6,217,6,0,0,0,hr,medium
5605,0.51,0.82,3,206,4,0,0,0,hr,medium
5606,0.66,0.92,4,239,3,0,0,0,hr,medium
5607,0.26,0.37,2,232,3,1,0,0,hr,low
5608,0.42,0.4,3,160,2,0,0,0,technical,low
5609,0.86,0.77,5,237,3,1,0,0,technical,low
5610,0.52,0.68,3,162,4,1,0,0,technical,low
5611,0.95,0.64,3,138,4,1,0,0,technical,low
5612,0.63,0.94,2,228,2,1,0,0,technical,low
5613,1.0,0.54,3,151,2,1,0,0,technical,low
5614,0.54,0.58,3,169,2,1,0,0,technical,high
5615,0.9,0.7,3,147,4,0,0,0,technical,low
5616,0.49,0.99,6,205,5,0,0,0,technical,high
5617,0.81,0.6,3,140,2,0,0,0,technical,high
5618,0.5,0.66,4,150,4,0,0,0,technical,low
5619,0.7,0.88,4,191,3,1,0,0,support,low
5620,0.5,0.85,4,150,2,0,0,0,support,high
5621,0.98,0.66,2,255,3,0,0,0,support,low
5622,0.86,0.51,3,230,3,0,0,0,support,medium
5623,0.93,0.77,3,202,5,0,0,0,support,high
5624,0.62,0.75,3,180,3,0,0,0,support,medium
5625,0.64,0.57,3,179,3,0,0,0,support,medium
5626,0.66,0.94,4,198,3,1,0,0,support,medium
5627,0.65,0.86,4,267,2,0,0,0,support,medium
5628,0.89,0.84,3,166,2,0,0,0,support,high
5629,0.77,0.58,4,162,2,0,0,0,support,medium
5630,0.4,0.36,4,128,4,0,0,0,technical,medium
5631,0.36,0.44,4,114,4,0,0,0,technical,medium
5632,0.3,0.48,2,104,2,0,0,0,technical,high
5633,0.9,0.64,4,139,3,1,0,0,management,medium
5634,0.23,0.49,5,214,5,0,0,0,IT,high
5635,0.24,0.79,2,175,5,0,0,0,IT,low
5636,0.98,0.92,4,175,2,0,0,0,IT,medium
5637,0.49,0.48,2,186,2,0,0,0,IT,medium
5638,0.23,0.48,3,139,4,0,0,0,IT,medium
5639,0.79,0.71,3,202,3,0,0,0,product_mng,medium
5640,0.21,0.76,4,165,6,1,0,0,product_mng,low
5641,0.38,0.92,5,238,2,0,0,0,product_mng,low
5642,0.17,0.59,4,179,4,0,0,0,product_mng,low
5643,0.56,0.69,5,239,2,1,0,0,IT,low
5644,0.97,0.7,5,195,2,1,0,0,RandD,low
5645,0.22,0.78,6,206,6,0,0,0,RandD,low
5646,0.84,0.88,3,194,3,0,0,0,RandD,low
5647,0.64,0.63,5,105,5,1,0,0,RandD,low
5648,0.78,0.69,5,256,3,0,0,0,RandD,low
5649,0.23,0.4,6,110,4,1,0,0,marketing,low
5650,0.99,0.82,6,185,4,1,0,0,sales,high
5651,0.15,0.76,4,255,6,0,0,0,accounting,low
5652,0.24,0.96,3,174,6,0,0,0,support,low
5653,0.84,0.71,4,273,3,0,0,0,technical,low
5654,0.82,0.58,2,248,6,0,0,0,management,low
5655,0.17,0.86,3,286,6,0,0,0,marketing,high
5656,0.72,0.71,5,248,2,0,0,0,marketing,low
5657,0.86,0.91,3,234,3,1,0,0,marketing,low
5658,0.75,0.55,3,162,3,0,0,0,sales,low
5659,0.93,0.82,5,272,3,0,0,0,sales,high
5660,0.75,0.52,3,260,3,1,0,0,sales,low
5661,0.45,0.55,3,151,3,0,0,0,sales,medium
5662,0.44,0.87,2,140,4,0,0,0,sales,high
5663,0.55,0.9,5,237,3,0,0,0,sales,medium
5664,0.78,0.56,5,252,2,0,0,0,sales,high
5665,0.5,0.52,4,178,3,0,0,0,sales,medium
5666,0.96,0.66,4,268,3,0,0,0,sales,medium
5667,0.72,0.53,5,244,4,0,0,0,sales,medium
5668,0.77,0.55,3,225,3,0,0,0,sales,medium
5669,0.89,0.94,5,223,3,0,0,0,sales,medium
5670,0.58,0.79,4,149,6,0,0,0,sales,medium
5671,0.75,0.96,5,190,3,0,0,0,sales,medium
5672,0.77,0.8,4,167,3,0,0,0,sales,medium
5673,0.76,0.87,4,161,3,0,0,0,sales,high
5674,0.87,0.76,4,218,2,0,0,0,sales,low
5675,0.95,0.74,3,212,3,0,0,0,sales,medium
5676,0.73,0.54,3,150,3,0,0,0,sales,medium
5677,0.2,0.56,5,181,6,0,0,0,accounting,medium
5678,0.55,0.43,3,120,6,1,0,0,accounting,medium
5679,0.21,0.53,3,229,5,0,0,0,accounting,medium
5680,0.91,0.74,3,139,5,1,0,0,hr,medium
5681,0.61,0.87,4,151,3,0,0,0,hr,medium
5682,0.89,0.59,4,230,3,0,0,0,hr,medium
5683,0.65,0.76,4,193,2,0,0,0,hr,medium
5684,0.7,0.48,4,229,2,0,0,0,technical,high
5685,0.79,0.95,3,222,4,0,0,0,technical,low
5686,0.99,0.67,3,200,2,0,0,0,technical,low
5687,0.52,0.77,4,134,4,0,0,0,technical,low
5688,0.71,0.97,3,219,3,0,0,0,technical,high
5689,0.21,0.58,5,197,4,0,0,0,technical,low
5690,0.4,0.62,3,283,5,0,0,0,technical,low
5691,0.74,0.75,4,149,3,0,0,0,technical,low
5692,0.79,0.6,4,161,3,0,0,0,technical,high
5693,0.88,0.58,5,264,3,0,0,0,technical,low
5694,0.89,0.93,4,137,2,0,0,0,technical,low
5695,0.61,0.72,3,144,2,0,0,0,support,low
5696,0.48,0.54,4,105,5,1,0,0,support,low
5697,0.81,0.98,6,196,2,0,0,0,support,low
5698,0.71,0.74,3,250,3,0,0,0,support,low
5699,0.92,0.53,3,253,3,0,0,0,support,low
5700,0.99,0.71,4,199,4,0,0,0,support,medium
5701,0.74,0.55,6,130,2,0,0,0,support,medium
5702,1.0,0.94,3,257,4,0,0,0,support,medium
5703,0.81,0.55,3,127,4,0,0,0,support,medium
5704,0.59,0.7,2,153,2,0,0,0,support,medium
5705,0.9,0.58,5,260,2,0,0,0,support,medium
5706,0.98,0.9,4,247,2,0,0,0,technical,medium
5707,0.56,0.55,3,250,4,0,0,0,technical,medium
5708,0.86,0.89,4,136,4,0,0,0,technical,medium
5709,0.82,0.59,3,210,3,0,0,0,management,medium
5710,0.94,0.53,4,183,3,0,0,0,IT,medium
5711,0.68,0.96,4,255,3,0,0,0,IT,medium
5712,0.81,0.69,5,109,2,0,0,0,IT,high
5713,0.59,0.59,3,173,3,0,0,0,IT,low
5714,0.54,0.82,4,266,2,0,0,0,IT,medium
5715,0.77,0.87,5,257,2,0,0,0,product_mng,medium
5716,0.62,0.61,6,103,4,0,0,0,product_mng,medium
5717,0.58,0.57,5,105,6,0,0,0,product_mng,medium
5718,0.63,0.84,3,269,2,0,0,0,product_mng,low
5719,0.78,1.0,4,154,2,0,0,0,IT,low
5720,0.82,0.78,5,232,3,0,0,0,RandD,low
5721,0.73,0.86,3,215,4,0,0,0,RandD,low
5722,0.53,0.74,4,272,2,1,0,0,RandD,low
5723,0.88,0.62,4,221,2,0,0,0,RandD,low
5724,0.65,0.6,4,200,4,0,0,0,RandD,low
5725,0.57,0.61,5,254,5,0,0,0,marketing,low
5726,0.93,0.76,5,187,3,0,0,0,marketing,low
5727,0.83,0.64,2,192,2,0,0,0,sales,low
5728,0.73,0.45,5,232,4,0,0,0,accounting,low
5729,0.78,0.67,4,221,3,1,0,0,support,low
5730,0.9,0.62,3,233,5,1,0,0,technical,low
5731,0.59,0.66,3,166,3,1,0,0,management,low
5732,0.67,0.89,2,173,3,0,0,0,marketing,low
5733,0.59,0.51,4,184,2,0,0,0,marketing,low
5734,0.53,0.54,4,257,3,1,0,0,marketing,low
5735,0.56,0.73,4,226,2,0,0,0,sales,low
5736,0.72,0.89,3,221,3,0,0,0,sales,low
5737,0.81,0.49,2,205,5,1,0,0,sales,low
5738,0.54,0.68,3,158,3,0,0,0,sales,low
5739,0.91,0.87,3,199,3,0,0,0,sales,medium
5740,0.51,0.96,3,192,3,0,0,0,sales,medium
5741,0.59,0.39,4,190,5,0,0,0,sales,medium
5742,0.64,0.86,5,222,3,0,0,0,sales,medium
5743,0.95,0.68,5,225,3,0,0,0,sales,medium
5744,0.75,0.69,3,274,2,0,0,0,sales,medium
5745,0.44,0.38,3,197,2,0,0,0,sales,medium
5746,0.55,0.6,4,176,3,0,0,0,sales,medium
5747,0.6,0.81,3,226,2,0,0,0,sales,medium
5748,0.84,0.58,5,186,2,0,0,0,sales,medium
5749,0.49,0.65,3,226,3,0,0,0,sales,medium
5750,0.75,0.71,4,209,3,0,0,0,sales,medium
5751,0.35,0.81,5,182,5,0,0,0,sales,high
5752,0.68,0.78,3,232,3,0,0,0,sales,low
5753,0.52,0.53,2,286,3,0,0,0,sales,medium
5754,0.78,0.57,3,177,3,0,0,0,accounting,medium
5755,0.44,0.92,6,268,4,1,0,0,accounting,medium
5756,0.18,0.86,5,267,4,0,0,0,accounting,medium
5757,0.37,0.52,4,211,4,0,0,0,hr,low
5758,0.71,0.76,3,246,3,0,0,0,hr,low
5759,0.55,0.83,5,220,3,0,0,0,hr,low
5760,0.98,0.78,3,197,2,0,0,0,hr,low
5761,0.88,0.53,3,188,3,0,0,0,technical,low
5762,0.79,0.9,5,212,5,0,0,0,technical,low
5763,0.96,0.66,3,230,3,0,0,0,technical,low
5764,0.3,0.55,6,178,2,0,0,0,technical,low
5765,0.59,0.9,4,226,2,0,0,0,technical,low
5766,0.72,0.55,4,202,3,0,0,0,technical,low
5767,0.59,0.87,4,191,2,0,0,0,technical,low
5768,0.93,0.68,2,150,3,0,0,0,technical,low
5769,0.49,0.86,5,235,5,0,0,0,technical,low
5770,0.73,0.95,3,258,3,0,0,0,technical,low
5771,0.53,0.6,5,247,3,0,0,0,technical,low
5772,0.77,0.83,6,271,3,0,0,0,support,low
5773,0.45,0.62,6,129,5,0,0,0,support,low
5774,0.95,0.78,5,246,3,0,0,0,support,low
5775,0.86,0.69,5,157,4,0,0,0,support,low
5776,0.59,0.58,4,233,4,0,0,0,support,low
5777,0.95,0.63,4,153,3,0,0,0,support,low
5778,0.7,0.92,4,142,2,1,0,0,support,medium
5779,0.56,0.64,5,241,3,1,0,0,support,medium
5780,0.5,0.92,3,186,2,0,0,0,support,medium
5781,0.76,0.92,4,154,3,0,0,0,support,medium
5782,0.85,0.77,5,263,3,0,0,0,support,medium
5783,0.98,1.0,5,150,3,0,0,0,technical,medium
5784,0.65,0.4,2,277,2,0,0,0,technical,medium
5785,0.44,0.97,4,240,5,1,0,0,technical,medium
5786,0.55,0.97,3,222,2,0,0,0,management,medium
5787,0.16,0.8,4,140,5,1,0,0,IT,medium
5788,0.16,0.9,6,213,2,0,0,0,IT,medium
5789,0.75,1.0,4,272,4,1,0,0,IT,medium
5790,0.59,0.57,4,261,2,0,0,0,IT,high
5791,0.48,0.87,3,236,2,0,0,0,IT,low
5792,0.18,0.68,6,154,5,0,0,0,product_mng,medium
5793,0.8,0.72,3,271,2,0,0,0,product_mng,medium
5794,0.8,0.88,3,154,2,0,0,0,product_mng,medium
5795,0.15,0.52,4,207,4,0,0,0,product_mng,medium
5796,0.62,0.86,4,181,2,0,0,0,IT,low
5797,0.21,0.99,6,165,4,1,0,0,RandD,low
5798,0.9,0.82,3,203,2,0,0,0,RandD,low
5799,0.51,1.0,4,197,2,0,0,0,RandD,low
5800,0.99,0.9,4,177,3,0,0,0,RandD,low
5801,0.71,0.49,4,273,2,1,0,0,RandD,low
5802,0.89,0.93,4,141,2,0,0,0,marketing,low
5803,0.74,0.67,4,158,3,0,0,0,sales,low
5804,0.84,0.85,3,243,2,0,0,0,accounting,low
5805,0.4,0.64,3,188,3,0,0,0,support,low
5806,1.0,0.71,4,216,2,0,0,0,technical,low
5807,0.48,0.51,5,286,3,0,0,0,management,low
5808,0.99,0.6,3,262,2,0,0,0,marketing,low
5809,0.73,0.81,5,173,3,0,0,0,marketing,low
5810,0.84,0.91,3,247,4,0,0,0,marketing,low
5811,0.55,0.7,3,237,4,0,0,0,sales,low
5812,0.44,0.99,5,119,2,0,0,0,sales,low
5813,0.95,0.67,4,227,3,0,0,0,sales,low
5814,0.76,0.65,4,195,3,0,0,0,sales,low
5815,0.94,0.7,6,217,5,0,0,0,sales,low
5816,0.85,0.5,4,267,3,0,0,0,sales,low
5817,0.57,0.62,3,154,2,0,0,0,sales,medium
5818,0.67,0.49,5,161,2,0,0,0,sales,medium
5819,0.7,0.67,3,179,3,1,0,0,sales,medium
5820,0.67,0.55,4,214,3,1,0,0,sales,medium
5821,0.72,0.84,3,167,3,0,0,0,sales,medium
5822,0.71,0.53,6,203,3,0,0,0,sales,medium
5823,0.51,0.8,4,231,3,0,0,0,sales,medium
5824,0.98,0.65,4,263,2,1,0,0,sales,medium
5825,0.52,0.83,2,227,4,0,0,0,sales,medium
5826,0.21,0.9,4,235,4,0,0,0,sales,medium
5827,0.43,0.93,6,127,3,1,0,0,sales,medium
5828,0.91,0.62,4,158,3,1,0,0,sales,medium
5829,0.74,0.85,4,105,5,0,0,0,sales,high
5830,0.34,0.81,3,257,5,0,0,0,accounting,low
5831,0.28,0.46,4,260,2,0,0,0,accounting,medium
5832,0.7,0.79,6,145,3,0,0,0,accounting,medium
5833,0.53,0.59,2,201,3,1,0,0,hr,medium
5834,0.97,0.51,4,241,4,0,0,0,hr,medium
5835,0.96,0.59,3,214,2,0,0,0,hr,low
5836,0.74,0.53,4,166,3,0,0,0,hr,low
5837,0.79,0.86,4,173,4,0,0,0,technical,low
5838,0.61,0.47,4,181,5,0,0,0,technical,low
5839,0.36,0.4,4,114,4,1,0,0,technical,low
5840,0.15,0.91,5,267,4,0,0,0,technical,low
5841,0.61,0.5,4,216,2,0,0,0,technical,low
5842,0.59,0.94,4,265,3,0,0,0,technical,low
5843,0.58,0.77,5,272,2,1,0,0,technical,low
5844,0.49,0.92,4,229,2,0,0,0,technical,low
5845,0.92,0.96,5,174,3,1,0,0,technical,low
5846,0.72,0.92,3,264,3,0,0,0,technical,low
5847,0.77,0.85,5,221,5,0,0,0,technical,low
5848,0.6,0.57,3,202,3,0,0,0,support,low
5849,0.21,0.4,3,262,3,0,0,0,support,low
5850,0.83,0.75,3,150,3,0,0,0,support,low
5851,0.71,0.95,3,251,3,0,0,0,support,low
5852,0.94,0.46,2,230,2,1,0,0,support,low
5853,0.59,0.99,3,185,2,0,0,0,support,medium
5854,0.59,0.59,4,216,2,1,0,0,support,medium
5855,0.99,0.68,3,181,3,1,0,0,support,medium
5856,0.64,0.7,5,140,4,0,0,0,support,medium
5857,0.54,0.5,4,160,3,0,0,0,support,medium
5858,0.78,0.63,3,192,2,0,0,0,support,medium
5859,0.7,0.79,6,257,4,0,0,0,technical,medium
5860,0.9,0.62,5,236,6,0,0,0,technical,medium
5861,0.14,0.74,6,160,5,0,0,0,technical,medium
5862,0.33,0.69,3,125,3,0,0,0,management,medium
5863,0.73,0.53,4,139,2,0,0,0,IT,medium
5864,0.8,0.87,4,217,3,0,0,0,IT,medium
5865,0.17,0.91,6,246,5,0,0,0,IT,high
5866,0.34,0.91,4,284,4,0,0,0,IT,low
5867,0.61,0.9,3,263,3,0,0,0,IT,medium
5868,0.18,0.95,4,241,6,0,0,0,product_mng,medium
5869,0.72,0.94,3,258,3,0,0,0,product_mng,medium
5870,0.32,0.79,4,136,3,0,0,0,product_mng,medium
5871,0.85,0.81,2,223,3,1,0,0,product_mng,low
5872,0.85,0.74,5,170,4,0,0,0,IT,low
5873,0.8,0.81,4,194,3,1,0,0,RandD,low
5874,0.36,0.82,4,218,5,0,0,0,RandD,low
5875,0.8,0.99,6,178,5,0,0,0,RandD,low
5876,0.55,0.9,3,181,3,1,0,0,RandD,low
5877,0.69,0.56,3,183,4,1,0,0,RandD,low
5878,0.71,0.61,2,198,2,1,0,0,marketing,low
5879,0.74,0.56,3,203,3,0,0,0,sales,low
5880,0.76,0.89,5,204,3,0,0,0,accounting,low
5881,0.81,0.62,3,257,3,0,0,0,support,low
5882,0.59,1.0,4,169,2,0,0,0,technical,low
5883,0.97,0.69,4,203,2,0,0,0,management,low
5884,0.98,0.74,4,260,2,1,0,0,marketing,low
5885,0.96,0.87,5,202,2,0,0,0,marketing,low
5886,0.82,0.63,4,199,2,0,0,0,marketing,low
5887,0.97,0.93,2,270,4,0,0,0,sales,low
5888,0.74,0.51,5,258,2,0,0,0,sales,low
5889,0.14,0.52,4,108,6,0,0,0,sales,low
5890,0.3,0.67,3,232,3,0,0,0,sales,low
5891,0.74,0.89,4,149,2,0,0,0,sales,low
5892,0.85,0.48,4,214,3,0,0,0,sales,medium
5893,0.69,0.65,4,136,2,0,0,0,sales,medium
5894,0.6,0.95,4,164,4,0,0,0,sales,medium
5895,0.53,0.85,3,236,6,0,0,0,sales,medium
5896,0.94,0.88,3,270,3,0,0,0,sales,medium
5897,0.57,0.63,5,156,4,0,0,0,sales,medium
5898,0.2,0.73,3,250,5,0,0,0,sales,medium
5899,0.82,0.92,4,196,3,0,0,0,sales,medium
5900,0.62,0.92,5,169,2,0,0,0,sales,medium
5901,0.88,0.59,2,144,3,0,0,0,sales,medium
5902,0.82,0.62,4,160,3,0,0,0,sales,medium
5903,0.62,0.91,3,142,6,1,0,0,sales,medium
5904,0.74,0.48,5,165,2,0,0,0,sales,high
5905,0.91,0.66,4,163,3,0,0,0,sales,low
5906,0.7,0.96,3,263,3,0,0,0,accounting,medium
5907,0.84,0.9,3,178,2,0,0,0,accounting,medium
5908,0.35,0.57,3,109,3,0,0,0,accounting,medium
5909,0.28,0.83,4,206,5,0,0,0,hr,medium
5910,0.37,0.37,3,168,3,0,0,0,hr,low
5911,0.75,0.5,4,155,2,1,0,0,hr,low
5912,0.34,0.6,4,154,2,0,0,0,hr,low
5913,0.55,0.5,4,179,3,0,0,0,technical,low
5914,0.97,0.92,3,168,3,0,0,0,technical,low
5915,0.91,0.57,3,158,3,0,0,0,technical,low
5916,0.48,0.63,3,180,2,1,0,0,technical,low
5917,0.53,0.71,4,227,3,0,0,0,technical,low
5918,0.84,0.67,3,139,2,0,0,0,technical,low
5919,0.31,0.69,3,120,3,0,0,0,technical,low
5920,0.81,0.62,4,255,4,1,0,0,technical,low
5921,0.78,0.95,5,273,2,0,0,0,technical,low
5922,0.64,0.68,3,272,3,0,0,0,technical,low
5923,0.41,0.77,4,231,6,0,0,0,technical,low
5924,0.74,0.81,5,281,3,1,0,0,support,low
5925,0.89,0.86,3,208,3,0,0,0,support,low
5926,0.26,0.43,4,215,4,1,0,0,support,low
5927,0.72,0.39,5,111,5,0,0,0,support,low
5928,0.84,0.74,2,168,3,0,0,0,support,low
5929,0.52,0.8,2,144,4,0,0,0,support,low
5930,0.65,0.95,3,266,3,1,0,0,support,low
5931,0.66,0.56,3,169,2,1,0,0,support,medium
5932,0.86,0.63,4,162,2,0,0,0,support,medium
5933,0.91,0.9,3,243,3,0,0,0,support,medium
5934,0.84,0.6,3,186,3,1,0,0,support,medium
5935,0.87,0.57,4,231,4,0,0,0,technical,medium
5936,0.57,0.54,4,167,3,0,0,0,technical,medium
5937,0.68,0.5,3,139,3,0,0,0,technical,medium
5938,1.0,0.59,5,182,3,1,0,0,management,medium
5939,0.86,0.74,4,261,2,0,0,0,IT,medium
5940,0.7,0.99,4,248,3,0,0,0,IT,medium
5941,0.28,0.7,2,164,4,0,0,0,IT,medium
5942,0.84,0.9,3,230,3,0,0,0,IT,medium
5943,0.68,0.92,3,226,2,0,0,0,IT,high
5944,0.45,0.6,2,98,3,0,0,0,product_mng,low
5945,0.37,0.74,5,117,3,0,0,0,product_mng,medium
5946,0.98,0.84,4,200,2,0,0,0,product_mng,medium
5947,0.67,0.57,3,206,3,1,0,0,product_mng,medium
5948,0.74,0.83,4,142,3,0,0,0,IT,medium
5949,0.48,0.46,2,174,3,0,0,0,RandD,low
5950,0.22,0.63,5,284,6,0,0,0,RandD,low
5951,0.14,0.79,5,163,6,0,0,0,RandD,low
5952,0.93,0.92,5,189,2,0,0,0,RandD,low
5953,0.83,0.54,4,189,4,0,0,0,RandD,low
5954,0.94,0.79,3,256,3,0,0,0,marketing,low
5955,0.7,0.98,3,215,2,0,0,0,sales,low
5956,0.74,0.86,4,221,2,1,0,0,accounting,low
5957,0.83,0.85,4,263,3,0,0,0,support,medium
5958,0.97,0.61,3,208,3,0,0,0,technical,medium
5959,0.61,0.71,3,216,4,0,0,0,management,medium
5960,0.77,0.71,2,242,2,0,0,0,marketing,medium
5961,0.66,0.73,2,135,6,0,0,0,marketing,medium
5962,0.92,0.99,3,190,3,0,0,0,marketing,medium
5963,0.62,0.55,3,108,2,1,0,0,sales,medium
5964,0.15,0.67,6,195,2,0,0,0,sales,medium
5965,0.82,0.68,3,160,4,0,0,0,sales,medium
5966,0.7,0.48,5,273,2,0,0,0,sales,medium
5967,0.18,0.39,2,177,6,0,0,0,sales,medium
5968,0.99,0.59,3,163,2,0,0,0,sales,medium
5969,0.22,0.9,4,106,2,0,0,0,sales,medium
5970,0.61,0.83,5,236,2,0,0,0,sales,medium
5971,0.78,0.91,3,132,2,0,0,0,sales,medium
5972,0.84,0.61,3,253,2,0,0,0,sales,medium
5973,0.87,0.74,4,151,4,0,0,0,sales,medium
5974,0.73,0.9,4,266,3,0,0,0,sales,medium
5975,0.7,0.86,3,141,2,1,0,0,sales,medium
5976,0.98,0.71,5,217,3,0,0,0,sales,medium
5977,0.85,0.49,3,258,3,0,0,0,sales,medium
5978,0.56,0.83,5,275,2,0,0,0,sales,medium
5979,0.48,0.62,4,210,2,0,0,0,sales,medium
5980,0.65,0.7,3,243,3,0,0,0,sales,medium
5981,0.84,0.59,3,234,3,1,0,0,sales,medium
5982,0.17,0.73,4,274,3,0,0,0,accounting,high
5983,0.84,0.61,4,261,2,0,0,0,accounting,high
5984,0.96,0.59,3,158,3,1,0,0,accounting,high
5985,0.62,0.96,5,251,2,0,0,0,hr,high
5986,0.57,0.7,3,158,3,0,0,0,hr,high
5987,0.98,0.87,3,246,3,0,0,0,hr,high
5988,0.72,0.99,4,227,3,0,0,0,hr,high
5989,0.43,0.46,4,169,5,0,0,0,technical,high
5990,0.68,0.57,5,187,4,0,0,0,technical,high
5991,0.69,0.86,4,238,3,0,0,0,technical,high
5992,0.91,0.66,4,139,3,0,0,0,technical,high
5993,0.42,0.37,2,284,3,0,0,0,technical,high
5994,0.8,0.99,4,255,5,1,0,0,technical,low
5995,0.79,0.57,5,230,2,0,0,0,technical,low
5996,1.0,0.94,3,272,3,0,0,0,technical,low
5997,0.63,0.75,4,155,3,0,0,0,technical,low
5998,0.61,0.51,6,163,6,0,0,0,technical,low
5999,0.78,0.98,4,260,3,0,0,0,technical,low
6000,0.72,0.96,5,223,3,1,0,0,support,low
6001,0.64,0.51,4,247,2,1,0,0,support,low
6002,0.79,0.86,3,126,5,0,0,0,support,low
6003,0.64,0.55,3,147,2,0,0,0,support,low
6004,0.82,0.88,4,259,3,0,0,0,support,low
6005,0.51,0.86,4,196,2,0,0,0,support,low
6006,0.18,0.51,6,227,2,0,0,0,support,low
6007,0.67,0.58,5,161,3,1,0,0,support,low
6008,0.65,0.85,3,213,2,0,0,0,support,low
6009,0.7,0.8,4,183,2,0,0,0,support,medium
6010,0.59,0.59,3,194,2,1,0,0,support,medium
6011,0.56,0.76,3,237,3,0,0,0,technical,medium
6012,0.17,0.94,5,273,4,0,0,0,technical,medium
6013,0.8,0.89,2,166,3,0,0,0,technical,medium
6014,0.91,0.62,5,169,4,0,0,0,management,medium
6015,0.51,0.54,3,154,3,1,0,0,IT,medium
6016,0.76,0.59,3,201,6,1,0,0,IT,medium
6017,0.82,0.59,3,178,2,0,0,0,IT,medium
6018,0.44,0.66,3,161,3,0,0,0,IT,medium
6019,0.5,0.48,4,269,3,0,0,0,IT,medium
6020,0.54,0.49,3,203,3,1,0,0,product_mng,medium
6021,0.56,0.63,4,271,2,1,0,0,product_mng,high
6022,0.77,0.66,6,181,4,0,0,0,product_mng,high
6023,0.39,0.38,4,135,2,0,0,0,product_mng,high
6024,0.52,0.62,3,275,2,0,0,0,IT,high
6025,0.63,0.91,3,252,2,0,0,0,RandD,high
6026,0.49,0.46,2,129,2,0,0,0,RandD,high
6027,0.2,0.47,4,230,4,0,0,0,RandD,high
6028,0.21,0.94,3,287,5,0,0,0,RandD,high
6029,0.85,0.98,5,156,2,0,0,0,RandD,low
6030,0.54,0.82,2,279,3,1,0,0,marketing,low
6031,0.23,0.88,5,156,4,0,0,0,sales,low
6032,0.65,0.96,3,168,2,0,0,0,accounting,low
6033,0.19,0.85,6,259,3,1,0,0,support,low
6034,0.76,0.58,4,188,3,0,0,0,technical,low
6035,0.83,0.8,4,149,3,0,0,0,management,low
6036,0.97,0.47,3,157,4,0,0,0,marketing,low
6037,0.67,1.0,3,201,4,0,0,0,marketing,medium
6038,0.53,0.62,3,185,3,0,0,0,marketing,medium
6039,0.34,0.71,2,160,3,1,0,0,sales,medium
6040,0.58,0.48,5,251,3,0,0,0,sales,medium
6041,0.96,0.68,5,145,3,1,0,0,sales,medium
6042,0.72,0.76,3,269,3,1,0,0,sales,medium
6043,0.58,0.62,3,213,2,0,0,0,sales,medium
6044,0.39,0.67,6,276,6,0,0,0,sales,medium
6045,0.24,0.57,5,232,3,0,0,0,sales,medium
6046,0.64,0.73,4,184,3,0,0,0,sales,medium
6047,0.98,0.55,3,260,3,0,0,0,sales,medium
6048,0.64,0.99,3,214,2,0,0,0,sales,medium
6049,0.56,0.41,2,194,2,0,0,0,sales,medium
6050,0.53,0.74,5,181,2,0,0,0,sales,medium
6051,0.62,0.57,4,215,3,0,0,0,sales,medium
6052,0.85,0.69,3,194,4,0,0,0,sales,medium
6053,0.76,0.85,4,190,3,0,0,0,sales,medium
6054,0.69,0.5,3,260,4,0,0,0,sales,medium
6055,0.35,0.67,2,171,3,0,0,0,sales,medium
6056,0.54,0.47,2,193,4,0,0,0,sales,medium
6057,0.63,0.49,3,252,3,0,0,0,sales,medium
6058,0.58,0.58,5,171,2,0,0,0,accounting,medium
6059,0.7,0.93,3,185,4,0,0,0,accounting,medium
6060,0.48,0.51,4,152,4,0,0,0,accounting,high
6061,0.59,0.92,4,183,2,0,0,0,hr,low
6062,0.96,0.8,4,145,2,0,0,0,hr,medium
6063,0.99,0.77,3,190,4,0,0,0,hr,medium
6064,0.73,0.59,4,214,5,0,0,0,hr,medium
6065,0.7,0.73,2,139,2,0,0,0,technical,medium
6066,0.85,0.88,5,236,4,0,0,0,technical,medium
6067,0.66,0.61,3,156,3,1,0,0,technical,medium
6068,0.94,0.97,2,221,2,0,0,0,technical,medium
6069,0.54,0.64,6,278,2,0,0,0,technical,medium
6070,0.78,0.47,4,129,2,0,0,0,technical,medium
6071,0.64,0.85,3,213,4,0,0,0,technical,medium
6072,0.68,0.56,3,146,3,0,0,0,technical,low
6073,0.92,0.84,4,159,3,0,0,0,technical,low
6074,0.72,0.73,3,198,2,0,0,0,technical,low
6075,0.78,0.74,6,251,4,0,0,0,technical,low
6076,0.35,0.54,2,124,3,0,0,0,support,low
6077,0.97,0.77,5,223,2,0,0,0,support,low
6078,0.57,0.65,3,163,2,0,0,0,support,low
6079,0.9,0.66,4,242,3,0,0,0,support,high
6080,0.31,0.61,4,97,2,0,0,0,support,low
6081,0.17,0.5,4,267,6,0,0,0,support,high
6082,0.8,0.4,5,199,4,1,0,0,support,high
6083,0.19,0.76,3,107,5,0,0,0,support,low
6084,0.57,0.65,5,144,3,1,0,0,support,low
6085,0.22,0.96,3,213,3,0,0,0,support,high
6086,0.15,0.9,5,284,4,0,0,0,support,low
6087,0.62,0.67,5,259,3,0,0,0,technical,medium
6088,0.61,0.41,3,103,2,0,0,0,technical,high
6089,0.87,0.81,5,236,3,0,0,0,technical,medium
6090,0.54,0.75,4,199,2,0,0,0,management,medium
6091,0.71,0.54,3,201,2,0,0,0,IT,medium
6092,0.66,0.67,3,123,4,0,0,0,IT,medium
6093,0.7,0.68,4,143,5,0,0,0,IT,high
6094,0.53,0.5,5,159,2,0,0,0,IT,medium
6095,0.92,0.54,5,203,3,0,0,0,IT,medium
6096,0.93,0.73,4,168,2,0,0,0,product_mng,medium
6097,0.62,0.7,5,180,4,0,0,0,product_mng,high
6098,0.65,0.53,5,142,3,0,0,0,product_mng,medium
6099,0.87,0.98,4,266,2,1,0,0,product_mng,high
6100,0.97,0.89,5,265,2,0,0,0,IT,low
6101,0.76,0.77,5,257,3,0,0,0,RandD,medium
6102,0.96,0.55,4,234,4,0,0,0,RandD,medium
6103,1.0,0.8,3,223,3,0,0,0,RandD,medium
6104,0.99,0.85,5,261,4,0,0,0,RandD,medium
6105,0.67,0.84,4,197,2,0,0,0,RandD,low
6106,0.61,0.52,4,171,2,0,0,0,marketing,low
6107,0.62,0.92,3,228,2,0,0,0,sales,low
6108,0.62,0.79,3,141,3,0,0,0,accounting,low
6109,0.97,0.76,3,147,3,1,0,0,support,low
6110,0.86,0.56,5,237,3,0,0,0,technical,low
6111,0.15,0.44,3,199,2,0,0,0,management,low
6112,0.14,0.95,4,144,5,0,0,0,marketing,low
6113,0.7,0.98,4,146,3,0,0,0,marketing,low
6114,0.95,0.7,4,139,3,0,0,0,marketing,low
6115,0.63,0.86,4,169,2,0,0,0,sales,high
6116,0.45,0.75,4,169,2,0,0,0,sales,low
6117,0.9,0.6,3,268,3,0,0,0,sales,low
6118,0.15,0.87,4,194,4,0,0,0,sales,low
6119,0.75,0.86,3,249,3,0,0,0,sales,low
6120,0.14,0.52,4,122,2,0,0,0,sales,high
6121,0.5,0.94,5,176,4,0,0,0,sales,low
6122,0.45,0.45,4,168,2,0,0,0,sales,low
6123,0.86,0.92,3,260,2,0,0,0,sales,low
6124,0.52,0.62,3,179,3,0,0,0,sales,high
6125,0.79,0.48,5,200,3,0,0,0,sales,low
6126,0.47,0.56,4,165,3,0,0,0,sales,medium
6127,0.76,0.64,4,144,2,0,0,0,sales,high
6128,0.52,0.72,4,186,2,0,0,0,sales,medium
6129,0.84,0.54,4,156,4,0,0,0,sales,high
6130,0.5,0.7,4,162,2,0,0,0,sales,medium
6131,0.52,0.63,3,269,2,0,0,0,sales,medium
6132,0.76,0.37,3,127,4,0,0,0,sales,medium
6133,0.59,0.58,2,267,3,0,0,0,sales,medium
6134,0.65,0.79,4,196,2,0,0,0,accounting,medium
6135,0.68,0.83,3,144,2,0,0,0,accounting,medium
6136,0.52,0.72,2,247,4,0,0,0,accounting,medium
6137,0.92,0.5,5,258,3,0,0,0,hr,medium
6138,0.53,0.84,4,219,2,0,0,0,hr,high
6139,0.5,0.95,2,208,2,0,0,0,hr,low
6140,0.98,0.77,4,184,3,0,0,0,hr,medium
6141,0.85,0.6,5,178,2,0,0,0,technical,medium
6142,0.49,0.83,4,194,3,0,0,0,technical,medium
6143,0.52,0.73,4,245,4,0,0,0,technical,medium
6144,0.96,0.77,3,193,3,0,0,0,technical,medium
6145,0.86,0.85,3,254,3,0,0,0,technical,medium
6146,0.35,0.59,3,281,2,0,0,0,technical,medium
6147,0.99,0.97,5,229,2,0,0,0,technical,medium
6148,0.52,0.92,4,112,2,0,0,0,technical,medium
6149,0.75,0.91,4,243,3,0,0,0,technical,high
6150,0.67,0.66,3,151,3,0,0,0,technical,low
6151,0.49,0.37,4,216,4,0,0,0,technical,low
6152,0.51,0.62,3,110,3,0,0,0,support,low
6153,0.65,0.6,3,142,2,0,0,0,support,high
6154,0.73,0.8,4,251,2,1,0,0,support,low
6155,0.46,0.75,6,276,6,0,0,0,support,low
6156,0.94,0.82,4,159,2,1,0,0,support,low
6157,0.53,0.69,4,257,4,0,0,0,support,high
6158,0.6,0.79,5,154,2,0,0,0,support,low
6159,0.63,0.97,5,146,3,0,0,0,support,low
6160,0.75,0.77,4,204,2,0,0,0,support,low
6161,0.69,0.53,4,156,3,0,0,0,support,low
6162,0.81,0.5,4,170,4,0,0,0,support,low
6163,0.74,0.84,3,239,3,0,0,0,technical,low
6164,0.72,0.55,4,145,3,0,0,0,technical,low
6165,0.27,0.39,4,193,4,0,0,0,technical,medium
6166,0.86,0.74,2,178,3,0,0,0,management,medium
6167,0.5,0.59,3,260,3,0,0,0,IT,medium
6168,0.82,0.5,3,198,4,0,0,0,IT,medium
6169,0.73,0.51,4,249,5,0,0,0,IT,medium
6170,0.7,0.72,4,202,3,0,0,0,IT,medium
6171,0.9,0.72,4,143,3,0,0,0,IT,medium
6172,0.72,0.95,2,178,4,1,0,0,product_mng,medium
6173,0.63,0.85,3,151,4,1,0,0,product_mng,medium
6174,0.84,0.99,4,134,3,0,0,0,product_mng,medium
6175,0.98,0.92,5,221,3,1,0,0,product_mng,medium
6176,0.41,0.48,6,165,4,0,0,0,IT,medium
6177,0.72,0.58,4,255,2,0,0,0,RandD,high
6178,0.87,0.89,3,140,2,1,0,0,RandD,low
6179,0.63,0.71,5,141,2,0,0,0,RandD,medium
6180,0.6,0.96,4,99,6,0,0,0,RandD,medium
6181,0.58,0.79,5,197,3,0,0,0,RandD,medium
6182,0.64,0.52,3,240,3,0,0,0,marketing,medium
6183,0.74,0.62,3,216,3,1,0,0,sales,low
6184,0.93,0.7,5,206,4,0,0,0,accounting,low
6185,0.74,0.75,4,257,3,0,0,0,support,low
6186,0.98,0.6,4,160,3,0,0,0,technical,low
6187,0.87,0.82,5,138,3,1,0,0,management,low
6188,0.76,0.99,3,216,3,0,0,0,marketing,low
6189,0.15,0.91,6,281,3,0,0,0,marketing,low
6190,0.18,0.57,6,238,6,1,0,0,marketing,low
6191,1.0,0.67,3,199,4,0,0,0,sales,low
6192,0.98,0.63,3,135,3,0,0,0,sales,low
6193,0.73,0.97,3,165,2,0,0,0,sales,low
6194,0.67,0.72,3,180,3,0,0,0,sales,low
6195,0.9,0.74,3,227,3,0,0,0,sales,low
6196,0.54,0.53,3,251,2,0,0,0,sales,low
6197,0.15,0.39,5,229,4,0,0,0,sales,low
6198,0.58,0.54,4,199,2,0,0,0,sales,low
6199,0.81,0.51,4,271,2,0,0,0,sales,low
6200,0.17,0.51,5,221,3,0,0,0,sales,low
6201,0.68,0.73,4,251,3,0,0,0,sales,low
6202,0.68,0.49,4,153,4,0,0,0,sales,low
6203,0.7,0.93,4,241,3,0,0,0,sales,low
6204,0.49,0.68,4,201,4,0,0,0,sales,medium
6205,0.55,0.96,4,267,3,0,0,0,sales,medium
6206,0.48,0.84,3,146,2,1,0,0,sales,medium
6207,0.63,0.98,4,210,3,0,0,0,sales,medium
6208,0.83,0.69,4,233,2,0,0,0,sales,medium
6209,0.48,0.87,3,221,2,0,0,0,sales,medium
6210,0.98,0.96,5,183,3,1,0,0,accounting,medium
6211,0.57,0.72,4,221,3,0,0,0,accounting,medium
6212,0.72,0.66,3,167,3,0,0,0,accounting,medium
6213,0.9,0.8,4,240,3,0,0,0,hr,medium
6214,0.64,0.59,3,200,2,1,0,0,hr,medium
6215,0.55,0.98,2,144,2,0,0,0,hr,medium
6216,0.56,0.59,5,209,2,1,0,0,hr,high
6217,0.8,0.55,3,206,2,0,0,0,technical,low
6218,0.65,0.76,3,111,5,0,0,0,technical,medium
6219,0.75,0.78,3,241,3,0,0,0,technical,medium
6220,0.69,0.79,3,207,3,0,0,0,technical,medium
6221,0.91,0.76,3,197,3,0,0,0,technical,medium
6222,0.78,0.63,5,200,2,0,0,0,technical,low
6223,0.71,0.68,4,242,4,0,0,0,technical,low
6224,0.79,0.96,4,180,3,0,0,0,technical,low
6225,0.86,0.72,4,173,3,0,0,0,technical,low
6226,0.87,0.82,3,224,3,0,0,0,technical,low
6227,0.76,0.99,2,183,2,0,0,0,technical,low
6228,0.76,0.8,4,226,5,0,0,0,support,low
6229,0.74,0.66,3,257,3,0,0,0,support,low
6230,0.56,0.81,3,165,4,0,0,0,support,low
6231,0.54,0.91,3,142,2,0,0,0,support,low
6232,0.84,0.79,4,258,4,0,0,0,support,low
6233,0.55,0.69,5,193,2,0,0,0,support,low
6234,0.69,0.51,3,176,2,0,0,0,support,low
6235,0.79,0.88,4,188,3,0,0,0,support,low
6236,0.21,0.38,3,275,5,0,0,0,support,low
6237,0.57,0.58,3,132,3,0,0,0,support,low
6238,0.89,0.95,3,246,4,0,0,0,support,low
6239,0.72,0.98,3,181,4,0,0,0,technical,low
6240,0.56,0.58,5,266,3,0,0,0,technical,low
6241,0.84,0.68,4,151,2,0,0,0,technical,low
6242,0.94,0.76,3,257,4,1,0,0,management,low
6243,0.29,0.88,6,183,4,0,0,0,IT,medium
6244,0.54,0.93,3,124,5,0,0,0,IT,medium
6245,0.93,0.73,4,153,2,1,0,0,IT,medium
6246,0.8,0.68,4,199,2,0,0,0,IT,medium
6247,1.0,0.73,5,142,4,0,0,0,IT,medium
6248,0.89,0.56,4,159,3,0,0,0,product_mng,medium
6249,0.6,0.78,6,211,4,1,0,0,product_mng,medium
6250,0.49,0.94,5,136,3,0,0,0,product_mng,medium
6251,0.65,0.75,4,153,2,0,0,0,product_mng,medium
6252,0.6,0.71,5,263,2,1,0,0,IT,medium
6253,0.51,1.0,3,168,3,1,0,0,RandD,medium
6254,0.74,0.89,4,234,3,1,0,0,RandD,medium
6255,0.57,0.42,4,154,5,0,0,0,RandD,high
6256,0.82,0.84,5,173,2,0,0,0,RandD,low
6257,0.19,0.63,5,206,6,0,0,0,RandD,medium
6258,0.5,0.64,4,208,2,0,0,0,marketing,medium
6259,0.91,0.68,4,178,3,1,0,0,sales,medium
6260,0.19,0.86,4,198,6,0,0,0,accounting,medium
6261,0.94,0.84,4,220,3,0,0,0,support,low
6262,0.88,0.67,4,226,2,0,0,0,technical,low
6263,0.9,0.87,4,231,5,0,0,0,management,low
6264,0.49,0.96,2,206,2,0,0,0,marketing,low
6265,0.99,0.55,4,179,4,0,0,0,marketing,low
6266,0.72,0.81,4,200,2,0,0,0,marketing,low
6267,0.66,0.69,5,202,6,0,0,0,sales,low
6268,0.96,0.51,4,237,3,0,0,0,sales,low
6269,0.49,0.69,4,270,3,0,0,0,sales,low
6270,0.73,0.49,3,168,2,1,0,0,sales,low
6271,0.48,0.98,5,132,4,0,0,0,sales,low
6272,0.57,0.78,3,162,2,0,0,0,sales,low
6273,0.63,0.82,3,269,3,0,0,0,sales,low
6274,0.46,0.87,5,254,5,1,0,0,sales,low
6275,0.64,0.5,3,261,2,0,0,0,sales,low
6276,0.56,0.73,4,148,3,0,0,0,sales,low
6277,0.97,0.75,5,228,4,0,0,0,sales,low
6278,0.69,0.68,3,138,3,0,0,0,sales,low
6279,0.23,0.97,4,200,3,0,0,0,sales,low
6280,0.77,0.48,4,258,4,1,0,0,sales,low
6281,0.76,0.57,4,266,3,0,0,0,sales,low
6282,0.98,0.66,3,204,2,0,0,0,sales,medium
6283,0.92,0.77,3,236,3,0,0,0,sales,medium
6284,0.63,0.67,4,149,3,1,0,0,sales,medium
6285,0.91,0.69,5,240,3,0,0,0,sales,medium
6286,0.4,0.67,3,115,3,0,0,0,accounting,medium
6287,0.82,0.62,4,267,3,1,0,0,accounting,medium
6288,0.81,0.88,4,149,3,0,0,0,accounting,medium
6289,0.61,0.69,3,224,3,0,0,0,hr,medium
6290,0.3,0.57,2,158,2,0,0,0,hr,medium
6291,0.59,0.72,2,107,3,0,0,0,hr,medium
6292,0.2,0.56,3,217,5,0,0,0,hr,medium
6293,0.75,0.56,2,212,2,0,0,0,technical,medium
6294,0.59,0.79,3,270,3,0,0,0,technical,high
6295,0.63,0.53,4,243,2,0,0,0,technical,low
6296,0.77,0.68,5,162,4,1,0,0,technical,medium
6297,0.82,0.6,5,232,2,0,0,0,technical,medium
6298,0.6,0.85,5,187,4,0,0,0,technical,medium
6299,0.83,0.72,3,259,2,0,0,0,technical,medium
6300,0.67,0.6,4,209,2,0,0,0,technical,low
6301,0.84,0.56,5,97,6,0,0,0,technical,low
6302,0.68,0.79,5,139,4,0,0,0,technical,low
6303,0.74,0.92,4,258,3,1,0,0,technical,low
6304,0.63,0.64,3,208,2,1,0,0,support,low
6305,0.88,0.9,2,233,3,0,0,0,support,low
6306,1.0,0.81,3,168,4,0,0,0,support,low
6307,0.7,0.87,4,252,2,1,0,0,support,low
6308,0.5,0.71,5,171,4,0,0,0,support,low
6309,0.94,0.66,5,219,3,0,0,0,support,low
6310,0.67,0.54,3,213,4,0,0,0,support,low
6311,0.8,0.88,5,199,4,0,0,0,support,low
6312,0.7,0.88,4,245,2,0,0,0,support,low
6313,0.24,0.73,4,273,5,0,0,0,support,low
6314,0.98,1.0,4,202,3,0,0,0,support,low
6315,0.76,0.65,4,240,3,0,0,0,technical,low
6316,0.78,0.5,4,155,4,0,0,0,technical,low
6317,0.42,0.91,3,209,2,0,0,0,technical,low
6318,0.83,0.64,4,210,3,0,0,0,management,medium
6319,0.98,0.81,4,266,6,0,0,0,IT,medium
6320,0.64,0.81,2,226,2,0,0,0,IT,medium
6321,0.67,0.75,4,133,2,0,0,0,IT,medium
6322,0.26,0.39,3,99,4,0,0,0,IT,medium
6323,0.97,0.64,3,237,3,0,0,0,IT,medium
6324,0.48,0.6,4,230,3,0,0,0,product_mng,medium
6325,0.84,0.55,4,149,2,0,0,0,product_mng,medium
6326,0.71,0.74,4,206,4,0,0,0,product_mng,medium
6327,1.0,0.84,3,185,3,0,0,0,product_mng,medium
6328,0.6,0.76,5,269,2,0,0,0,IT,medium
6329,0.95,0.37,6,233,5,0,0,0,RandD,medium
6330,0.56,0.56,3,162,2,0,0,0,RandD,high
6331,0.75,0.49,2,173,3,1,0,0,RandD,low
6332,0.98,0.53,6,253,4,0,0,0,RandD,medium
6333,0.7,0.72,5,134,3,0,0,0,RandD,medium
6334,0.65,0.92,4,133,3,0,0,0,marketing,medium
6335,0.8,0.81,5,143,2,0,0,0,sales,medium
6336,0.49,0.78,3,264,4,0,0,0,accounting,low
6337,0.32,0.73,3,180,6,0,0,0,support,low
6338,0.88,0.54,3,235,2,1,0,0,technical,low
6339,0.8,0.97,4,232,2,0,0,0,management,low
6340,0.73,0.74,4,181,4,0,0,0,marketing,low
6341,0.72,0.58,3,198,2,0,0,0,marketing,low
6342,0.58,0.78,5,211,3,1,0,0,marketing,low
6343,0.66,0.96,4,216,3,0,0,0,sales,low
6344,0.63,0.79,3,197,3,1,0,0,sales,low
6345,0.69,0.56,2,214,2,0,0,0,sales,low
6346,0.49,0.59,3,185,3,0,0,0,sales,low
6347,0.6,0.45,3,173,2,0,0,0,sales,low
6348,0.5,0.63,4,229,4,0,0,0,sales,low
6349,0.34,0.81,4,116,3,1,0,0,sales,low
6350,0.79,0.6,5,223,3,0,0,0,sales,low
6351,0.98,0.68,4,154,3,0,0,0,sales,low
6352,0.96,0.97,5,240,2,0,0,0,sales,low
6353,0.88,0.89,3,139,2,0,0,0,sales,low
6354,0.6,0.61,2,275,2,0,0,0,sales,low
6355,0.62,0.73,3,158,3,1,0,0,sales,low
6356,0.4,0.72,3,204,4,1,0,0,sales,low
6357,0.16,0.82,5,121,2,0,0,0,sales,medium
6358,0.81,0.98,5,243,6,0,0,0,sales,medium
6359,0.69,0.69,4,195,2,0,0,0,sales,medium
6360,0.66,0.51,5,149,3,0,0,0,sales,medium
6361,0.66,0.62,5,214,2,0,0,0,sales,medium
6362,0.61,0.53,4,266,3,0,0,0,accounting,medium
6363,0.99,0.77,5,222,2,0,0,0,accounting,medium
6364,0.73,0.54,3,283,6,0,0,0,accounting,medium
6365,0.63,0.72,2,161,5,0,0,0,hr,medium
6366,0.6,0.91,3,157,4,0,0,0,hr,medium
6367,0.44,0.44,3,126,2,0,0,0,hr,medium
6368,0.64,0.95,3,131,6,0,0,0,hr,medium
6369,0.91,0.81,4,139,2,0,0,0,technical,high
6370,0.55,0.59,4,230,3,0,0,0,technical,low
6371,0.7,0.73,4,240,2,1,0,0,technical,medium
6372,0.37,0.59,3,134,3,0,0,0,technical,medium
6373,0.16,0.56,6,196,3,0,0,0,technical,medium
6374,0.69,0.97,5,240,4,0,0,0,technical,medium
6375,0.96,0.47,2,233,5,1,0,0,technical,low
6376,0.62,0.91,5,267,3,0,0,0,technical,low
6377,0.94,0.45,2,211,3,0,0,0,technical,low
6378,0.67,0.83,3,260,3,0,0,0,technical,low
6379,0.89,0.57,3,113,3,0,0,0,technical,low
6380,0.6,0.63,5,267,3,0,0,0,support,low
6381,0.89,0.62,5,196,3,0,0,0,support,low
6382,0.6,0.89,3,232,2,0,0,0,support,low
6383,0.93,0.95,2,156,3,1,0,0,support,low
6384,0.38,0.78,4,159,5,0,0,0,support,low
6385,0.62,0.57,3,223,3,1,0,0,support,low
6386,0.86,0.86,4,197,3,1,0,0,support,low
6387,0.61,0.62,2,192,2,1,0,0,support,low
6388,0.77,0.64,4,192,3,0,0,0,support,low
6389,0.85,0.73,4,174,3,0,0,0,support,low
6390,0.94,0.62,4,191,3,0,0,0,support,low
6391,0.59,0.59,4,270,2,0,0,0,technical,low
6392,0.9,0.92,3,139,3,0,0,0,technical,low
6393,0.86,0.65,4,243,2,0,0,0,technical,low
6394,0.72,0.7,3,238,2,0,0,0,management,low
6395,0.84,0.52,5,189,2,1,0,0,IT,low
6396,0.64,0.5,4,189,3,0,0,0,IT,medium
6397,0.81,0.75,4,206,3,0,0,0,IT,medium
6398,0.66,0.7,5,254,2,0,0,0,IT,medium
6399,0.75,0.55,3,253,6,0,0,0,IT,medium
6400,0.54,0.67,3,243,2,0,0,0,product_mng,medium
6401,0.98,0.76,3,224,2,0,0,0,product_mng,medium
6402,0.8,0.85,4,139,2,0,0,0,product_mng,medium
6403,0.68,0.7,5,270,3,0,0,0,product_mng,medium
6404,0.54,0.57,3,257,2,0,0,0,IT,medium
6405,0.88,0.84,4,170,2,0,0,0,RandD,medium
6406,0.71,0.62,3,222,3,0,0,0,RandD,medium
6407,0.77,0.58,2,247,2,1,0,0,RandD,medium
6408,0.6,0.6,4,201,3,0,0,0,RandD,high
6409,0.53,0.75,4,263,5,0,0,0,RandD,low
6410,0.85,0.5,3,168,2,1,0,0,marketing,medium
6411,0.59,0.75,4,190,2,0,0,0,sales,medium
6412,0.23,0.77,4,140,5,0,0,0,accounting,medium
6413,0.7,0.6,3,224,3,0,0,0,support,medium
6414,0.92,0.49,5,145,3,0,0,0,technical,low
6415,0.95,0.37,4,285,3,0,0,0,management,low
6416,0.39,0.43,3,154,3,0,0,0,marketing,low
6417,0.85,0.8,4,200,2,0,0,0,marketing,low
6418,0.98,0.7,3,255,2,1,0,0,marketing,low
6419,0.15,0.48,6,204,6,1,0,0,sales,low
6420,0.68,0.54,3,270,4,1,0,0,sales,low
6421,0.24,0.91,5,177,5,0,0,0,sales,low
6422,0.77,0.59,4,140,3,0,0,0,sales,medium
6423,0.36,0.69,3,165,3,0,0,0,sales,medium
6424,0.5,0.89,3,187,4,1,0,0,sales,medium
6425,0.2,0.98,4,166,4,1,0,0,sales,medium
6426,0.86,0.56,5,141,2,0,0,0,sales,medium
6427,0.84,0.63,4,135,2,0,0,0,sales,medium
6428,0.9,0.98,5,148,4,0,0,0,sales,medium
6429,0.4,0.51,3,120,6,0,0,0,sales,medium
6430,0.63,0.62,3,141,3,0,0,0,sales,medium
6431,0.73,0.95,3,222,4,0,0,0,sales,medium
6432,0.25,0.67,2,136,6,0,0,0,sales,medium
6433,0.7,0.57,3,180,2,0,0,0,sales,medium
6434,0.6,0.97,3,187,3,1,0,0,sales,medium
6435,0.99,0.66,3,202,3,0,0,0,sales,medium
6436,0.29,0.86,3,251,4,0,0,0,sales,medium
6437,0.53,0.63,4,259,2,0,0,0,sales,medium
6438,0.83,0.76,3,262,2,0,0,0,accounting,medium
6439,0.18,0.92,5,251,4,0,0,0,accounting,medium
6440,0.14,0.74,4,117,5,0,0,0,accounting,medium
6441,0.5,0.66,4,155,2,0,0,0,hr,medium
6442,0.36,0.89,3,197,6,0,0,0,hr,medium
6443,0.34,0.56,3,139,2,0,0,0,hr,medium
6444,0.51,0.75,4,175,2,0,0,0,hr,medium
6445,0.5,0.52,5,137,3,1,0,0,technical,medium
6446,0.69,0.93,3,228,4,0,0,0,technical,medium
6447,0.52,0.51,2,232,4,0,0,0,technical,high
6448,0.32,0.5,2,143,3,0,0,0,technical,high
6449,0.88,0.99,3,190,5,0,0,0,technical,high
6450,0.6,0.87,3,196,3,1,0,0,technical,high
6451,0.72,0.8,3,213,3,0,0,0,technical,high
6452,0.65,0.9,3,200,3,0,0,0,technical,high
6453,0.82,0.78,5,166,2,0,0,0,technical,high
6454,0.67,0.92,5,258,3,0,0,0,technical,high
6455,0.44,0.87,5,104,4,0,0,0,technical,high
6456,0.52,0.85,5,173,2,0,0,0,support,high
6457,0.54,0.51,2,176,3,0,0,0,support,high
6458,0.67,0.76,5,181,3,0,0,0,support,high
6459,0.16,0.64,6,143,5,1,0,0,support,low
6460,0.81,0.73,4,186,3,0,0,0,support,low
6461,0.77,0.85,3,136,3,0,0,0,support,low
6462,0.84,0.99,4,219,2,0,0,0,support,low
6463,0.56,0.56,5,229,4,1,0,0,support,low
6464,0.67,0.97,5,239,3,0,0,0,support,low
6465,0.65,0.7,4,182,2,0,0,0,support,low
6466,0.39,0.57,2,132,3,0,0,0,support,low
6467,0.77,0.75,3,272,3,0,0,0,technical,low
6468,0.41,0.96,5,167,3,1,0,0,technical,low
6469,0.59,0.67,3,180,2,0,0,0,technical,low
6470,0.14,0.72,6,100,5,0,0,0,management,low
6471,0.6,0.82,4,134,2,0,0,0,IT,low
6472,0.14,0.98,6,221,5,0,0,0,IT,low
6473,0.88,0.8,3,166,2,0,0,0,IT,low
6474,0.6,0.91,4,214,2,0,0,0,IT,medium
6475,1.0,0.49,4,227,3,1,0,0,IT,medium
6476,0.56,0.98,4,207,3,0,0,0,product_mng,medium
6477,0.72,0.54,3,286,6,0,0,0,product_mng,medium
6478,0.59,0.83,3,240,3,1,0,0,product_mng,medium
6479,0.74,0.75,4,111,4,1,0,0,product_mng,medium
6480,0.52,0.69,4,164,2,0,0,0,IT,medium
6481,0.77,0.74,2,187,6,0,0,0,RandD,medium
6482,0.48,0.81,4,248,2,0,0,0,RandD,medium
6483,0.99,0.56,5,210,2,0,0,0,RandD,medium
6484,0.23,0.78,4,163,6,0,0,0,RandD,medium
6485,0.63,1.0,5,241,4,0,0,0,RandD,medium
6486,0.51,0.83,3,136,3,0,0,0,marketing,high
6487,0.54,0.55,4,208,5,0,0,0,sales,high
6488,0.53,0.73,5,174,3,0,0,0,accounting,high
6489,0.72,0.84,4,250,3,0,0,0,support,high
6490,0.57,0.61,2,189,2,1,0,0,technical,high
6491,0.81,0.77,3,204,3,0,0,0,management,high
6492,0.64,0.57,4,217,3,0,0,0,marketing,high
6493,0.77,0.57,5,162,3,0,0,0,marketing,high
6494,0.83,0.55,3,257,2,0,0,0,marketing,low
6495,0.6,0.71,3,195,2,0,0,0,sales,low
6496,0.86,0.87,5,156,4,0,0,0,sales,low
6497,0.5,0.55,2,128,3,0,0,0,sales,low
6498,0.6,0.75,5,233,3,1,0,0,sales,low
6499,0.85,0.73,4,260,4,0,0,0,sales,low
6500,0.4,0.87,5,250,4,0,0,0,sales,low
6501,0.38,0.79,5,176,3,0,0,0,sales,low
6502,0.96,0.59,6,133,5,0,0,0,sales,medium
6503,0.59,0.57,4,197,2,0,0,0,sales,medium
6504,0.56,0.5,3,156,3,1,0,0,sales,medium
6505,0.84,0.96,3,162,3,0,0,0,sales,medium
6506,0.94,0.99,3,207,2,0,0,0,sales,medium
6507,0.72,0.63,3,223,2,1,0,0,sales,medium
6508,0.82,0.7,3,149,2,0,0,0,sales,medium
6509,1.0,0.95,3,275,3,1,0,0,sales,medium
6510,0.62,0.77,3,271,2,0,0,0,sales,medium
6511,0.76,0.89,3,273,2,1,0,0,sales,medium
6512,0.23,0.74,5,219,4,0,0,0,sales,medium
6513,0.7,0.99,5,135,4,0,0,0,sales,medium
6514,0.71,0.88,3,158,3,0,0,0,accounting,medium
6515,0.32,0.37,3,167,3,0,0,0,accounting,medium
6516,0.69,0.67,4,274,4,0,0,0,accounting,medium
6517,0.66,0.59,3,145,3,0,0,0,hr,medium
6518,0.7,0.67,6,233,6,0,0,0,hr,medium
6519,0.91,0.76,3,159,3,0,0,0,hr,medium
6520,0.2,0.7,4,221,5,0,0,0,hr,medium
6521,0.72,0.83,3,132,2,0,0,0,technical,medium
6522,0.74,0.93,5,140,3,0,0,0,technical,medium
6523,0.53,0.79,3,206,3,0,0,0,technical,medium
6524,0.99,0.92,4,229,2,0,0,0,technical,medium
6525,0.75,0.85,4,272,4,0,0,0,technical,high
6526,0.86,0.78,4,164,2,0,0,0,technical,low
6527,0.93,0.86,4,145,3,0,0,0,technical,medium
6528,0.81,0.95,3,212,3,0,0,0,technical,medium
6529,0.49,0.67,3,254,2,1,0,0,technical,medium
6530,0.97,0.72,5,260,4,0,0,0,technical,medium
6531,0.62,0.89,3,201,3,0,0,0,technical,medium
6532,0.75,0.79,4,176,4,1,0,0,support,medium
6533,0.87,0.58,3,140,3,1,0,0,support,medium
6534,0.93,0.65,5,201,3,0,0,0,support,medium
6535,0.74,0.68,3,206,2,1,0,0,support,medium
6536,0.68,0.57,3,197,3,1,0,0,support,medium
6537,0.49,0.63,3,245,4,0,0,0,support,low
6538,0.75,0.84,3,145,3,1,0,0,support,low
6539,0.95,0.58,4,131,5,0,0,0,support,low
6540,0.95,0.75,5,235,3,1,0,0,support,low
6541,0.67,0.65,5,242,3,0,0,0,support,low
6542,0.71,0.6,2,251,3,0,0,0,support,low
6543,0.81,0.73,4,258,2,0,0,0,technical,low
6544,0.79,0.36,3,114,3,0,0,0,technical,high
6545,0.57,0.52,3,143,2,0,0,0,technical,low
6546,0.85,0.65,3,187,2,0,0,0,management,high
6547,0.15,0.78,5,255,3,0,0,0,IT,high
6548,0.48,0.87,3,267,2,0,0,0,IT,low
6549,0.92,0.91,4,247,3,0,0,0,IT,low
6550,0.73,0.67,4,153,3,0,0,0,IT,high
6551,0.68,0.71,3,237,3,0,0,0,IT,low
6552,0.88,0.55,5,182,3,0,0,0,product_mng,medium
6553,0.8,0.55,4,144,5,1,0,0,product_mng,high
6554,0.66,0.9,3,176,2,1,0,0,product_mng,medium
6555,0.19,0.8,5,203,6,0,0,0,product_mng,medium
6556,0.3,0.53,3,148,4,0,0,0,IT,medium
6557,0.8,0.8,3,175,2,0,0,0,RandD,medium
6558,0.66,0.84,3,211,4,0,0,0,RandD,high
6559,0.22,0.67,6,175,5,0,0,0,RandD,medium
6560,0.57,0.59,4,206,3,0,0,0,RandD,medium
6561,0.83,0.73,4,262,2,0,0,0,RandD,medium
6562,0.57,0.5,4,177,2,0,0,0,marketing,high
6563,0.78,0.54,3,134,3,0,0,0,sales,medium
6564,0.88,0.89,2,201,3,0,0,0,accounting,high
6565,0.48,0.69,3,105,3,0,0,0,support,low
6566,0.91,0.82,4,259,3,0,0,0,technical,medium
6567,0.3,0.97,3,171,4,1,0,0,management,medium
6568,0.63,0.98,4,228,3,0,0,0,marketing,medium
6569,0.62,0.36,2,137,4,1,0,0,marketing,medium
6570,0.74,0.72,5,196,3,0,0,0,marketing,low
6571,0.5,0.53,3,207,4,0,0,0,sales,low
6572,0.36,0.74,6,280,3,0,0,0,sales,low
6573,0.57,0.65,4,162,3,1,0,0,sales,low
6574,0.73,0.55,4,267,3,0,0,0,sales,low
6575,0.77,0.67,5,207,2,0,0,0,sales,low
6576,0.86,0.5,4,196,2,0,0,0,sales,low
6577,0.24,0.55,6,231,4,0,0,0,sales,low
6578,0.83,0.62,4,242,3,0,0,0,sales,low
6579,0.72,0.63,4,207,3,0,0,0,sales,low
6580,0.52,0.82,4,206,2,1,0,0,sales,high
6581,0.99,0.54,4,236,4,0,0,0,sales,low
6582,0.15,0.68,5,246,2,0,0,0,sales,low
6583,0.79,0.94,3,204,2,1,0,0,sales,low
6584,0.19,0.91,3,268,4,0,0,0,sales,low
6585,0.59,0.62,3,212,2,1,0,0,sales,high
6586,0.15,0.74,6,178,3,0,0,0,sales,low
6587,0.75,0.72,5,260,3,0,0,0,sales,low
6588,0.47,0.71,2,241,4,0,0,0,sales,low
6589,0.64,0.64,3,234,3,1,0,0,sales,high
6590,0.66,0.76,3,207,2,0,0,0,accounting,low
6591,0.8,0.91,5,242,3,1,0,0,accounting,medium
6592,0.82,0.52,5,225,2,0,0,0,accounting,high
6593,0.8,0.98,3,161,3,0,0,0,hr,medium
6594,0.98,0.98,4,259,2,0,0,0,hr,high
6595,0.95,0.96,3,250,3,0,0,0,hr,medium
6596,0.88,0.61,3,236,3,0,0,0,hr,medium
6597,0.9,0.97,4,239,4,0,0,0,technical,medium
6598,0.66,0.83,4,266,3,1,0,0,technical,medium
6599,0.99,0.62,5,133,3,0,0,0,technical,medium
6600,0.86,0.95,5,275,2,0,0,0,technical,medium
6601,0.96,0.95,5,189,2,0,0,0,technical,medium
6602,1.0,0.63,5,171,3,0,0,0,technical,medium
6603,0.46,0.38,6,140,3,0,0,0,technical,high
6604,0.19,0.85,6,116,3,0,0,0,technical,low
6605,0.73,0.6,3,145,6,1,0,0,technical,medium
6606,0.63,0.5,4,167,3,1,0,0,technical,medium
6607,0.68,0.89,4,227,3,0,0,0,technical,medium
6608,0.78,0.96,4,245,3,0,0,0,support,medium
6609,0.79,0.56,4,132,3,0,0,0,support,medium
6610,0.86,0.99,3,254,2,0,0,0,support,medium
6611,0.98,0.53,4,166,2,0,0,0,support,medium
6612,0.89,0.79,2,208,3,1,0,0,support,medium
6613,0.86,0.87,3,197,4,1,0,0,support,medium
6614,0.65,0.83,4,263,3,1,0,0,support,high
6615,0.52,0.98,4,272,2,0,0,0,support,low
6616,0.54,0.65,3,147,3,1,0,0,support,low
6617,0.68,0.73,4,197,3,0,0,0,support,low
6618,0.88,0.65,3,268,2,0,0,0,support,high
6619,0.75,0.85,4,181,3,0,0,0,technical,low
6620,0.17,0.93,6,192,4,0,0,0,technical,low
6621,0.92,0.83,5,270,3,0,0,0,technical,low
6622,0.79,0.66,3,183,3,0,0,0,management,high
6623,0.52,0.66,5,184,3,0,0,0,IT,low
6624,0.95,0.73,4,238,3,1,0,0,IT,low
6625,0.72,0.49,4,148,2,0,0,0,IT,low
6626,0.4,0.41,4,127,3,0,0,0,IT,low
6627,0.61,0.59,3,162,2,1,0,0,IT,low
6628,0.49,0.97,4,166,5,0,0,0,product_mng,low
6629,0.32,0.55,4,283,4,0,0,0,product_mng,low
6630,0.82,0.77,3,108,6,0,0,0,product_mng,medium
6631,0.9,0.79,3,154,2,0,0,0,product_mng,medium
6632,0.95,0.74,3,139,2,0,0,0,IT,medium
6633,0.55,0.6,5,271,3,1,0,0,RandD,medium
6634,0.91,0.78,4,153,3,0,0,0,RandD,medium
6635,0.45,0.41,3,216,6,1,0,0,RandD,medium
6636,0.65,0.6,3,218,4,0,0,0,RandD,medium
6637,0.88,0.89,3,171,2,0,0,0,RandD,medium
6638,0.78,0.76,3,238,3,0,0,0,marketing,medium
6639,0.77,0.71,3,134,3,0,0,0,marketing,medium
6640,0.32,0.75,3,255,4,0,0,0,sales,medium
6641,0.98,0.38,4,140,6,0,0,0,accounting,medium
6642,0.51,0.76,2,239,3,0,0,0,support,high
6643,0.81,0.59,4,187,2,0,0,0,technical,low
6644,0.64,0.9,5,279,5,0,0,0,management,medium
6645,0.73,0.94,4,213,3,1,0,0,marketing,medium
6646,0.49,0.56,5,202,2,0,0,0,marketing,medium
6647,0.84,0.54,3,265,2,0,0,0,marketing,medium
6648,0.81,0.86,4,249,3,0,0,0,sales,low
6649,0.77,0.5,4,281,2,0,0,0,sales,low
6650,0.24,0.83,3,208,5,0,0,0,sales,low
6651,0.77,0.78,3,165,2,0,0,0,sales,low
6652,0.13,0.88,3,146,5,0,0,0,sales,low
6653,0.94,0.66,4,230,2,0,0,0,sales,low
6654,0.61,0.82,3,209,2,0,0,0,sales,low
6655,0.95,0.49,4,178,2,0,0,0,sales,low
6656,0.22,0.92,6,220,4,1,0,0,sales,low
6657,0.65,0.56,3,142,3,0,0,0,sales,low
6658,0.95,0.67,3,153,2,0,0,0,sales,low
6659,0.98,0.62,5,254,5,1,0,0,sales,low
6660,0.88,0.72,3,193,4,0,0,0,sales,low
6661,0.94,0.69,3,248,3,0,0,0,sales,low
6662,0.62,0.75,4,216,2,0,0,0,sales,low
6663,0.81,0.96,3,226,3,0,0,0,sales,low
6664,0.56,0.51,4,140,2,0,0,0,sales,low
6665,0.52,0.86,6,103,4,0,0,0,sales,low
6666,0.88,0.57,4,185,2,0,0,0,sales,low
6667,0.56,0.92,5,160,3,0,0,0,accounting,low
6668,0.36,0.63,3,130,5,0,0,0,accounting,low
6669,0.56,0.85,5,230,3,0,0,0,accounting,medium
6670,0.89,0.46,4,248,5,1,0,0,hr,medium
6671,0.95,0.42,3,189,2,1,0,0,hr,medium
6672,0.48,0.52,3,280,2,0,0,0,hr,medium
6673,0.75,0.75,4,266,3,0,0,0,hr,medium
6674,0.65,0.54,4,260,3,0,0,0,technical,medium
6675,0.4,0.86,2,264,5,0,0,0,technical,medium
6676,0.52,0.53,5,182,2,0,0,0,technical,medium
6677,0.52,0.68,4,233,2,0,0,0,technical,medium
6678,0.68,0.49,3,230,3,0,0,0,technical,medium
6679,0.72,0.61,5,170,3,0,0,0,technical,medium
6680,0.78,0.72,4,258,3,0,0,0,technical,medium
6681,0.54,0.9,3,164,3,0,0,0,technical,high
6682,0.18,0.46,4,249,4,0,0,0,technical,low
6683,0.51,0.5,2,235,2,0,0,0,technical,medium
6684,0.63,0.86,6,206,6,0,0,0,technical,medium
6685,0.83,0.86,4,139,3,0,0,0,support,medium
6686,0.91,0.82,3,145,3,1,0,0,support,medium
6687,0.79,0.66,4,139,4,0,0,0,support,low
6688,0.52,0.95,3,171,3,1,0,0,support,low
6689,0.83,0.94,3,160,3,0,0,0,support,low
6690,0.92,0.74,3,137,2,0,0,0,support,low
6691,0.14,0.72,4,254,4,0,0,0,support,low
6692,0.8,0.38,3,215,6,0,0,0,support,low
6693,0.79,0.72,3,216,4,0,0,0,support,low
6694,0.86,0.6,3,229,2,1,0,0,support,low
6695,0.95,0.47,6,215,4,0,0,0,support,low
6696,0.77,0.9,4,163,3,0,0,0,technical,low
6697,0.55,0.72,4,273,3,0,0,0,technical,low
6698,0.42,0.91,2,176,3,0,0,0,technical,low
6699,0.79,0.86,5,270,2,0,0,0,management,low
6700,0.41,0.48,3,182,2,0,0,0,IT,low
6701,0.66,0.72,4,223,4,0,0,0,IT,low
6702,1.0,0.65,4,237,3,0,0,0,IT,low
6703,0.87,0.74,5,248,2,0,0,0,IT,low
6704,0.51,0.99,3,233,4,0,0,0,IT,low
6705,0.63,0.79,2,206,5,0,0,0,product_mng,low
6706,0.86,0.86,4,227,2,0,0,0,product_mng,low
6707,0.4,0.98,4,154,3,0,0,0,product_mng,low
6708,0.79,0.97,6,113,2,1,0,0,product_mng,medium
6709,0.7,0.9,4,254,3,0,0,0,IT,medium
6710,0.49,0.91,5,231,3,0,0,0,RandD,medium
6711,0.76,0.62,4,190,3,0,0,0,RandD,medium
6712,0.89,0.52,3,190,3,0,0,0,RandD,medium
6713,0.83,0.86,3,179,2,0,0,0,RandD,medium
6714,0.19,0.69,4,269,6,0,0,0,RandD,medium
6715,0.68,0.67,3,228,2,0,0,0,RandD,medium
6716,0.62,0.68,4,251,4,0,0,0,marketing,medium
6717,0.87,0.49,2,251,3,0,0,0,sales,medium
6718,0.66,0.75,4,200,4,0,0,0,accounting,medium
6719,0.37,0.41,2,146,2,0,0,0,support,medium
6720,0.57,0.49,3,159,4,1,0,0,technical,high
6721,0.66,0.81,5,135,2,0,0,0,management,low
6722,0.63,0.88,5,260,3,0,0,0,marketing,medium
6723,0.65,0.96,5,226,2,1,0,0,marketing,medium
6724,0.33,0.85,2,127,3,0,0,0,marketing,medium
6725,0.66,0.57,6,278,3,0,0,0,sales,medium
6726,0.87,0.95,3,242,5,0,0,0,sales,low
6727,0.85,0.85,3,182,3,0,0,0,sales,low
6728,0.49,0.51,2,182,3,0,0,0,sales,low
6729,0.87,0.8,4,197,3,0,0,0,sales,low
6730,0.17,0.49,4,286,5,1,0,0,sales,low
6731,0.55,0.46,4,226,5,0,0,0,sales,low
6732,0.91,0.71,5,156,3,0,0,0,sales,low
6733,0.96,0.62,5,185,3,0,0,0,sales,low
6734,0.53,0.5,3,231,3,0,0,0,sales,low
6735,0.25,0.59,4,166,5,0,0,0,sales,low
6736,0.98,0.57,3,229,3,0,0,0,sales,low
6737,0.83,0.36,4,242,3,0,0,0,sales,low
6738,0.71,0.83,5,206,3,0,0,0,sales,low
6739,0.74,0.77,4,206,3,0,0,0,sales,low
6740,0.56,0.7,4,135,2,0,0,0,sales,low
6741,0.23,0.9,5,234,3,1,0,0,sales,low
6742,0.35,0.64,4,147,2,0,0,0,sales,low
6743,0.48,0.98,4,174,3,0,0,0,sales,low
6744,0.83,0.74,3,259,3,1,0,0,accounting,low
6745,0.73,0.87,3,227,4,0,0,0,accounting,low
6746,0.85,0.97,4,104,5,0,0,0,accounting,low
6747,0.8,0.95,3,247,3,0,0,0,hr,medium
6748,0.98,0.74,4,139,3,0,0,0,hr,medium
6749,0.96,0.85,3,186,2,0,0,0,hr,medium
6750,0.67,0.75,3,194,3,0,0,0,hr,medium
6751,0.58,0.91,3,124,2,0,0,0,technical,medium
6752,0.83,0.86,3,273,3,0,0,0,technical,medium
6753,0.9,0.57,4,186,4,0,0,0,technical,medium
6754,0.89,0.66,4,252,3,0,0,0,technical,medium
6755,0.99,0.92,3,154,3,0,0,0,technical,medium
6756,0.89,0.5,4,238,3,0,0,0,technical,medium
6757,0.79,0.5,4,151,3,1,0,0,technical,medium
6758,0.64,0.41,3,231,6,0,0,0,technical,medium
6759,0.22,0.57,5,174,6,0,0,0,technical,high
6760,0.94,0.6,5,278,2,0,0,0,technical,low
6761,0.56,0.97,3,270,3,1,0,0,technical,medium
6762,0.85,0.8,4,158,3,0,0,0,support,medium
6763,0.8,0.62,3,191,3,0,0,0,support,medium
6764,0.86,0.53,3,163,3,0,0,0,support,medium
6765,0.96,1.0,5,152,4,0,0,0,support,low
6766,0.51,0.61,4,251,2,1,0,0,support,low
6767,0.73,0.95,3,149,2,0,0,0,support,low
6768,0.31,0.75,4,220,3,0,0,0,support,low
6769,0.62,0.51,4,175,3,0,0,0,support,low
6770,0.55,0.91,3,179,3,1,0,0,support,low
6771,0.51,0.8,4,257,2,0,0,0,support,low
6772,0.54,0.54,3,196,3,0,0,0,support,low
6773,0.65,0.95,3,190,3,0,0,0,technical,low
6774,0.65,0.75,4,270,2,0,0,0,technical,low
6775,0.9,0.64,5,226,2,0,0,0,technical,low
6776,0.55,0.71,3,211,2,0,0,0,management,low
6777,0.59,0.89,3,192,2,0,0,0,IT,low
6778,0.34,0.67,5,96,2,1,0,0,IT,low
6779,0.31,0.92,5,197,5,0,0,0,IT,low
6780,0.83,0.71,3,243,2,1,0,0,IT,low
6781,0.8,0.73,3,168,2,0,0,0,IT,low
6782,0.66,0.85,5,271,4,0,0,0,product_mng,low
6783,0.98,0.39,5,158,4,1,0,0,product_mng,medium
6784,0.89,0.52,4,243,5,0,0,0,product_mng,medium
6785,0.64,0.94,3,148,2,0,0,0,product_mng,medium
6786,0.95,0.68,3,165,3,0,0,0,IT,medium
6787,0.96,0.85,5,171,2,0,0,0,RandD,medium
6788,0.96,0.82,5,164,2,0,0,0,RandD,medium
6789,0.63,0.81,4,265,2,0,0,0,RandD,medium
6790,0.83,0.71,4,196,2,0,0,0,RandD,medium
6791,0.61,0.72,4,182,2,1,0,0,RandD,medium
6792,0.89,0.66,3,272,3,0,0,0,RandD,medium
6793,0.67,0.63,3,241,3,0,0,0,marketing,medium
6794,0.61,1.0,5,139,2,0,0,0,sales,medium
6795,0.58,0.77,3,180,2,0,0,0,accounting,high
6796,0.56,0.76,4,206,2,1,0,0,support,low
6797,0.13,0.49,6,227,4,0,0,0,technical,medium
6798,0.39,1.0,5,204,5,1,0,0,management,medium
6799,0.94,0.48,4,218,3,0,0,0,marketing,medium
6800,0.63,0.61,3,205,2,0,0,0,marketing,medium
6801,0.75,0.63,4,261,3,1,0,0,marketing,low
6802,0.7,0.83,3,159,3,0,0,0,sales,low
6803,0.28,0.83,4,162,3,0,0,0,sales,low
6804,0.77,0.42,4,98,2,0,0,0,sales,low
6805,0.79,0.64,4,263,2,0,0,0,sales,low
6806,0.51,0.46,3,176,3,0,0,0,sales,low
6807,0.96,0.99,4,233,3,0,0,0,sales,low
6808,0.72,0.99,4,156,2,1,0,0,sales,low
6809,0.97,1.0,3,198,2,0,0,0,sales,low
6810,0.55,0.9,4,191,3,0,0,0,sales,low
6811,0.32,0.45,2,188,3,0,0,0,sales,low
6812,0.78,0.65,3,157,2,0,0,0,sales,low
6813,0.17,0.57,5,286,3,0,0,0,sales,low
6814,0.88,0.5,4,216,2,0,0,0,sales,low
6815,0.97,0.5,3,188,3,1,0,0,sales,low
6816,0.74,0.86,5,153,2,0,0,0,sales,low
6817,0.26,0.45,5,187,2,0,0,0,sales,low
6818,0.87,0.92,4,141,3,0,0,0,sales,low
6819,0.29,0.47,5,139,4,0,0,0,sales,low
6820,0.91,0.95,3,189,2,0,0,0,sales,low
6821,0.71,0.77,3,193,3,1,0,0,accounting,low
6822,0.6,0.63,3,182,3,0,0,0,accounting,medium
6823,0.5,0.61,4,135,3,0,0,0,accounting,medium
6824,0.49,0.85,4,238,2,0,0,0,hr,medium
6825,0.53,0.92,3,199,2,0,0,0,hr,medium
6826,0.42,0.38,2,115,3,0,0,0,hr,medium
6827,0.53,0.82,3,133,3,0,0,0,hr,medium
6828,0.34,0.62,4,158,2,0,0,0,technical,medium
6829,0.68,0.51,5,158,3,0,0,0,technical,medium
6830,0.56,0.77,5,238,4,0,0,0,technical,medium
6831,0.72,0.71,3,242,2,0,0,0,technical,medium
6832,0.76,0.55,4,250,3,0,0,0,technical,medium
6833,0.87,0.57,4,175,2,0,0,0,technical,medium
6834,0.97,0.63,3,270,4,1,0,0,technical,high
6835,0.8,0.62,3,171,3,0,0,0,technical,low
6836,0.67,0.81,5,175,6,1,0,0,technical,medium
6837,0.6,0.97,5,145,2,0,0,0,technical,medium
6838,0.88,0.5,3,170,3,0,0,0,technical,medium
6839,0.64,0.74,3,267,2,0,0,0,support,medium
6840,0.85,0.7,3,188,2,0,0,0,support,low
6841,0.9,0.48,3,213,3,0,0,0,support,low
6842,0.76,0.84,5,249,3,0,0,0,support,low
6843,0.55,0.66,3,134,3,0,0,0,support,low
6844,0.76,0.77,5,234,3,0,0,0,support,low
6845,0.87,0.72,3,201,3,0,0,0,support,low
6846,0.8,0.82,3,178,3,0,0,0,support,low
6847,0.54,0.68,4,183,2,0,0,0,support,low
6848,0.84,0.91,4,207,3,0,0,0,support,low
6849,0.85,0.64,4,147,3,0,0,0,support,low
6850,0.95,0.49,3,188,3,0,0,0,technical,low
6851,0.48,0.56,3,229,3,0,0,0,technical,low
6852,0.53,0.77,2,271,2,0,0,0,technical,low
6853,0.8,0.82,4,175,2,0,0,0,management,low
6854,0.4,0.46,2,109,3,0,0,0,IT,low
6855,0.76,0.69,4,253,3,0,0,0,IT,low
6856,0.99,0.64,3,174,4,0,0,0,IT,low
6857,0.49,0.64,3,142,4,0,0,0,IT,low
6858,0.94,0.71,3,175,3,0,0,0,IT,low
6859,0.54,0.73,4,266,3,0,0,0,product_mng,low
6860,0.13,0.93,4,253,5,1,0,0,product_mng,low
6861,0.91,0.84,3,237,2,0,0,0,product_mng,medium
6862,0.73,0.56,3,215,3,0,0,0,product_mng,medium
6863,0.65,0.97,3,171,3,0,0,0,IT,medium
6864,0.23,0.51,6,194,4,1,0,0,RandD,medium
6865,0.23,0.88,5,238,6,0,0,0,RandD,medium
6866,0.89,0.51,3,249,3,0,0,0,RandD,medium
6867,0.81,0.8,3,183,2,1,0,0,RandD,medium
6868,0.51,0.74,3,271,4,0,0,0,RandD,medium
6869,0.35,0.81,6,256,3,0,0,0,RandD,medium
6870,0.49,0.66,3,169,3,0,0,0,marketing,medium
6871,0.51,0.8,3,254,2,0,0,0,sales,medium
6872,0.66,0.86,4,112,6,0,0,0,accounting,medium
6873,0.74,0.96,5,222,2,0,0,0,support,high
6874,0.57,0.96,4,177,2,0,0,0,technical,low
6875,0.8,0.74,5,181,4,1,0,0,management,medium
6876,0.79,0.84,4,144,2,1,0,0,marketing,medium
6877,0.74,0.94,4,255,4,0,0,0,marketing,medium
6878,0.74,0.8,3,219,2,0,0,0,marketing,medium
6879,0.4,1.0,6,206,2,0,0,0,sales,low
6880,0.14,0.71,2,155,3,0,0,0,sales,low
6881,0.83,0.87,5,248,3,0,0,0,sales,low
6882,0.76,0.52,4,259,2,0,0,0,sales,low
6883,0.8,0.8,3,271,4,0,0,0,sales,low
6884,0.95,0.38,2,103,3,0,0,0,sales,low
6885,0.88,0.76,4,159,4,1,0,0,sales,low
6886,0.92,0.85,4,184,3,0,0,0,sales,low
6887,0.16,0.88,4,201,6,0,0,0,sales,medium
6888,0.7,0.63,3,157,4,0,0,0,sales,medium
6889,0.71,0.93,3,287,5,0,0,0,sales,medium
6890,0.52,0.82,2,242,3,0,0,0,sales,medium
6891,0.49,0.58,5,246,3,1,0,0,sales,medium
6892,0.5,0.57,3,219,3,0,0,0,sales,medium
6893,0.86,0.94,3,212,3,0,0,0,sales,medium
6894,0.49,0.99,5,262,2,1,0,0,sales,medium
6895,0.69,0.91,4,128,3,1,0,0,sales,medium
6896,0.96,1.0,3,231,6,0,0,0,sales,medium
6897,0.87,0.54,3,260,2,0,0,0,sales,medium
6898,0.36,0.4,3,160,3,0,0,0,accounting,medium
6899,0.86,1.0,3,166,3,1,0,0,accounting,medium
6900,0.79,0.74,4,222,2,0,0,0,accounting,medium
6901,1.0,0.52,4,171,4,0,0,0,hr,medium
6902,0.88,0.88,3,220,4,0,0,0,hr,medium
6903,0.49,0.65,4,176,3,1,0,0,hr,medium
6904,0.52,0.62,3,160,2,0,0,0,hr,medium
6905,0.76,0.78,3,162,3,0,0,0,technical,medium
6906,0.69,0.91,3,167,2,0,0,0,technical,medium
6907,0.69,0.81,5,217,2,0,0,0,technical,medium
6908,0.75,0.58,3,159,3,0,0,0,technical,medium
6909,0.47,0.47,4,191,3,0,0,0,technical,medium
6910,0.88,1.0,3,125,3,0,0,0,technical,medium
6911,0.49,0.43,5,210,4,1,0,0,technical,medium
6912,0.92,0.67,4,241,3,0,0,0,technical,high
6913,0.24,0.48,4,145,3,1,0,0,technical,high
6914,0.69,1.0,5,237,3,0,0,0,technical,high
6915,0.81,0.57,4,213,4,0,0,0,technical,high
6916,0.61,0.48,4,257,2,0,0,0,support,high
6917,0.75,0.86,6,114,4,0,0,0,support,high
6918,0.69,0.86,4,214,2,0,0,0,support,high
6919,0.53,0.49,3,191,3,0,0,0,support,high
6920,0.93,0.96,4,223,3,1,0,0,support,high
6921,0.15,0.67,5,249,5,0,0,0,support,high
6922,0.48,0.41,5,286,3,0,0,0,support,high
6923,0.67,0.73,4,251,3,0,0,0,support,high
6924,0.36,0.93,3,162,5,0,0,0,support,low
6925,0.35,0.54,3,138,4,0,0,0,support,low
6926,0.65,0.62,4,235,3,0,0,0,support,low
6927,0.8,0.5,4,125,3,0,0,0,technical,low
6928,0.97,0.96,5,210,6,1,0,0,technical,low
6929,0.67,0.64,4,136,3,0,0,0,technical,low
6930,0.58,0.78,3,223,3,0,0,0,management,low
6931,0.61,0.67,3,188,5,0,0,0,IT,low
6932,0.97,0.66,4,214,2,1,0,0,IT,low
6933,0.87,0.97,4,160,3,0,0,0,IT,low
6934,0.8,0.71,4,200,2,0,0,0,IT,low
6935,0.91,0.55,3,223,3,0,0,0,IT,low
6936,0.63,0.73,3,272,2,0,0,0,product_mng,low
6937,0.79,0.96,4,170,2,0,0,0,product_mng,low
6938,0.89,0.57,2,235,3,1,0,0,product_mng,low
6939,1.0,0.87,3,274,3,0,0,0,product_mng,medium
6940,0.6,0.73,5,203,2,0,0,0,IT,medium
6941,0.7,0.8,4,236,2,0,0,0,RandD,medium
6942,0.79,0.81,4,203,3,0,0,0,RandD,medium
6943,0.88,0.72,4,249,3,1,0,0,RandD,medium
6944,0.87,0.48,4,133,2,0,0,0,RandD,medium
6945,0.52,0.58,3,203,2,0,0,0,RandD,medium
6946,0.59,0.75,3,168,3,0,0,0,RandD,medium
6947,0.64,0.75,4,172,4,0,0,0,marketing,medium
6948,0.81,0.83,3,177,2,0,0,0,sales,medium
6949,0.87,0.57,3,149,2,0,0,0,accounting,medium
6950,0.74,0.61,3,231,2,0,0,0,support,medium
6951,0.73,0.89,3,226,3,1,0,0,technical,high
6952,0.97,0.58,4,187,4,1,0,0,management,high
6953,0.54,0.81,3,145,2,0,0,0,marketing,high
6954,0.59,0.55,4,138,2,0,0,0,marketing,high
6955,0.99,0.95,3,153,4,0,0,0,marketing,high
6956,0.79,0.75,4,168,3,0,0,0,sales,high
6957,0.96,0.37,3,111,2,0,0,0,sales,high
6958,0.54,0.67,3,154,2,0,0,0,sales,high
6959,0.79,0.84,4,171,3,0,0,0,sales,low
6960,0.64,0.79,3,253,2,0,0,0,sales,low
6961,0.65,0.53,4,160,3,0,0,0,sales,low
6962,0.87,0.86,3,196,4,0,0,0,sales,low
6963,0.7,0.59,4,178,3,0,0,0,sales,low
6964,0.89,0.81,3,268,3,0,0,0,sales,low
6965,0.61,0.58,6,146,3,0,0,0,sales,low
6966,0.9,0.49,4,185,2,0,0,0,sales,low
6967,0.49,0.54,4,247,3,1,0,0,sales,medium
6968,0.85,0.97,4,210,2,0,0,0,sales,medium
6969,0.54,0.58,3,234,3,0,0,0,sales,medium
6970,0.64,0.57,4,271,2,0,0,0,sales,medium
6971,0.81,0.77,5,102,5,0,0,0,sales,medium
6972,0.49,0.66,3,163,3,0,0,0,sales,medium
6973,0.58,0.57,3,144,4,1,0,0,sales,medium
6974,0.62,0.49,3,172,3,0,0,0,sales,medium
6975,0.8,0.84,3,203,3,1,0,0,accounting,medium
6976,0.64,0.64,3,192,3,1,0,0,accounting,medium
6977,0.81,0.86,5,159,2,0,0,0,accounting,medium
6978,0.8,0.74,3,159,2,0,0,0,hr,medium
6979,0.92,0.81,4,206,2,0,0,0,hr,medium
6980,0.66,0.98,4,225,2,1,0,0,hr,medium
6981,0.79,0.89,3,252,2,0,0,0,hr,medium
6982,0.74,0.54,6,113,3,0,0,0,technical,medium
6983,0.79,0.74,3,238,2,0,0,0,technical,medium
6984,0.87,0.94,3,217,3,0,0,0,technical,medium
6985,0.49,0.57,4,145,2,0,0,0,technical,medium
6986,0.3,0.44,5,128,4,1,0,0,technical,medium
6987,0.85,0.89,4,177,3,0,0,0,technical,medium
6988,0.61,0.97,4,256,4,0,0,0,technical,medium
6989,0.68,0.55,3,182,3,1,0,0,technical,medium
6990,0.67,0.67,4,226,2,0,0,0,technical,high
6991,0.63,0.73,5,168,3,0,0,0,technical,low
6992,0.63,0.94,4,145,3,0,0,0,technical,medium
6993,0.5,0.88,4,172,4,0,0,0,support,medium
6994,0.7,0.55,4,233,2,0,0,0,support,medium
6995,0.18,0.46,5,202,4,0,0,0,support,medium
6996,0.77,0.55,5,255,2,0,0,0,support,medium
6997,0.78,0.61,3,257,3,0,0,0,support,medium
6998,0.54,0.77,3,185,3,0,0,0,support,medium
6999,0.9,0.69,3,231,4,0,0,0,support,medium
7000,0.56,0.76,3,207,2,0,0,0,support,medium
7001,0.63,0.81,3,215,3,0,0,0,support,medium
7002,0.68,0.75,5,243,3,1,0,0,support,low
7003,0.96,0.54,3,198,3,0,0,0,support,low
7004,0.85,0.87,6,232,6,0,0,0,technical,low
7005,0.82,0.66,4,150,3,0,0,0,technical,low
7006,0.44,0.39,2,188,3,0,0,0,technical,low
7007,0.86,0.97,4,155,3,0,0,0,management,low
7008,0.56,0.68,3,109,3,0,0,0,IT,low
7009,0.69,0.94,3,170,3,0,0,0,IT,high
7010,0.91,0.85,5,214,2,0,0,0,IT,low
7011,0.99,0.94,3,244,3,0,0,0,IT,high
7012,0.76,0.84,5,137,4,0,0,0,IT,high
7013,0.63,0.67,5,250,2,0,0,0,product_mng,low
7014,0.21,0.62,4,247,3,1,0,0,product_mng,low
7015,0.63,0.43,2,222,4,0,0,0,product_mng,high
7016,0.58,0.51,2,100,2,0,0,0,product_mng,low
7017,0.52,0.84,4,212,3,0,0,0,IT,medium
7018,0.89,0.64,3,184,5,0,0,0,RandD,high
7019,0.81,0.81,4,177,3,0,0,0,RandD,medium
7020,0.62,0.73,3,138,3,0,0,0,RandD,medium
7021,0.83,0.5,4,167,3,1,0,0,RandD,medium
7022,0.85,0.99,3,201,3,0,0,0,RandD,medium
7023,0.52,0.61,5,162,3,0,0,0,marketing,high
7024,0.57,0.97,5,126,5,0,0,0,sales,medium
7025,0.93,1.0,4,145,3,0,0,0,accounting,medium
7026,0.78,0.89,3,211,3,0,0,0,support,medium
7027,0.65,0.59,3,167,2,0,0,0,technical,high
7028,0.42,0.74,5,256,6,0,0,0,management,medium
7029,0.22,0.61,6,237,5,0,0,0,marketing,high
7030,0.71,0.96,5,135,4,1,0,0,marketing,low
7031,0.44,0.68,5,209,4,0,0,0,marketing,medium
7032,0.6,0.52,4,190,3,0,0,0,sales,medium
7033,0.68,0.61,3,134,4,0,0,0,sales,medium
7034,0.53,0.41,2,148,2,1,0,0,sales,medium
7035,0.8,0.82,4,202,3,0,0,0,sales,low
7036,0.97,0.82,4,176,2,0,0,0,sales,low
7037,0.47,0.47,2,221,6,0,0,0,sales,low
7038,0.96,0.93,3,156,3,0,0,0,sales,low
7039,0.81,0.45,6,98,3,0,0,0,sales,low
7040,0.86,0.65,4,134,4,0,0,0,sales,low
7041,0.59,0.82,4,203,4,1,0,0,sales,low
7042,0.53,0.97,3,189,3,0,0,0,sales,low
7043,0.57,0.86,3,258,2,0,0,0,sales,low
7044,0.7,0.48,4,237,3,0,0,0,sales,low
7045,0.58,0.59,4,224,3,0,0,0,sales,high
7046,0.43,0.86,5,125,3,1,0,0,sales,low
7047,0.92,0.82,4,207,4,0,0,0,sales,low
7048,0.24,0.7,5,194,3,0,0,0,sales,low
7049,0.67,0.52,3,273,3,0,0,0,sales,low
7050,0.68,0.84,3,209,3,0,0,0,sales,high
7051,0.54,0.75,3,181,3,0,0,0,accounting,low
7052,0.73,0.63,3,172,4,1,0,0,accounting,low
7053,0.59,0.41,4,139,3,0,0,0,accounting,low
7054,0.22,0.64,6,260,4,0,0,0,hr,high
7055,0.49,0.83,3,168,4,1,0,0,hr,low
7056,0.91,1.0,6,242,3,1,0,0,hr,medium
7057,0.18,0.97,4,206,3,0,0,0,hr,high
7058,0.71,0.41,5,107,4,0,0,0,technical,medium
7059,0.56,0.66,5,216,2,0,0,0,technical,high
7060,0.84,0.62,4,152,3,0,0,0,technical,medium
7061,0.59,0.49,5,122,5,0,0,0,technical,medium
7062,0.88,0.62,4,138,3,0,0,0,technical,medium
7063,0.8,0.52,3,182,2,0,0,0,technical,medium
7064,0.53,0.63,3,205,2,0,0,0,technical,medium
7065,0.53,0.83,3,267,4,0,0,0,technical,medium
7066,0.3,0.67,3,150,2,0,0,0,technical,medium
7067,0.91,0.7,4,134,2,0,0,0,technical,medium
7068,0.32,0.66,5,116,5,1,0,0,technical,high
7069,0.73,0.87,3,181,3,0,0,0,support,low
7070,0.87,0.54,3,268,3,0,0,0,support,medium
7071,0.57,0.73,3,129,3,0,0,0,support,medium
7072,0.62,0.94,3,151,4,0,0,0,support,medium
7073,0.55,0.91,3,243,4,0,0,0,support,medium
7074,0.93,0.57,5,143,2,0,0,0,support,medium
7075,0.3,0.47,6,156,2,1,0,0,support,medium
7076,0.57,0.7,3,210,2,0,0,0,support,medium
7077,0.9,0.85,4,279,6,0,0,0,support,medium
7078,0.83,0.79,4,270,3,1,0,0,support,medium
7079,0.38,0.64,5,160,3,0,0,0,support,high
7080,0.97,0.95,4,173,2,0,0,0,technical,low
7081,0.7,1.0,4,261,3,0,0,0,technical,low
7082,0.26,0.73,4,178,6,0,0,0,technical,low
7083,0.58,0.58,3,122,3,0,0,0,management,high
7084,0.69,0.57,5,227,4,0,0,0,IT,low
7085,0.88,0.6,2,168,3,0,0,0,IT,low
7086,0.57,0.91,4,252,4,0,0,0,IT,low
7087,0.94,0.8,5,170,4,0,0,0,IT,high
7088,0.94,0.58,3,135,3,0,0,0,IT,low
7089,0.46,0.49,5,286,5,0,0,0,product_mng,low
7090,0.49,0.57,2,213,3,1,0,0,product_mng,low
7091,0.96,1.0,5,148,3,0,0,0,product_mng,low
7092,0.29,0.95,5,117,4,0,0,0,product_mng,low
7093,0.94,0.69,3,164,2,0,0,0,IT,low
7094,0.56,0.64,3,262,2,1,0,0,RandD,low
7095,0.18,0.49,5,250,5,1,0,0,RandD,medium
7096,0.84,0.83,4,222,3,0,0,0,RandD,medium
7097,0.58,0.96,3,192,4,0,0,0,RandD,medium
7098,0.21,0.6,5,151,6,0,0,0,RandD,medium
7099,0.59,0.53,4,216,2,0,0,0,marketing,medium
7100,0.66,0.65,3,234,2,0,0,0,marketing,medium
7101,0.58,0.82,4,268,3,0,0,0,sales,medium
7102,0.66,0.49,4,194,5,0,0,0,accounting,medium
7103,0.56,0.78,3,200,2,0,0,0,support,medium
7104,0.92,0.78,3,194,3,0,0,0,technical,medium
7105,0.56,0.69,3,176,3,0,0,0,management,medium
7106,0.57,0.59,4,158,3,0,0,0,marketing,medium
7107,0.99,0.79,3,271,4,0,0,0,marketing,high
7108,0.76,0.93,4,187,4,0,0,0,marketing,low
7109,0.78,0.91,4,202,2,0,0,0,sales,medium
7110,0.99,0.48,5,202,2,0,0,0,sales,medium
7111,0.71,0.95,6,204,3,1,0,0,sales,medium
7112,0.51,0.96,4,204,3,1,0,0,sales,medium
7113,0.88,0.82,3,244,3,0,0,0,sales,low
7114,0.96,0.83,3,234,3,0,0,0,sales,low
7115,0.9,0.64,4,217,3,0,0,0,sales,low
7116,0.77,0.51,4,142,4,0,0,0,sales,low
7117,0.95,0.5,4,186,3,1,0,0,sales,low
7118,0.85,0.67,3,267,2,1,0,0,sales,low
7119,0.46,0.79,2,108,3,0,0,0,sales,low
7120,0.57,0.95,3,274,4,0,0,0,sales,low
7121,0.93,1.0,3,148,4,0,0,0,sales,low
7122,0.78,0.68,5,168,3,0,0,0,sales,low
7123,0.68,1.0,4,185,2,1,0,0,sales,low
7124,0.83,0.78,3,257,2,0,0,0,sales,low
7125,0.56,0.51,5,256,4,1,0,0,sales,low
7126,0.93,0.78,2,188,2,0,0,0,sales,low
7127,0.13,0.53,6,173,4,0,0,0,sales,low
7128,0.71,0.99,5,208,2,1,0,0,accounting,low
7129,0.98,0.74,4,202,3,0,0,0,accounting,low
7130,0.83,0.82,3,134,3,0,0,0,accounting,low
7131,0.78,0.65,3,154,2,0,0,0,hr,low
7132,0.35,0.58,3,103,3,0,0,0,hr,low
7133,0.67,0.55,4,256,6,0,0,0,hr,low
7134,0.86,0.88,4,274,3,0,0,0,hr,medium
7135,0.33,0.61,2,163,3,0,0,0,technical,medium
7136,0.3,0.86,6,232,3,0,0,0,technical,medium
7137,0.75,0.63,4,268,3,0,0,0,technical,medium
7138,0.8,0.98,3,209,3,0,0,0,technical,medium
7139,0.98,0.53,5,238,3,0,0,0,technical,medium
7140,0.72,0.48,3,155,2,0,0,0,technical,medium
7141,0.82,0.52,5,270,3,0,0,0,technical,medium
7142,0.91,0.59,3,134,2,1,0,0,technical,medium
7143,0.84,0.78,3,221,3,1,0,0,technical,medium
7144,0.95,0.74,4,258,3,0,0,0,technical,medium
7145,0.53,0.51,6,272,5,0,0,0,technical,medium
7146,0.5,0.5,4,184,3,0,0,0,support,high
7147,0.36,0.95,6,276,2,0,0,0,support,low
7148,0.33,0.38,4,186,3,0,0,0,support,medium
7149,0.38,0.47,3,189,5,0,0,0,support,medium
7150,0.7,0.9,3,224,3,0,0,0,support,medium
7151,0.44,0.45,6,237,6,0,0,0,support,medium
7152,0.32,0.66,3,144,2,0,0,0,support,low
7153,0.63,0.93,6,171,3,1,0,0,support,low
7154,0.56,0.54,3,232,2,0,0,0,support,low
7155,0.56,0.78,4,193,2,1,0,0,support,low
7156,0.81,0.78,3,166,2,0,0,0,support,low
7157,0.89,0.75,3,167,2,0,0,0,technical,low
7158,0.63,0.87,2,101,3,0,0,0,technical,low
7159,0.64,0.66,5,266,3,0,0,0,technical,low
7160,0.46,0.53,3,135,2,0,0,0,management,low
7161,0.76,0.56,4,137,3,0,0,0,IT,low
7162,0.99,0.71,3,191,3,0,0,0,IT,low
7163,0.85,0.76,4,262,2,0,0,0,IT,low
7164,0.78,0.99,3,174,3,0,0,0,IT,low
7165,0.91,0.56,4,241,2,0,0,0,IT,low
7166,0.16,0.57,5,144,4,1,0,0,product_mng,low
7167,0.71,0.57,3,218,3,0,0,0,product_mng,low
7168,0.92,0.68,5,210,2,0,0,0,product_mng,low
7169,0.21,0.98,6,208,5,1,0,0,product_mng,low
7170,0.74,0.6,3,232,3,0,0,0,IT,low
7171,0.76,0.6,3,140,2,0,0,0,RandD,low
7172,0.62,0.95,3,189,4,0,0,0,RandD,low
7173,1.0,0.61,5,264,3,0,0,0,RandD,medium
7174,0.67,0.54,5,157,2,0,0,0,RandD,medium
7175,0.81,0.87,4,161,2,0,0,0,RandD,medium
7176,0.84,0.69,4,149,3,0,0,0,marketing,medium
7177,0.84,0.99,3,144,4,0,0,0,sales,medium
7178,0.97,0.97,4,242,2,0,0,0,accounting,medium
7179,0.7,0.5,6,214,5,0,0,0,support,medium
7180,0.52,0.74,4,174,3,0,0,0,technical,medium
7181,0.46,0.88,5,169,3,0,0,0,management,medium
7182,1.0,0.87,4,268,2,0,0,0,marketing,medium
7183,0.91,0.58,3,257,3,0,0,0,marketing,medium
7184,0.16,0.69,4,187,5,0,0,0,marketing,medium
7185,0.58,0.62,5,270,2,0,0,0,sales,high
7186,0.75,0.61,5,173,4,0,0,0,sales,low
7187,0.96,0.62,6,193,4,0,0,0,sales,medium
7188,0.92,0.78,4,212,2,0,0,0,sales,medium
7189,0.35,0.63,3,156,3,0,0,0,sales,medium
7190,0.56,0.96,3,244,3,0,0,0,sales,medium
7191,0.27,0.96,3,255,4,0,0,0,sales,low
7192,0.66,0.72,5,152,3,1,0,0,sales,low
7193,0.66,0.98,4,163,3,1,0,0,sales,low
7194,0.98,0.69,3,150,2,0,0,0,sales,low
7195,0.51,0.58,4,169,2,0,0,0,sales,low
7196,0.51,0.83,3,133,3,0,0,0,sales,low
7197,0.53,0.94,4,202,3,1,0,0,sales,low
7198,0.69,0.7,4,169,2,0,0,0,sales,low
7199,0.66,0.74,4,270,2,1,0,0,sales,low
7200,0.89,0.76,3,251,2,1,0,0,sales,low
7201,0.74,0.64,3,267,5,0,0,0,sales,low
7202,0.82,0.75,4,224,3,0,0,0,sales,low
7203,0.66,0.9,3,250,2,0,0,0,sales,low
7204,0.59,0.97,3,258,2,0,0,0,accounting,low
7205,0.13,0.65,2,209,5,0,0,0,accounting,low
7206,0.68,0.74,4,215,3,0,0,0,accounting,low
7207,0.5,0.81,3,183,3,0,0,0,hr,low
7208,0.6,0.82,3,143,3,0,0,0,hr,low
7209,0.87,0.98,3,174,3,0,0,0,hr,low
7210,0.51,0.89,6,170,4,0,0,0,hr,low
7211,0.78,0.63,3,202,2,0,0,0,technical,low
7212,0.66,0.96,4,160,2,0,0,0,technical,medium
7213,0.72,0.73,5,211,2,0,0,0,technical,medium
7214,0.57,0.98,3,236,3,1,0,0,technical,medium
7215,0.5,0.49,4,236,3,0,0,0,technical,medium
7216,0.72,0.62,4,252,2,1,0,0,technical,medium
7217,0.41,0.48,3,155,2,1,0,0,technical,medium
7218,0.55,0.65,5,138,2,0,0,0,technical,medium
7219,0.49,0.94,4,195,3,1,0,0,technical,medium
7220,0.8,0.94,3,150,3,0,0,0,technical,medium
7221,0.78,0.51,3,172,3,0,0,0,technical,medium
7222,0.69,0.56,3,240,2,0,0,0,support,medium
7223,0.83,0.98,3,229,6,0,0,0,support,medium
7224,0.89,0.73,3,169,3,0,0,0,support,high
7225,0.94,0.82,3,246,3,0,0,0,support,low
7226,0.51,0.53,4,260,2,1,0,0,support,medium
7227,0.89,0.9,4,101,6,0,0,0,support,medium
7228,0.99,0.69,3,190,3,0,0,0,support,medium
7229,0.79,0.66,3,154,4,0,0,0,support,medium
7230,0.98,0.97,4,196,4,0,0,0,support,low
7231,0.98,0.97,3,209,3,0,0,0,support,low
7232,0.97,0.67,4,223,3,0,0,0,support,low
7233,0.71,0.71,4,221,3,0,0,0,technical,low
7234,0.49,0.6,4,141,3,0,0,0,technical,low
7235,0.72,0.71,3,135,3,0,0,0,technical,low
7236,0.58,0.61,2,191,3,1,0,0,management,low
7237,0.65,1.0,4,195,3,0,0,0,IT,low
7238,0.18,0.55,5,217,4,0,0,0,IT,low
7239,0.83,0.99,4,184,3,0,0,0,IT,low
7240,0.2,0.76,5,188,3,0,0,0,IT,low
7241,0.96,0.93,6,240,6,0,0,0,IT,low
7242,0.59,0.69,4,226,3,0,0,0,product_mng,low
7243,0.97,0.99,3,196,3,0,0,0,product_mng,low
7244,0.14,0.99,6,251,4,0,0,0,product_mng,low
7245,0.75,0.96,4,150,2,0,0,0,product_mng,low
7246,0.71,0.63,3,249,3,0,0,0,IT,low
7247,0.84,0.52,4,251,3,0,0,0,RandD,low
7248,0.57,0.75,5,252,3,0,0,0,RandD,medium
7249,0.46,0.55,5,261,5,0,0,0,RandD,medium
7250,0.77,0.94,4,225,2,0,0,0,RandD,medium
7251,0.44,0.65,2,151,3,0,0,0,RandD,medium
7252,0.68,0.59,4,147,2,0,0,0,marketing,medium
7253,0.94,0.58,4,159,3,0,0,0,sales,medium
7254,0.73,0.91,4,241,2,1,0,0,accounting,medium
7255,0.51,0.5,5,176,5,0,0,0,support,medium
7256,0.93,0.87,4,218,4,0,0,0,technical,medium
7257,0.74,1.0,4,219,3,0,0,0,management,medium
7258,0.82,0.9,3,227,3,0,0,0,marketing,medium
7259,0.86,0.91,4,182,2,0,0,0,marketing,medium
7260,0.99,0.86,4,196,2,1,0,0,marketing,high
7261,0.58,0.86,4,257,3,0,0,0,sales,low
7262,0.96,0.6,5,182,5,0,0,0,sales,medium
7263,0.72,0.67,4,192,3,0,0,0,sales,medium
7264,0.23,0.94,4,142,4,0,0,0,sales,medium
7265,0.99,0.79,4,172,2,0,0,0,sales,medium
7266,0.95,0.58,4,188,3,0,0,0,sales,low
7267,0.75,0.55,5,281,3,1,0,0,sales,low
7268,0.95,0.54,4,255,2,0,0,0,sales,low
7269,0.97,0.84,3,223,3,0,0,0,sales,low
7270,0.98,0.86,2,219,4,0,0,0,sales,low
7271,0.79,0.98,3,195,2,0,0,0,sales,low
7272,0.54,0.91,2,156,3,0,0,0,sales,low
7273,0.51,0.51,5,259,4,0,0,0,sales,low
7274,0.83,0.91,4,266,3,1,0,0,sales,low
7275,0.6,0.7,3,147,2,0,0,0,sales,low
7276,0.58,0.83,4,207,3,0,0,0,sales,low
7277,0.55,0.68,3,185,2,0,0,0,sales,low
7278,0.5,0.64,5,195,2,0,0,0,sales,low
7279,0.46,0.41,6,148,4,0,0,0,sales,low
7280,0.61,0.82,3,157,2,0,0,0,accounting,low
7281,0.91,0.98,4,146,3,0,0,0,accounting,low
7282,0.5,0.94,3,262,4,0,0,0,accounting,low
7283,0.75,0.82,3,169,3,0,0,0,hr,low
7284,0.74,0.87,3,192,3,1,0,0,hr,low
7285,0.62,0.53,4,147,2,0,0,0,hr,low
7286,0.87,0.76,5,254,2,1,0,0,hr,low
7287,0.13,0.72,3,244,4,0,0,0,technical,medium
7288,0.71,0.43,2,100,6,0,0,0,technical,medium
7289,0.7,0.9,3,173,2,0,0,0,technical,medium
7290,0.32,0.87,2,197,2,1,0,0,technical,medium
7291,0.84,0.72,3,256,4,0,0,0,technical,medium
7292,0.79,0.87,4,253,2,0,0,0,technical,medium
7293,0.97,0.64,4,152,2,0,0,0,technical,medium
7294,0.76,0.58,5,136,3,0,0,0,technical,medium
7295,0.97,0.63,3,141,3,0,0,0,technical,medium
7296,0.53,0.4,5,212,3,1,0,0,technical,medium
7297,0.61,0.57,4,144,3,0,0,0,technical,medium
7298,0.94,0.89,2,118,4,0,0,0,support,medium
7299,0.52,0.79,5,265,3,1,0,0,support,high
7300,0.91,0.67,3,143,3,0,0,0,support,low
7301,0.52,0.63,3,230,2,0,0,0,support,medium
7302,0.59,0.68,5,243,2,0,0,0,support,medium
7303,0.61,0.71,3,152,4,1,0,0,support,medium
7304,0.78,0.78,3,252,3,0,0,0,support,medium
7305,0.44,0.67,3,113,2,0,0,0,support,low
7306,0.8,0.97,4,259,2,0,0,0,support,low
7307,0.54,0.6,4,139,5,0,0,0,support,low
7308,0.96,0.91,4,228,3,1,0,0,support,low
7309,0.98,0.49,4,214,3,0,0,0,technical,low
7310,0.83,0.91,4,210,4,0,0,0,technical,low
7311,0.64,0.89,4,146,3,0,0,0,technical,low
7312,0.51,0.78,3,155,2,0,0,0,management,low
7313,0.31,0.42,2,169,5,0,0,0,IT,low
7314,0.53,0.68,3,258,3,0,0,0,IT,low
7315,0.81,0.53,3,258,2,0,0,0,IT,low
7316,0.17,0.85,3,168,4,0,0,0,IT,low
7317,0.72,0.98,3,211,2,0,0,0,IT,low
7318,0.49,0.49,2,245,3,0,0,0,product_mng,low
7319,0.81,0.95,3,204,2,0,0,0,product_mng,low
7320,0.75,0.98,2,161,3,0,0,0,product_mng,low
7321,0.74,0.73,3,267,3,0,0,0,product_mng,low
7322,0.82,0.73,3,183,3,0,0,0,IT,low
7323,0.36,0.4,2,105,3,0,0,0,RandD,low
7324,0.89,0.55,3,260,2,0,0,0,RandD,low
7325,0.78,0.87,3,183,4,0,0,0,RandD,low
7326,0.81,0.56,4,262,3,0,0,0,RandD,medium
7327,0.61,0.78,4,244,4,0,0,0,RandD,medium
7328,0.23,0.96,4,242,6,0,0,0,marketing,medium
7329,0.73,1.0,4,146,3,0,0,0,sales,medium
7330,0.4,0.65,4,252,6,0,0,0,accounting,medium
7331,0.99,0.63,5,229,2,0,0,0,support,medium
7332,0.62,0.54,4,170,3,0,0,0,technical,medium
7333,0.61,0.93,3,250,4,0,0,0,management,medium
7334,0.9,0.98,2,243,3,0,0,0,marketing,medium
7335,0.93,0.67,4,135,3,1,0,0,marketing,medium
7336,0.52,0.75,4,266,3,0,0,0,marketing,medium
7337,0.77,0.72,4,223,3,0,0,0,sales,medium
7338,0.59,0.76,4,234,3,0,0,0,sales,high
7339,0.51,0.59,4,187,3,0,0,0,sales,low
7340,0.67,0.95,3,229,3,0,0,0,sales,medium
7341,0.95,0.65,3,155,2,1,0,0,sales,medium
7342,0.75,0.76,3,246,3,0,0,0,sales,medium
7343,0.54,0.61,3,152,3,0,0,0,sales,medium
7344,0.45,0.71,2,172,2,0,0,0,sales,low
7345,0.66,0.66,4,255,5,0,0,0,sales,low
7346,0.36,0.69,3,98,2,0,0,0,sales,low
7347,0.3,0.47,6,141,6,0,0,0,sales,low
7348,0.61,0.63,4,146,4,1,0,0,sales,low
7349,0.71,0.7,4,213,3,0,0,0,sales,low
7350,0.6,0.99,4,160,3,0,0,0,sales,low
7351,0.19,0.61,3,272,4,0,0,0,sales,low
7352,0.91,1.0,4,125,4,0,0,0,sales,medium
7353,0.98,0.69,3,152,2,0,0,0,sales,medium
7354,0.9,0.78,3,162,2,0,0,0,sales,medium
7355,0.73,0.94,3,251,6,0,0,0,sales,medium
7356,0.52,0.56,3,225,3,0,0,0,accounting,medium
7357,0.77,0.56,3,236,3,1,0,0,accounting,medium
7358,0.98,0.62,3,203,2,0,0,0,accounting,medium
7359,0.79,0.5,4,252,3,1,0,0,hr,medium
7360,0.73,0.91,3,135,2,0,0,0,hr,medium
7361,0.97,0.95,3,257,2,0,0,0,hr,medium
7362,0.38,0.6,5,145,5,0,0,0,hr,medium
7363,0.59,0.48,5,267,3,0,0,0,technical,medium
7364,0.73,0.79,4,208,5,0,0,0,technical,medium
7365,0.84,0.53,4,206,3,0,0,0,technical,medium
7366,0.61,0.59,4,247,2,0,0,0,technical,medium
7367,0.79,0.78,2,228,2,0,0,0,technical,medium
7368,0.73,0.91,4,248,2,1,0,0,technical,medium
7369,0.22,0.9,4,209,5,0,0,0,technical,medium
7370,0.84,0.52,5,171,3,0,0,0,technical,medium
7371,0.21,0.85,6,221,5,0,0,0,technical,medium
7372,0.44,0.69,2,173,2,0,0,0,technical,medium
7373,0.2,0.52,5,218,5,0,0,0,technical,medium
7374,0.51,0.86,4,223,3,1,0,0,support,medium
7375,0.55,0.98,3,169,2,0,0,0,support,medium
7376,0.24,0.38,6,109,2,0,0,0,support,medium
7377,0.65,0.77,4,273,2,0,0,0,support,high
7378,0.44,0.42,3,178,3,0,0,0,support,high
7379,0.98,0.67,4,189,4,0,0,0,support,high
7380,0.69,0.8,5,203,2,1,0,0,support,high
7381,0.71,0.56,3,177,4,0,0,0,support,high
7382,0.54,0.71,5,253,2,1,0,0,support,high
7383,0.77,0.98,3,273,3,0,0,0,support,high
7384,0.53,0.43,2,139,3,0,0,0,support,high
7385,0.64,0.72,3,185,2,1,0,0,technical,high
7386,0.69,0.59,5,182,4,0,0,0,technical,high
7387,0.93,0.71,5,270,2,0,0,0,technical,high
7388,0.58,0.65,3,139,4,0,0,0,management,high
7389,0.33,0.46,5,261,6,1,0,0,IT,low
7390,0.95,0.57,3,238,3,0,0,0,IT,low
7391,0.65,0.9,3,241,3,0,0,0,IT,low
7392,0.9,0.7,3,223,2,0,0,0,IT,low
7393,0.59,0.8,3,258,3,1,0,0,IT,low
7394,0.88,0.55,4,205,4,0,0,0,product_mng,low
7395,0.63,0.83,4,243,4,0,0,0,product_mng,low
7396,0.53,0.61,4,198,2,0,0,0,product_mng,low
7397,0.63,0.64,4,178,3,0,0,0,product_mng,low
7398,0.96,0.76,4,158,3,0,0,0,IT,low
7399,0.7,0.73,3,194,2,0,0,0,RandD,low
7400,0.73,0.36,4,253,2,1,0,0,RandD,low
7401,0.94,0.8,4,228,2,0,0,0,RandD,low
7402,0.82,0.58,5,227,3,0,0,0,RandD,low
7403,0.44,0.63,3,162,2,0,0,0,RandD,low
7404,0.58,0.9,5,257,3,0,0,0,marketing,medium
7405,0.55,0.97,2,140,2,0,0,0,sales,medium
7406,0.92,0.84,3,164,2,0,0,0,accounting,medium
7407,0.91,0.59,4,177,4,0,0,0,support,medium
7408,0.69,0.61,4,260,4,0,0,0,technical,medium
7409,0.23,0.7,4,233,2,0,0,0,management,medium
7410,0.21,0.81,4,227,5,0,0,0,marketing,medium
7411,0.51,0.6,4,140,3,0,0,0,marketing,medium
7412,0.73,0.74,3,254,4,1,0,0,marketing,medium
7413,0.65,0.67,3,245,3,0,0,0,sales,medium
7414,0.64,0.48,2,157,2,0,0,0,sales,medium
7415,0.77,0.49,3,265,3,0,0,0,sales,medium
7416,0.71,0.79,4,261,3,0,0,0,sales,high
7417,0.2,0.38,6,212,6,0,0,0,sales,high
7418,0.99,0.57,4,216,3,0,0,0,sales,high
7419,0.77,0.57,4,238,3,0,0,0,sales,high
7420,0.8,0.56,2,204,3,0,0,0,sales,high
7421,0.97,0.5,4,216,2,0,0,0,sales,high
7422,0.89,0.53,4,208,3,0,0,0,sales,high
7423,0.97,0.7,4,218,2,0,0,0,sales,high
7424,0.23,0.99,5,176,4,1,0,0,sales,low
7425,0.6,0.75,4,144,2,0,0,0,sales,low
7426,0.52,0.63,5,241,3,0,0,0,sales,low
7427,0.86,0.63,3,271,2,0,0,0,sales,low
7428,0.86,0.95,4,184,3,0,0,0,sales,low
7429,0.76,0.58,3,262,2,0,0,0,sales,low
7430,0.79,0.77,6,233,6,0,0,0,sales,low
7431,0.35,0.52,3,155,3,0,0,0,sales,low
7432,1.0,0.97,5,141,2,0,0,0,accounting,medium
7433,0.2,0.8,6,251,5,0,0,0,accounting,medium
7434,0.57,0.62,5,141,3,0,0,0,accounting,medium
7435,0.23,0.46,4,274,5,1,0,0,hr,medium
7436,0.82,0.97,3,160,2,0,0,0,hr,medium
7437,0.98,0.8,3,166,2,0,0,0,hr,medium
7438,0.52,0.7,4,219,3,0,0,0,hr,medium
7439,0.96,0.61,4,158,6,0,0,0,technical,medium
7440,0.69,0.64,4,190,4,0,0,0,technical,medium
7441,0.92,0.77,5,191,2,0,0,0,technical,medium
7442,0.91,0.43,4,117,5,1,0,0,technical,medium
7443,0.85,0.96,4,240,6,0,0,0,technical,medium
7444,0.91,0.77,4,239,2,0,0,0,technical,medium
7445,0.79,0.55,4,145,3,0,0,0,technical,medium
7446,0.74,0.95,3,157,4,0,0,0,technical,medium
7447,0.73,0.72,3,166,3,0,0,0,technical,medium
7448,0.55,0.98,4,137,2,0,0,0,technical,medium
7449,0.79,0.97,5,208,4,1,0,0,technical,medium
7450,0.53,0.51,4,174,2,0,0,0,support,medium
7451,0.7,0.6,3,267,3,0,0,0,support,medium
7452,0.74,0.56,3,125,6,0,0,0,support,medium
7453,0.95,0.76,4,220,3,0,0,0,support,medium
7454,0.49,0.57,4,141,3,0,0,0,support,medium
7455,0.79,0.9,5,146,3,1,0,0,support,high
7456,0.99,0.86,3,166,2,0,0,0,support,low
7457,0.56,0.79,4,197,2,0,0,0,support,medium
7458,0.7,0.79,4,240,2,0,0,0,support,medium
7459,0.93,0.65,4,258,3,0,0,0,support,medium
7460,0.46,0.66,6,229,3,0,0,0,support,medium
7461,0.24,0.61,5,252,4,0,0,0,technical,medium
7462,0.32,0.41,3,138,3,1,0,0,technical,medium
7463,0.5,0.78,4,208,3,1,0,0,technical,medium
7464,0.58,0.72,3,113,3,1,0,0,management,medium
7465,0.83,0.81,4,209,4,0,0,0,IT,medium
7466,0.57,0.42,2,248,4,0,0,0,IT,medium
7467,0.51,0.83,5,161,3,0,0,0,IT,low
7468,0.65,0.96,2,246,2,1,0,0,IT,low
7469,0.52,0.41,3,283,3,0,0,0,IT,low
7470,0.77,0.7,3,145,2,0,0,0,product_mng,low
7471,0.42,0.77,3,270,3,0,0,0,product_mng,low
7472,0.68,0.79,4,273,4,0,0,0,product_mng,low
7473,0.83,0.92,4,187,6,1,0,0,product_mng,low
7474,0.66,0.63,3,166,3,0,0,0,IT,high
7475,0.75,0.57,3,158,2,1,0,0,RandD,low
7476,0.65,0.48,4,229,3,0,0,0,RandD,high
7477,0.49,0.6,3,191,3,1,0,0,RandD,high
7478,0.77,0.96,3,232,2,1,0,0,RandD,low
7479,0.65,0.97,3,198,3,0,0,0,RandD,low
7480,0.65,0.49,5,238,4,0,0,0,marketing,high
7481,0.44,0.58,2,157,2,0,0,0,sales,low
7482,0.61,0.72,4,134,2,0,0,0,accounting,medium
7483,0.98,0.89,3,150,3,0,0,0,support,high
7484,0.68,0.88,5,256,2,0,0,0,technical,medium
7485,0.58,0.5,3,208,3,0,0,0,management,medium
7486,0.81,0.92,3,136,3,0,0,0,marketing,medium
7487,0.76,0.5,4,136,3,0,0,0,marketing,medium
7488,0.14,0.93,4,180,4,0,0,0,marketing,high
7489,0.49,0.91,3,227,3,0,0,0,sales,medium
7490,0.97,0.78,5,156,3,0,0,0,sales,medium
7491,0.91,0.6,4,133,4,1,0,0,sales,medium
7492,0.15,0.98,2,96,2,0,0,0,sales,high
7493,0.82,0.63,3,171,3,0,0,0,sales,medium
7494,0.67,0.87,3,177,4,0,0,0,sales,high
7495,0.5,0.96,4,274,3,0,0,0,sales,low
7496,0.57,0.39,2,145,3,0,0,0,sales,medium
7497,0.99,0.94,5,221,2,0,0,0,sales,medium
7498,0.97,0.94,3,202,2,0,0,0,sales,medium
7499,0.93,0.58,5,238,2,0,0,0,sales,medium
7500,0.62,0.6,4,170,2,0,0,0,sales,low
7501,0.62,0.51,4,208,2,1,0,0,sales,low
7502,0.96,0.61,4,199,3,0,0,0,sales,low
7503,0.98,0.96,4,253,3,0,0,0,sales,low
7504,0.52,0.57,4,239,3,0,0,0,sales,low
7505,0.56,0.77,5,279,4,0,0,0,sales,low
7506,0.14,0.41,6,114,3,0,0,0,sales,low
7507,0.29,0.38,6,105,5,0,0,0,sales,low
7508,0.76,0.81,4,193,3,1,0,0,accounting,low
7509,0.39,0.58,3,152,3,1,0,0,accounting,low
7510,0.96,0.72,4,228,2,0,0,0,accounting,high
7511,0.84,0.93,3,242,4,0,0,0,hr,low
7512,0.81,0.62,4,197,3,0,0,0,hr,low
7513,0.51,0.51,5,222,4,0,0,0,hr,low
7514,0.87,0.75,3,222,3,0,0,0,hr,low
7515,0.94,0.77,5,233,4,0,0,0,technical,high
7516,0.69,0.97,4,264,3,0,0,0,technical,low
7517,0.44,0.53,3,132,3,1,0,0,technical,low
7518,0.85,0.55,5,182,3,0,0,0,technical,low
7519,0.18,0.86,6,264,3,0,0,0,technical,high
7520,0.91,0.74,6,253,2,0,0,0,technical,low
7521,0.81,0.83,3,193,3,0,0,0,technical,medium
7522,0.82,0.59,5,143,2,1,0,0,technical,high
7523,0.48,0.79,3,180,2,0,0,0,technical,medium
7524,0.92,0.84,3,220,3,1,0,0,technical,high
7525,0.94,0.88,5,150,4,0,0,0,technical,medium
7526,1.0,0.56,3,182,3,0,0,0,support,medium
7527,0.96,0.91,3,257,3,0,0,0,support,medium
7528,0.24,0.74,3,269,4,1,0,0,support,medium
7529,0.62,0.89,5,243,3,0,0,0,support,medium
7530,0.55,0.76,4,257,3,0,0,0,support,medium
7531,0.82,0.52,5,233,2,0,0,0,support,medium
7532,0.62,0.56,4,267,4,0,0,0,support,medium
7533,0.61,0.69,4,160,2,1,0,0,support,high
7534,0.72,0.52,3,143,4,1,0,0,support,low
7535,0.45,0.76,4,143,2,1,0,0,support,medium
7536,0.51,0.93,3,162,4,0,0,0,support,medium
7537,0.42,0.53,3,181,5,0,0,0,technical,medium
7538,0.69,0.64,3,286,3,0,0,0,technical,medium
7539,0.61,0.66,2,111,3,0,0,0,technical,medium
7540,0.5,0.98,5,177,4,0,0,0,management,medium
7541,0.25,0.68,4,279,5,1,0,0,IT,medium
7542,0.88,0.89,4,135,3,0,0,0,IT,medium
7543,0.81,0.66,3,160,2,0,0,0,IT,medium
7544,0.75,0.77,3,178,4,0,0,0,IT,high
7545,0.77,0.8,3,147,3,0,0,0,IT,low
7546,0.55,0.72,3,204,2,0,0,0,product_mng,low
7547,0.7,0.73,5,151,2,0,0,0,product_mng,low
7548,0.96,0.78,3,209,2,0,0,0,product_mng,high
7549,0.18,0.73,6,225,4,0,0,0,product_mng,low
7550,0.22,0.62,6,142,3,0,0,0,IT,low
7551,0.95,0.49,3,158,2,0,0,0,RandD,low
7552,0.37,0.71,2,139,4,0,0,0,RandD,high
7553,0.84,0.45,3,263,2,0,0,0,RandD,low
7554,0.8,0.68,3,160,3,0,0,0,RandD,low
7555,0.57,0.55,2,173,2,0,0,0,RandD,low
7556,0.98,0.63,3,169,2,0,0,0,marketing,low
7557,0.95,0.62,3,161,3,0,0,0,sales,low
7558,0.8,0.65,4,172,3,1,0,0,accounting,low
7559,0.52,0.7,3,257,3,0,0,0,support,low
7560,0.31,0.62,2,139,3,0,0,0,technical,medium
7561,0.71,0.59,5,245,2,0,0,0,management,medium
7562,0.71,0.85,3,260,3,0,0,0,marketing,medium
7563,0.5,0.96,5,229,4,0,0,0,marketing,medium
7564,0.95,0.9,2,129,5,0,0,0,marketing,medium
7565,0.95,0.77,3,184,4,0,0,0,sales,medium
7566,0.65,0.85,4,204,3,0,0,0,sales,medium
7567,0.94,0.72,3,152,2,1,0,0,sales,medium
7568,0.72,0.85,4,142,3,0,0,0,sales,medium
7569,0.94,0.79,4,136,2,0,0,0,sales,medium
7570,0.79,0.94,4,216,4,0,0,0,sales,medium
7571,0.6,0.58,3,201,3,0,0,0,sales,medium
7572,0.62,0.76,4,163,3,0,0,0,sales,high
7573,0.94,0.74,4,224,5,0,0,0,sales,low
7574,0.24,0.5,4,209,3,0,0,0,sales,medium
7575,0.17,0.71,5,257,4,1,0,0,sales,medium
7576,0.66,0.83,4,234,4,0,0,0,sales,medium
7577,0.65,0.56,3,221,2,0,0,0,sales,medium
7578,0.51,0.62,2,186,2,0,0,0,sales,low
7579,0.41,0.75,4,199,3,0,0,0,sales,low
7580,0.98,0.99,3,235,3,0,0,0,sales,low
7581,0.96,0.55,5,211,2,0,0,0,sales,low
7582,0.55,0.97,4,136,4,0,0,0,sales,low
7583,0.99,0.71,4,155,3,0,0,0,sales,low
7584,0.51,0.98,4,269,3,0,0,0,accounting,low
7585,0.74,0.9,3,285,3,0,0,0,accounting,low
7586,0.81,0.87,5,241,3,0,0,0,accounting,low
7587,0.51,0.87,3,180,4,0,0,0,hr,low
7588,0.53,0.55,5,224,2,1,0,0,hr,low
7589,0.67,0.48,6,107,2,1,0,0,hr,low
7590,0.68,0.64,2,167,2,0,0,0,hr,low
7591,0.69,0.63,3,137,3,0,0,0,technical,low
7592,0.71,0.65,4,239,3,0,0,0,technical,low
7593,0.64,0.56,3,239,3,0,0,0,technical,low
7594,0.62,0.58,3,148,2,1,0,0,technical,low
7595,0.81,0.5,4,231,3,1,0,0,technical,low
7596,0.84,0.54,4,179,2,0,0,0,technical,low
7597,1.0,0.67,3,181,2,0,0,0,technical,low
7598,0.72,0.73,5,184,4,1,0,0,technical,low
7599,0.57,0.67,3,207,2,0,0,0,technical,medium
7600,0.73,0.99,4,152,4,0,0,0,technical,medium
7601,0.91,0.59,4,133,4,0,0,0,technical,medium
7602,0.98,0.85,4,178,3,0,0,0,support,medium
7603,0.58,0.95,4,173,3,0,0,0,support,medium
7604,0.73,0.52,2,113,5,1,0,0,support,medium
7605,0.96,0.95,3,236,2,0,0,0,support,medium
7606,0.57,0.98,3,188,5,0,0,0,support,medium
7607,0.77,0.73,3,269,2,0,0,0,support,medium
7608,0.3,0.85,2,203,3,0,0,0,support,medium
7609,0.85,0.75,3,214,3,0,0,0,support,medium
7610,0.49,0.83,2,185,6,0,0,0,support,medium
7611,0.77,0.43,4,265,6,0,0,0,support,high
7612,1.0,0.99,4,184,4,0,0,0,support,low
7613,0.85,0.74,3,157,3,0,0,0,technical,medium
7614,0.87,0.75,3,258,3,0,0,0,technical,medium
7615,0.9,0.79,3,222,6,1,0,0,technical,medium
7616,0.71,0.8,5,248,4,0,0,0,management,medium
7617,0.59,0.56,5,162,4,0,0,0,IT,low
7618,0.85,0.74,3,250,3,1,0,0,IT,low
7619,0.72,0.82,4,231,3,0,0,0,IT,low
7620,0.73,0.65,3,165,3,0,0,0,IT,low
7621,0.9,0.54,3,272,2,0,0,0,IT,low
7622,0.59,0.65,4,177,2,0,0,0,product_mng,low
7623,0.52,0.9,3,133,3,0,0,0,product_mng,low
7624,0.85,0.49,4,159,3,0,0,0,product_mng,low
7625,0.35,0.4,3,130,3,0,0,0,product_mng,low
7626,0.7,0.68,3,185,4,0,0,0,IT,low
7627,0.58,0.86,3,182,3,0,0,0,RandD,low
7628,0.89,0.5,2,238,4,0,0,0,RandD,low
7629,0.54,0.63,3,211,3,0,0,0,RandD,low
7630,0.55,0.89,4,209,3,0,0,0,RandD,low
7631,0.77,0.62,5,190,3,0,0,0,RandD,low
7632,0.55,0.61,4,272,4,1,0,0,marketing,low
7633,0.6,0.77,3,202,3,0,0,0,sales,low
7634,0.75,0.9,4,185,3,0,0,0,accounting,low
7635,0.57,0.88,3,176,3,0,0,0,support,low
7636,0.69,0.94,4,239,3,0,0,0,technical,low
7637,0.87,0.98,4,238,3,1,0,0,management,low
7638,0.69,0.36,5,269,6,1,0,0,marketing,medium
7639,0.58,0.92,3,232,5,0,0,0,marketing,medium
7640,0.87,0.64,2,148,6,1,0,0,marketing,medium
7641,0.71,0.77,3,149,2,0,0,0,sales,medium
7642,0.74,0.78,4,203,2,0,0,0,sales,medium
7643,0.75,0.53,5,235,3,0,0,0,sales,medium
7644,0.5,0.54,2,269,2,1,0,0,sales,medium
7645,0.59,0.86,4,260,2,0,0,0,sales,medium
7646,0.81,0.84,3,216,3,0,0,0,sales,medium
7647,0.34,0.55,3,136,2,1,0,0,sales,medium
7648,0.53,0.87,5,158,3,0,0,0,sales,medium
7649,0.94,0.85,4,180,4,0,0,0,sales,medium
7650,0.76,0.77,5,133,2,0,0,0,sales,high
7651,0.2,0.58,5,199,4,0,0,0,sales,low
7652,0.97,0.67,3,169,2,1,0,0,sales,medium
7653,0.96,0.72,3,195,2,0,0,0,sales,medium
7654,0.81,0.5,5,205,3,0,0,0,sales,medium
7655,0.2,0.48,4,156,4,1,0,0,sales,medium
7656,0.53,0.71,3,125,2,1,0,0,sales,low
7657,0.75,0.76,3,171,4,0,0,0,sales,low
7658,0.55,0.91,4,199,3,0,0,0,sales,low
7659,0.58,0.65,5,187,2,0,0,0,sales,low
7660,0.99,0.64,4,218,4,0,0,0,accounting,low
7661,0.96,0.86,4,268,3,0,0,0,accounting,low
7662,0.82,0.92,3,257,2,0,0,0,accounting,low
7663,0.88,0.77,4,224,5,1,0,0,hr,low
7664,0.78,0.97,4,221,4,0,0,0,hr,low
7665,0.46,0.47,6,101,5,0,0,0,hr,low
7666,0.88,0.59,3,224,2,0,0,0,hr,low
7667,0.91,0.55,3,223,4,1,0,0,technical,low
7668,0.6,0.68,4,271,4,0,0,0,technical,low
7669,0.82,0.51,3,210,2,0,0,0,technical,low
7670,0.67,0.56,4,241,3,0,0,0,technical,low
7671,0.55,0.61,3,209,3,0,0,0,technical,low
7672,0.73,0.62,5,186,4,0,0,0,technical,low
7673,0.59,0.68,4,273,2,0,0,0,technical,low
7674,0.4,0.65,6,172,2,1,0,0,technical,low
7675,0.56,0.99,3,209,2,0,0,0,technical,low
7676,0.87,0.57,4,175,2,1,0,0,technical,low
7677,0.5,0.53,5,239,3,0,0,0,technical,medium
7678,0.98,0.79,4,231,4,0,0,0,support,medium
7679,0.71,0.96,4,131,3,0,0,0,support,medium
7680,0.72,0.89,4,217,3,0,0,0,support,medium
7681,0.5,0.83,4,242,2,0,0,0,support,medium
7682,0.89,0.56,3,224,2,0,0,0,support,medium
7683,0.56,0.68,3,208,3,1,0,0,support,medium
7684,0.32,0.55,4,167,5,0,0,0,support,medium
7685,0.96,0.88,5,269,2,0,0,0,support,medium
7686,0.67,0.92,4,156,2,0,0,0,support,medium
7687,0.26,0.7,3,238,6,0,0,0,support,medium
7688,0.51,0.9,5,193,4,0,0,0,support,medium
7689,0.16,0.78,4,196,5,0,0,0,technical,high
7690,0.77,0.71,5,233,2,0,0,0,technical,low
7691,0.67,0.52,2,152,5,0,0,0,technical,medium
7692,0.36,0.77,4,252,2,0,0,0,management,medium
7693,0.69,0.82,3,262,5,1,0,0,IT,medium
7694,0.72,0.76,3,261,4,0,0,0,IT,medium
7695,0.72,0.81,4,144,2,0,0,0,IT,low
7696,0.88,0.95,4,234,3,0,0,0,IT,low
7697,0.91,0.55,2,234,2,0,0,0,IT,low
7698,0.96,0.6,4,170,2,1,0,0,product_mng,low
7699,0.49,0.8,3,238,4,0,0,0,product_mng,low
7700,0.59,0.97,5,242,3,0,0,0,product_mng,low
7701,0.8,0.87,4,209,3,0,0,0,product_mng,low
7702,0.91,0.67,4,206,3,0,0,0,IT,low
7703,0.18,0.79,4,240,5,0,0,0,RandD,low
7704,0.94,0.58,5,215,2,0,0,0,RandD,low
7705,0.44,0.61,3,147,4,0,0,0,RandD,low
7706,0.96,0.59,2,265,2,0,0,0,RandD,low
7707,0.55,0.97,4,162,3,0,0,0,RandD,low
7708,0.99,0.54,4,239,3,0,0,0,marketing,low
7709,0.75,0.88,3,224,2,0,0,0,sales,low
7710,0.66,0.78,4,256,3,0,0,0,accounting,low
7711,0.96,0.57,3,263,3,0,0,0,support,low
7712,0.6,0.86,6,272,4,0,0,0,technical,low
7713,0.64,0.78,4,159,4,0,0,0,management,medium
7714,0.85,0.8,4,219,2,0,0,0,marketing,medium
7715,0.3,0.53,3,210,6,0,0,0,marketing,medium
7716,0.74,0.95,4,237,3,1,0,0,marketing,medium
7717,0.14,0.8,5,226,3,0,0,0,sales,medium
7718,0.93,0.76,3,212,3,0,0,0,sales,medium
7719,0.75,0.48,3,250,5,0,0,0,sales,medium
7720,0.58,0.63,4,171,3,0,0,0,sales,medium
7721,0.59,0.6,3,149,4,0,0,0,sales,medium
7722,0.2,0.9,5,228,6,0,0,0,sales,medium
7723,1.0,0.84,3,215,2,0,0,0,sales,medium
7724,0.51,0.51,3,272,3,0,0,0,sales,medium
7725,0.16,0.72,4,192,6,0,0,0,sales,high
7726,0.77,0.56,5,226,4,0,0,0,sales,low
7727,0.61,0.47,2,149,3,0,0,0,sales,medium
7728,0.73,0.51,3,244,2,0,0,0,sales,medium
7729,0.52,0.85,4,193,3,0,0,0,sales,medium
7730,0.13,0.72,4,247,3,0,0,0,sales,medium
7731,0.73,0.62,3,181,3,0,0,0,sales,low
7732,0.39,0.68,2,137,3,1,0,0,sales,low
7733,0.92,0.8,3,211,4,0,0,0,sales,low
7734,0.34,0.78,5,137,4,0,0,0,sales,low
7735,0.94,0.51,4,229,2,1,0,0,sales,low
7736,0.82,0.65,4,168,3,0,0,0,accounting,low
7737,0.26,0.69,4,180,3,1,0,0,accounting,low
7738,0.78,0.53,4,177,2,0,0,0,accounting,low
7739,0.61,0.95,4,191,2,0,0,0,hr,low
7740,0.5,0.53,3,191,2,1,0,0,hr,low
7741,0.52,0.96,4,125,3,0,0,0,hr,low
7742,0.89,0.79,4,152,3,0,0,0,hr,low
7743,0.85,0.52,4,174,2,0,0,0,technical,low
7744,0.62,0.86,4,135,3,0,0,0,technical,low
7745,0.38,0.67,2,117,3,0,0,0,technical,low
7746,0.55,0.49,2,180,5,1,0,0,technical,low
7747,0.83,0.84,4,146,3,0,0,0,technical,low
7748,0.62,0.65,3,249,3,0,0,0,technical,low
7749,0.6,0.54,3,136,3,1,0,0,technical,low
7750,0.62,0.5,4,198,3,1,0,0,technical,low
7751,0.23,0.88,5,201,3,0,0,0,technical,low
7752,0.13,0.74,6,132,4,1,0,0,technical,medium
7753,0.96,0.63,4,142,4,0,0,0,technical,medium
7754,0.5,0.74,5,256,3,1,0,0,support,medium
7755,0.66,0.72,3,135,2,0,0,0,support,medium
7756,0.61,0.72,4,209,2,0,0,0,support,medium
7757,0.45,0.48,5,287,5,0,0,0,support,medium
7758,0.5,0.95,4,222,3,1,0,0,support,medium
7759,0.75,0.82,3,227,2,0,0,0,support,medium
7760,0.88,0.5,4,162,2,0,0,0,support,medium
7761,0.49,0.79,5,206,2,0,0,0,support,medium
7762,0.82,0.87,5,273,6,0,0,0,support,medium
7763,0.92,0.65,4,135,3,0,0,0,support,medium
7764,0.4,0.85,5,99,2,1,0,0,support,high
7765,0.36,0.61,4,166,4,0,0,0,technical,low
7766,0.8,0.99,5,187,3,1,0,0,technical,medium
7767,0.68,0.65,4,134,3,0,0,0,technical,medium
7768,0.54,0.45,4,137,3,1,0,0,management,medium
7769,0.73,0.69,3,175,2,0,0,0,IT,medium
7770,0.64,0.49,5,188,2,0,0,0,IT,low
7771,0.12,0.39,5,161,4,0,0,0,IT,low
7772,0.6,0.7,4,145,6,0,0,0,IT,low
7773,0.36,0.62,4,111,6,0,0,0,IT,low
7774,0.63,0.76,3,176,2,0,0,0,product_mng,low
7775,0.67,0.94,2,192,3,0,0,0,product_mng,low
7776,0.83,0.9,3,179,2,1,0,0,product_mng,low
7777,0.48,0.9,4,224,3,0,0,0,product_mng,low
7778,0.89,0.56,4,241,5,0,0,0,IT,low
7779,0.71,0.96,3,201,3,0,0,0,RandD,low
7780,0.31,0.59,4,138,2,0,0,0,RandD,low
7781,0.89,0.84,5,168,2,0,0,0,RandD,low
7782,0.38,0.51,2,120,3,0,0,0,RandD,low
7783,0.88,0.92,3,179,3,0,0,0,RandD,low
7784,0.64,0.85,3,250,3,0,0,0,marketing,low
7785,0.65,0.74,4,237,3,1,0,0,sales,low
7786,0.65,0.81,4,192,3,0,0,0,accounting,low
7787,0.54,0.97,4,258,3,0,0,0,support,low
7788,0.69,0.76,4,257,4,0,0,0,technical,low
7789,0.77,0.78,2,271,3,0,0,0,management,low
7790,0.28,0.66,3,184,2,0,0,0,marketing,low
7791,0.33,0.4,6,214,6,0,0,0,marketing,medium
7792,0.83,0.68,4,198,3,0,0,0,marketing,medium
7793,0.89,0.73,3,274,2,0,0,0,sales,medium
7794,0.76,0.6,5,279,2,0,0,0,sales,medium
7795,0.83,0.64,5,272,2,0,0,0,sales,medium
7796,0.57,0.85,4,152,3,0,0,0,sales,medium
7797,0.61,0.89,2,287,4,0,0,0,sales,medium
7798,0.96,0.89,2,239,6,1,0,0,sales,medium
7799,0.17,0.5,4,274,6,0,0,0,sales,medium
7800,0.61,0.6,4,121,2,0,0,0,sales,medium
7801,0.73,0.74,5,199,2,0,0,0,sales,medium
7802,0.3,0.39,3,175,3,0,0,0,sales,medium
7803,0.42,0.67,2,115,3,0,0,0,sales,high
7804,0.65,0.75,3,194,4,1,0,0,sales,low
7805,0.17,0.45,2,119,3,0,0,0,sales,medium
7806,0.12,0.82,5,162,4,1,0,0,sales,medium
7807,0.7,0.78,5,264,2,0,0,0,sales,medium
7808,0.87,0.88,3,179,2,0,0,0,sales,medium
7809,0.43,0.44,5,213,3,0,0,0,sales,low
7810,0.84,0.65,3,269,2,0,0,0,sales,low
7811,0.94,0.55,3,160,3,0,0,0,sales,low
7812,0.89,0.76,4,133,2,0,0,0,accounting,low
7813,0.69,0.75,5,201,3,0,0,0,accounting,low
7814,0.18,0.99,4,160,5,0,0,0,accounting,low
7815,0.98,0.69,3,274,3,0,0,0,hr,low
7816,0.3,0.88,5,245,4,0,0,0,hr,low
7817,0.51,0.53,3,237,3,0,0,0,hr,medium
7818,0.76,0.9,3,279,6,0,0,0,hr,medium
7819,0.67,0.96,4,207,3,0,0,0,technical,medium
7820,0.12,0.84,4,218,6,0,0,0,technical,medium
7821,0.42,0.41,5,240,2,0,0,0,technical,medium
7822,0.69,0.76,3,153,3,0,0,0,technical,medium
7823,0.63,0.96,3,144,2,0,0,0,technical,medium
7824,0.66,0.62,2,159,3,1,0,0,technical,medium
7825,0.5,0.5,3,237,2,0,0,0,technical,medium
7826,0.67,0.82,5,148,2,1,0,0,technical,medium
7827,0.59,0.62,4,205,3,0,0,0,technical,medium
7828,0.75,0.78,2,264,3,1,0,0,technical,medium
7829,0.88,0.89,5,189,2,0,0,0,technical,medium
7830,0.99,0.75,3,243,3,0,0,0,support,medium
7831,0.44,0.42,2,199,2,0,0,0,support,medium
7832,0.65,0.78,4,205,2,0,0,0,support,medium
7833,0.88,0.63,3,184,4,0,0,0,support,medium
7834,0.58,0.79,2,274,4,0,0,0,support,medium
7835,0.99,0.9,4,181,3,0,0,0,support,medium
7836,0.76,0.71,3,205,2,0,0,0,support,medium
7837,0.14,0.98,5,172,5,0,0,0,support,medium
7838,0.57,0.86,3,164,2,0,0,0,support,medium
7839,0.52,0.82,3,138,2,1,0,0,support,medium
7840,0.71,0.55,5,262,3,0,0,0,support,medium
7841,0.27,0.75,5,264,3,0,0,0,technical,medium
7842,0.49,0.52,3,225,2,0,0,0,technical,high
7843,0.59,0.5,3,199,2,0,0,0,technical,high
7844,0.24,0.65,6,210,5,0,0,0,management,high
7845,0.18,0.87,6,226,4,0,0,0,IT,high
7846,0.73,0.62,5,134,3,0,0,0,IT,high
7847,0.78,0.63,6,111,6,0,0,0,IT,high
7848,0.94,0.73,5,142,2,1,0,0,IT,high
7849,0.86,0.53,3,213,3,0,0,0,IT,high
7850,0.97,0.88,4,139,2,0,0,0,product_mng,high
7851,0.49,0.54,3,145,3,0,0,0,product_mng,high
7852,0.82,0.48,4,149,6,0,0,0,product_mng,high
7853,0.86,0.64,4,147,2,1,0,0,product_mng,high
7854,0.3,0.39,3,193,3,1,0,0,IT,low
7855,0.7,0.38,4,270,2,0,0,0,RandD,low
7856,0.8,0.78,5,266,3,0,0,0,RandD,low
7857,0.36,0.63,2,278,4,0,0,0,RandD,low
7858,0.4,0.61,3,165,2,0,0,0,RandD,low
7859,0.8,0.58,4,175,2,0,0,0,RandD,low
7860,0.98,0.73,4,140,4,0,0,0,marketing,low
7861,0.92,0.67,3,149,3,0,0,0,sales,low
7862,0.68,1.0,3,205,4,0,0,0,accounting,low
7863,1.0,0.59,3,253,3,0,0,0,support,low
7864,0.8,0.54,3,222,4,0,0,0,technical,low
7865,0.85,0.69,4,216,4,0,0,0,management,low
7866,0.69,0.6,3,139,2,0,0,0,marketing,low
7867,0.57,0.52,4,252,2,0,0,0,marketing,low
7868,0.33,0.72,2,173,2,0,0,0,marketing,low
7869,0.19,0.48,6,178,3,1,0,0,sales,medium
7870,0.5,0.63,3,160,2,0,0,0,sales,medium
7871,0.52,0.88,3,261,4,0,0,0,sales,medium
7872,0.13,0.52,6,188,3,0,0,0,sales,medium
7873,0.18,0.73,4,219,5,0,0,0,sales,medium
7874,0.86,0.64,4,263,3,0,0,0,sales,medium
7875,0.86,0.59,4,165,3,0,0,0,sales,medium
7876,0.16,0.76,6,218,6,0,0,0,sales,medium
7877,0.43,0.46,2,239,3,1,0,0,sales,medium
7878,0.79,0.63,3,212,2,1,0,0,sales,medium
7879,0.51,0.67,4,133,3,0,0,0,sales,medium
7880,0.83,0.55,5,250,3,1,0,0,sales,medium
7881,0.61,0.45,3,114,3,0,0,0,sales,high
7882,0.65,0.57,3,168,2,0,0,0,sales,high
7883,0.95,0.83,4,252,2,0,0,0,sales,high
7884,0.63,0.64,5,189,4,0,0,0,sales,high
7885,0.72,0.6,3,265,2,1,0,0,sales,high
7886,0.8,0.57,3,176,3,0,0,0,sales,high
7887,0.7,0.57,4,150,4,0,0,0,sales,high
7888,0.45,0.79,5,97,6,1,0,0,accounting,high
7889,0.64,0.85,4,265,2,0,0,0,accounting,low
7890,0.94,0.48,4,260,4,0,0,0,accounting,low
7891,0.57,0.76,4,164,2,0,0,0,hr,low
7892,0.35,0.56,4,142,2,0,0,0,hr,low
7893,0.75,0.81,2,247,4,0,0,0,hr,low
7894,0.7,0.92,5,182,3,0,0,0,hr,low
7895,0.7,0.47,2,238,3,0,0,0,technical,low
7896,0.61,0.62,3,191,3,0,0,0,technical,low
7897,0.78,0.87,4,178,3,0,0,0,technical,medium
7898,0.97,0.77,4,208,2,0,0,0,technical,medium
7899,0.51,0.76,3,256,2,0,0,0,technical,medium
7900,0.56,0.71,5,243,3,0,0,0,technical,medium
7901,0.87,0.55,3,233,3,0,0,0,technical,medium
7902,0.64,0.78,5,200,3,0,0,0,technical,medium
7903,0.6,0.85,2,226,2,1,0,0,technical,medium
7904,0.9,0.76,2,150,2,0,0,0,technical,medium
7905,0.54,0.62,2,141,2,0,0,0,technical,medium
7906,0.23,0.8,5,139,3,0,0,0,support,medium
7907,0.8,0.81,3,199,4,1,0,0,support,medium
7908,0.23,0.78,4,154,6,1,0,0,support,medium
7909,0.81,0.51,3,247,2,0,0,0,support,medium
7910,0.35,0.6,5,239,5,0,0,0,support,medium
7911,0.67,0.8,4,137,2,0,0,0,support,medium
7912,0.46,0.6,4,119,5,0,0,0,support,medium
7913,0.84,0.98,4,134,5,1,0,0,support,medium
7914,0.92,0.79,3,243,4,0,0,0,support,medium
7915,0.75,0.93,5,210,3,0,0,0,support,medium
7916,0.7,0.57,4,265,2,0,0,0,support,medium
7917,0.7,0.75,4,204,3,0,0,0,technical,medium
7918,0.9,0.81,6,273,5,0,0,0,technical,medium
7919,0.8,1.0,3,177,2,0,0,0,technical,medium
7920,0.5,0.65,5,285,6,0,0,0,management,high
7921,0.84,0.72,4,222,2,0,0,0,IT,low
7922,0.48,0.94,3,185,2,1,0,0,IT,medium
7923,0.98,0.87,5,151,6,0,0,0,IT,medium
7924,0.64,0.96,3,109,4,0,0,0,IT,medium
7925,0.58,0.53,4,192,4,0,0,0,IT,medium
7926,0.66,0.89,4,139,3,0,0,0,product_mng,medium
7927,0.76,0.98,4,191,2,0,0,0,product_mng,medium
7928,0.32,0.42,6,114,3,0,0,0,product_mng,medium
7929,0.49,0.87,3,212,2,0,0,0,product_mng,medium
7930,0.81,0.51,3,162,2,0,0,0,IT,medium
7931,0.42,0.48,5,191,5,0,0,0,RandD,medium
7932,0.17,0.85,3,234,3,0,0,0,RandD,low
7933,0.49,0.59,4,265,3,0,0,0,RandD,low
7934,0.34,0.69,6,283,2,0,0,0,RandD,low
7935,0.86,0.81,3,232,4,0,0,0,RandD,low
7936,0.51,0.71,4,208,3,1,0,0,marketing,low
7937,0.49,0.99,4,258,3,1,0,0,sales,low
7938,0.49,0.63,3,175,2,0,0,0,accounting,low
7939,0.51,0.59,3,238,3,0,0,0,support,high
7940,0.64,0.52,3,166,3,0,0,0,technical,low
7941,0.62,0.85,4,225,2,0,0,0,management,high
7942,0.81,0.52,4,221,6,0,0,0,marketing,high
7943,0.95,0.57,2,263,3,0,0,0,marketing,low
7944,0.88,0.66,4,218,4,1,0,0,marketing,low
7945,0.87,0.68,5,236,4,0,0,0,sales,high
7946,0.73,0.68,5,133,2,0,0,0,sales,low
7947,0.98,0.73,2,237,3,0,0,0,sales,medium
7948,0.77,0.48,3,204,6,0,0,0,sales,high
7949,0.76,0.99,3,166,3,0,0,0,sales,medium
7950,0.21,0.93,4,189,2,1,0,0,sales,medium
7951,0.72,0.63,4,251,3,0,0,0,sales,medium
7952,0.41,0.56,2,121,2,0,0,0,sales,medium
7953,0.9,0.56,3,149,2,0,0,0,sales,high
7954,0.96,0.9,5,198,2,0,0,0,sales,medium
7955,0.61,0.48,4,163,3,0,0,0,sales,medium
7956,0.6,0.8,4,222,2,0,0,0,sales,medium
7957,0.5,0.76,2,107,4,0,0,0,sales,high
7958,0.79,0.61,4,162,2,0,0,0,sales,medium
7959,0.32,0.69,6,192,3,0,0,0,sales,high
7960,0.85,0.59,5,236,3,0,0,0,sales,low
7961,0.9,0.62,5,225,2,0,0,0,sales,medium
7962,0.74,0.54,4,167,2,0,0,0,sales,medium
7963,0.21,0.76,6,219,4,1,0,0,sales,medium
7964,0.91,0.61,3,255,3,0,0,0,accounting,medium
7965,0.9,0.66,5,137,2,0,0,0,accounting,low
7966,0.74,0.99,4,193,3,0,0,0,accounting,low
7967,0.76,0.75,3,239,2,0,0,0,hr,low
7968,0.45,0.61,5,179,5,0,0,0,hr,low
7969,0.73,0.63,3,205,2,1,0,0,hr,low
7970,0.6,0.73,3,140,5,1,0,0,hr,low
7971,0.8,0.77,5,256,2,0,0,0,technical,low
7972,0.53,0.7,4,243,3,0,0,0,technical,low
7973,0.97,0.63,5,163,3,0,0,0,technical,low
7974,0.64,0.99,3,167,2,0,0,0,technical,low
7975,0.92,0.59,4,190,5,0,0,0,technical,high
7976,0.6,0.57,5,145,3,1,0,0,technical,low
7977,1.0,0.6,4,265,4,0,0,0,technical,low
7978,0.69,0.63,4,272,2,0,0,0,technical,low
7979,0.53,0.45,5,140,5,0,0,0,technical,low
7980,0.63,0.58,4,236,2,0,0,0,technical,high
7981,0.57,0.89,4,255,3,1,0,0,technical,low
7982,0.79,0.45,5,131,6,0,0,0,support,low
7983,0.68,0.92,4,209,6,0,0,0,support,low
7984,0.56,0.61,3,250,2,0,0,0,support,high
7985,0.48,0.51,3,201,2,1,0,0,support,low
7986,0.59,0.67,4,271,2,0,0,0,support,medium
7987,0.34,0.76,6,237,5,0,0,0,support,high
7988,0.98,0.87,3,239,4,0,0,0,support,medium
7989,0.36,0.45,2,135,3,1,0,0,support,high
7990,0.6,0.58,2,182,2,0,0,0,support,medium
7991,0.24,0.54,6,193,4,0,0,0,support,medium
7992,0.67,0.72,4,192,3,1,0,0,support,medium
7993,0.17,0.6,5,144,6,0,0,0,technical,medium
7994,0.57,0.58,3,251,3,0,0,0,technical,medium
7995,0.7,0.85,3,161,2,0,0,0,technical,medium
7996,0.73,0.62,3,171,3,0,0,0,management,medium
7997,0.61,0.86,4,153,5,0,0,0,IT,medium
7998,0.95,0.96,4,161,2,0,0,0,IT,high
7999,0.85,0.55,3,226,4,0,0,0,IT,low
8000,0.72,0.9,3,193,3,0,0,0,IT,medium
8001,0.84,0.66,4,204,3,0,0,0,IT,medium
8002,0.57,0.47,2,158,2,0,0,0,product_mng,medium
8003,0.69,0.69,3,236,4,0,0,0,product_mng,medium
8004,0.57,0.68,4,191,3,0,0,0,product_mng,medium
8005,0.52,0.59,6,104,4,0,0,0,product_mng,medium
8006,0.56,0.55,3,245,2,0,0,0,IT,medium
8007,0.75,0.74,3,186,3,1,0,0,RandD,medium
8008,0.98,0.75,5,168,4,1,0,0,RandD,medium
8009,0.48,0.55,4,262,3,1,0,0,RandD,high
8010,0.35,0.67,2,116,3,0,0,0,RandD,low
8011,0.66,0.93,4,187,2,0,0,0,RandD,low
8012,0.79,0.9,5,184,3,0,0,0,marketing,low
8013,0.86,0.53,4,155,3,0,0,0,marketing,high
8014,0.88,1.0,5,190,2,0,0,0,sales,low
8015,0.83,0.64,3,242,3,0,0,0,accounting,low
8016,0.8,0.64,5,204,2,0,0,0,support,low
8017,0.64,0.69,4,232,3,0,0,0,technical,high
8018,0.72,0.59,4,245,2,0,0,0,management,low
8019,0.67,0.61,3,251,2,0,0,0,marketing,low
8020,0.75,0.7,4,179,2,0,0,0,marketing,low
8021,0.65,0.95,4,153,2,0,0,0,marketing,low
8022,0.98,0.98,5,210,6,0,0,0,sales,low
8023,0.68,0.8,2,257,2,1,0,0,sales,low
8024,0.52,0.37,3,137,4,0,0,0,sales,low
8025,0.68,0.93,4,179,2,0,0,0,sales,medium
8026,0.92,0.74,4,213,3,0,0,0,sales,medium
8027,0.86,0.79,3,106,6,1,0,0,sales,medium
8028,0.5,0.99,4,272,2,0,0,0,sales,medium
8029,0.35,0.37,4,153,2,0,0,0,sales,medium
8030,0.76,0.97,5,172,3,0,0,0,sales,medium
8031,0.66,0.95,4,224,2,0,0,0,sales,medium
8032,0.58,0.71,3,230,3,1,0,0,sales,medium
8033,0.55,0.97,4,222,4,0,0,0,sales,medium
8034,0.9,0.53,3,270,3,0,0,0,sales,medium
8035,0.75,0.71,4,205,3,0,0,0,sales,medium
8036,0.9,0.63,4,134,3,1,0,0,sales,medium
8037,0.14,0.54,5,275,4,1,0,0,sales,high
8038,0.86,0.57,4,183,3,0,0,0,sales,low
8039,0.56,0.84,4,143,4,0,0,0,sales,medium
8040,0.54,0.63,5,259,2,0,0,0,sales,medium
8041,0.36,0.8,5,186,4,0,0,0,accounting,medium
8042,0.82,0.59,3,155,3,0,0,0,accounting,medium
8043,0.49,0.42,2,266,3,0,0,0,accounting,low
8044,0.77,0.97,3,215,2,0,0,0,hr,low
8045,0.64,0.83,4,179,3,0,0,0,hr,low
8046,0.93,0.53,3,217,3,0,0,0,hr,low
8047,0.96,0.94,5,235,3,0,0,0,hr,low
8048,0.6,0.97,3,164,2,0,0,0,technical,low
8049,0.58,0.55,3,178,5,0,0,0,technical,low
8050,0.52,0.49,5,170,3,0,0,0,technical,low
8051,0.74,0.79,5,241,3,0,0,0,technical,low
8052,0.64,0.99,4,222,2,0,0,0,technical,low
8053,0.93,0.59,3,233,3,0,0,0,technical,low
8054,0.76,0.49,5,243,3,0,0,0,technical,low
8055,0.5,0.54,4,175,2,0,0,0,technical,low
8056,0.79,0.55,4,266,3,0,0,0,technical,low
8057,0.97,0.95,5,201,2,0,0,0,technical,low
8058,0.6,0.49,5,259,4,0,0,0,technical,low
8059,0.84,0.73,5,105,5,0,0,0,support,low
8060,0.75,0.99,5,189,3,0,0,0,support,low
8061,0.24,0.91,4,232,2,0,0,0,support,low
8062,0.24,0.91,5,258,6,0,0,0,support,low
8063,0.51,0.58,5,173,3,0,0,0,support,low
8064,0.5,0.88,4,147,3,0,0,0,support,medium
8065,0.66,0.36,3,256,6,0,0,0,support,medium
8066,0.97,0.77,3,206,4,0,0,0,support,medium
8067,0.61,0.5,4,175,3,0,0,0,support,medium
8068,0.77,0.49,4,274,2,1,0,0,support,medium
8069,0.74,0.64,3,229,3,0,0,0,support,medium
8070,0.92,0.98,4,161,3,0,0,0,technical,medium
8071,0.78,0.99,2,188,2,0,0,0,technical,medium
8072,0.56,0.57,3,205,3,0,0,0,technical,medium
8073,0.82,0.63,3,246,3,0,0,0,management,medium
8074,0.26,0.98,5,161,5,0,0,0,IT,medium
8075,0.69,0.85,5,246,3,0,0,0,IT,medium
8076,0.78,0.83,4,158,3,0,0,0,IT,high
8077,0.67,0.86,3,175,3,0,0,0,IT,low
8078,0.77,0.91,5,268,3,1,0,0,IT,medium
8079,0.8,0.63,4,211,2,0,0,0,product_mng,medium
8080,0.51,0.51,3,274,2,0,0,0,product_mng,medium
8081,0.77,0.52,4,241,3,0,0,0,product_mng,medium
8082,0.65,0.71,3,170,2,0,0,0,product_mng,low
8083,0.58,0.53,3,287,5,0,0,0,IT,low
8084,0.67,0.39,2,235,6,0,0,0,RandD,low
8085,0.33,0.39,3,98,3,1,0,0,RandD,low
8086,0.78,0.66,6,105,5,1,0,0,RandD,low
8087,0.58,0.83,3,226,3,0,0,0,RandD,low
8088,0.63,0.59,4,171,4,0,0,0,RandD,low
8089,0.63,0.51,4,153,4,0,0,0,RandD,low
8090,0.59,0.55,3,183,4,0,0,0,marketing,low
8091,0.6,0.9,5,139,3,0,0,0,sales,low
8092,0.93,0.9,5,210,3,0,0,0,accounting,low
8093,0.78,0.77,2,177,4,0,0,0,support,low
8094,0.65,0.6,3,148,2,0,0,0,technical,low
8095,1.0,0.61,4,198,2,0,0,0,management,low
8096,0.96,1.0,3,137,4,1,0,0,marketing,low
8097,0.54,0.97,5,233,3,1,0,0,marketing,low
8098,0.98,0.69,2,204,4,0,0,0,marketing,low
8099,0.34,0.59,2,164,2,0,0,0,sales,low
8100,0.71,0.53,5,162,2,0,0,0,sales,low
8101,0.64,0.64,3,180,2,1,0,0,sales,low
8102,0.71,0.93,2,199,2,0,0,0,sales,low
8103,0.58,0.63,4,190,2,0,0,0,sales,medium
8104,0.87,0.96,4,151,3,1,0,0,sales,medium
8105,0.58,0.85,4,162,3,0,0,0,sales,medium
8106,0.87,0.67,3,139,2,0,0,0,sales,medium
8107,0.72,0.86,3,231,3,1,0,0,sales,medium
8108,0.67,0.83,5,269,2,0,0,0,sales,medium
8109,0.53,0.97,4,249,3,0,0,0,sales,medium
8110,0.78,0.61,3,148,2,0,0,0,sales,medium
8111,0.19,0.63,4,233,5,0,0,0,sales,medium
8112,1.0,0.88,4,240,4,0,0,0,sales,medium
8113,0.75,0.75,5,229,2,1,0,0,sales,medium
8114,0.29,0.66,3,256,2,1,0,0,sales,medium
8115,0.37,0.7,2,188,2,0,0,0,sales,high
8116,0.78,0.5,3,167,2,0,0,0,sales,low
8117,0.24,0.64,5,190,4,0,0,0,sales,medium
8118,0.49,0.7,4,168,3,0,0,0,accounting,medium
8119,0.18,0.64,6,154,5,0,0,0,accounting,medium
8120,0.76,0.85,4,135,3,0,0,0,accounting,medium
8121,0.5,0.97,4,217,3,0,0,0,hr,low
8122,0.82,0.94,3,253,2,0,0,0,hr,low
8123,0.97,0.94,3,180,3,0,0,0,hr,low
8124,0.72,0.9,4,225,2,0,0,0,hr,low
8125,0.98,0.64,4,134,3,1,0,0,technical,low
8126,0.76,0.73,3,192,2,0,0,0,technical,low
8127,0.72,0.88,3,224,3,0,0,0,technical,low
8128,0.96,0.91,3,260,5,0,0,0,technical,low
8129,0.62,0.78,3,178,3,1,0,0,technical,low
8130,0.25,0.98,4,166,5,1,0,0,technical,low
8131,0.82,0.56,5,180,3,0,0,0,technical,low
8132,0.59,0.9,3,189,2,0,0,0,technical,low
8133,0.94,0.73,3,154,3,0,0,0,technical,low
8134,0.72,0.88,3,236,3,0,0,0,technical,low
8135,0.53,0.78,5,198,3,0,0,0,technical,low
8136,0.67,0.83,3,148,3,0,0,0,support,low
8137,0.99,0.52,4,205,2,0,0,0,support,low
8138,0.64,0.53,4,133,3,0,0,0,support,low
8139,0.61,0.57,4,160,3,1,0,0,support,low
8140,0.89,0.85,4,201,2,1,0,0,support,low
8141,0.61,0.7,5,157,4,0,0,0,support,low
8142,0.9,0.74,3,260,2,0,0,0,support,medium
8143,0.96,0.51,5,152,3,0,0,0,support,medium
8144,0.62,0.55,4,218,3,0,0,0,support,medium
8145,0.89,0.57,3,252,2,0,0,0,support,medium
8146,0.52,0.67,4,216,3,0,0,0,support,medium
8147,0.66,0.99,3,183,2,0,0,0,technical,medium
8148,0.96,0.6,5,269,2,0,0,0,technical,medium
8149,0.95,0.89,5,132,4,0,0,0,technical,medium
8150,0.75,0.98,4,170,4,0,0,0,management,medium
8151,0.39,0.87,5,257,5,1,0,0,IT,medium
8152,0.93,0.69,3,138,2,0,0,0,IT,medium
8153,0.44,0.54,3,115,3,0,0,0,IT,medium
8154,0.9,0.67,3,165,2,0,0,0,IT,high
8155,0.75,0.81,3,214,3,0,0,0,IT,low
8156,0.45,0.75,2,246,2,0,0,0,product_mng,medium
8157,0.42,0.6,2,188,3,0,0,0,product_mng,medium
8158,0.99,0.82,3,255,2,0,0,0,product_mng,medium
8159,0.89,0.91,4,190,2,0,0,0,product_mng,medium
8160,0.96,0.9,4,164,4,0,0,0,IT,low
8161,0.5,0.46,3,165,3,0,0,0,RandD,low
8162,0.59,0.59,3,141,3,0,0,0,RandD,low
8163,0.57,0.69,3,154,2,0,0,0,RandD,low
8164,1.0,0.87,3,165,2,0,0,0,RandD,low
8165,0.6,0.59,5,266,2,0,0,0,RandD,low
8166,0.21,0.85,6,235,6,0,0,0,RandD,low
8167,0.63,0.83,4,159,2,0,0,0,marketing,low
8168,0.8,0.82,3,218,3,0,0,0,sales,low
8169,0.51,0.96,3,149,4,0,0,0,accounting,low
8170,0.89,0.96,5,239,3,0,0,0,support,low
8171,0.83,0.58,4,225,3,0,0,0,technical,low
8172,0.77,0.74,6,247,3,0,0,0,management,low
8173,0.79,0.99,4,183,2,0,0,0,marketing,low
8174,0.63,0.85,5,214,2,0,0,0,marketing,low
8175,0.68,0.48,5,113,2,0,0,0,marketing,low
8176,0.74,0.69,4,244,2,0,0,0,sales,low
8177,0.49,0.67,6,286,4,0,0,0,sales,low
8178,0.46,0.55,3,139,2,0,0,0,sales,medium
8179,0.9,0.91,5,176,3,0,0,0,sales,medium
8180,0.7,0.67,5,136,3,0,0,0,sales,medium
8181,0.84,0.71,4,222,2,0,0,0,sales,medium
8182,0.89,0.77,4,269,4,0,0,0,sales,medium
8183,0.59,0.87,4,183,2,0,0,0,sales,medium
8184,0.57,0.72,3,206,3,0,0,0,sales,medium
8185,0.53,0.49,3,158,3,0,0,0,sales,medium
8186,0.83,0.89,4,136,3,0,0,0,sales,medium
8187,0.51,0.66,4,182,2,0,0,0,sales,medium
8188,0.78,0.61,4,268,3,0,0,0,sales,medium
8189,0.52,0.69,3,144,3,0,0,0,sales,medium
8190,0.42,0.5,5,286,4,0,0,0,sales,high
8191,0.61,0.38,2,268,3,0,0,0,sales,low
8192,0.85,1.0,3,255,3,0,0,0,sales,medium
8193,0.17,0.85,6,245,5,0,0,0,sales,medium
8194,0.79,0.52,3,134,2,1,0,0,sales,medium
8195,0.56,0.98,3,251,3,1,0,0,accounting,medium
8196,0.5,0.73,5,165,2,0,0,0,accounting,low
8197,0.51,0.53,3,223,2,1,0,0,accounting,low
8198,0.77,0.67,4,225,4,0,0,0,hr,low
8199,0.84,0.9,3,196,3,1,0,0,hr,low
8200,0.21,0.49,3,253,3,0,0,0,hr,low
8201,0.65,0.57,5,222,3,0,0,0,hr,low
8202,0.95,0.87,4,135,3,0,0,0,technical,low
8203,0.8,0.75,4,217,2,0,0,0,technical,low
8204,0.77,0.85,5,192,2,0,0,0,technical,low
8205,0.57,0.7,3,172,3,0,0,0,technical,low
8206,0.92,0.55,4,183,3,0,0,0,technical,low
8207,1.0,0.71,5,186,2,0,0,0,technical,low
8208,0.85,0.67,4,163,3,0,0,0,technical,low
8209,0.57,0.8,4,262,3,0,0,0,technical,low
8210,0.66,0.68,3,202,3,0,0,0,technical,low
8211,0.85,0.8,4,248,3,0,0,0,technical,low
8212,0.99,0.5,5,214,2,0,0,0,technical,low
8213,0.91,0.82,4,260,4,0,0,0,support,low
8214,0.96,0.97,4,260,3,0,0,0,support,low
8215,0.49,0.52,4,251,2,0,0,0,support,low
8216,0.39,0.85,5,179,5,0,0,0,support,low
8217,0.87,0.74,4,178,2,1,0,0,support,medium
8218,0.19,0.85,6,210,4,0,0,0,support,medium
8219,0.9,0.83,3,273,4,0,0,0,support,medium
8220,0.5,0.5,5,166,2,0,0,0,support,medium
8221,0.7,0.9,5,246,2,0,0,0,support,medium
8222,0.52,0.55,5,192,3,0,0,0,support,medium
8223,0.71,0.69,3,274,3,0,0,0,support,medium
8224,0.4,0.41,3,232,3,0,0,0,technical,medium
8225,0.96,0.53,3,158,4,0,0,0,technical,medium
8226,0.86,0.92,5,137,3,0,0,0,technical,medium
8227,0.68,0.85,3,209,2,0,0,0,management,medium
8228,0.56,0.64,3,206,2,0,0,0,IT,medium
8229,0.65,0.56,3,230,2,0,0,0,IT,high
8230,0.98,0.61,5,239,3,0,0,0,IT,low
8231,0.18,0.51,5,159,6,0,0,0,IT,medium
8232,0.66,0.65,4,244,2,0,0,0,IT,medium
8233,0.14,0.51,5,259,5,0,0,0,product_mng,medium
8234,0.94,0.8,5,245,3,1,0,0,product_mng,medium
8235,0.56,1.0,3,141,2,1,0,0,product_mng,low
8236,0.56,0.8,5,202,4,0,0,0,product_mng,low
8237,0.59,0.89,5,143,3,1,0,0,IT,low
8238,0.63,0.62,4,286,5,1,0,0,RandD,low
8239,0.97,0.88,5,173,3,0,0,0,RandD,low
8240,0.76,0.7,5,195,3,0,0,0,RandD,low
8241,0.85,0.58,4,167,4,0,0,0,RandD,low
8242,0.23,0.73,5,197,4,1,0,0,RandD,low
8243,0.68,0.62,3,255,5,0,0,0,RandD,low
8244,0.71,0.73,3,274,3,0,0,0,marketing,low
8245,0.5,0.59,3,192,2,0,0,0,sales,low
8246,0.61,0.7,3,225,3,0,0,0,accounting,low
8247,0.99,0.65,3,209,2,1,0,0,support,low
8248,0.97,0.86,5,222,3,0,0,0,technical,low
8249,0.82,0.71,5,208,2,0,0,0,management,low
8250,0.72,0.68,5,162,5,0,0,0,marketing,low
8251,0.53,0.74,3,135,2,0,0,0,marketing,low
8252,0.55,0.87,4,200,3,0,0,0,marketing,low
8253,0.52,0.53,4,159,4,0,0,0,sales,low
8254,0.8,0.81,5,156,2,0,0,0,sales,low
8255,0.51,0.95,4,169,3,1,0,0,sales,low
8256,0.66,0.65,4,154,3,0,0,0,sales,medium
8257,0.56,0.43,2,169,3,0,0,0,sales,medium
8258,0.5,0.84,3,233,3,1,0,0,sales,medium
8259,0.94,0.78,3,218,2,1,0,0,sales,medium
8260,0.42,0.8,4,279,6,0,0,0,sales,medium
8261,0.6,0.61,3,195,3,0,0,0,sales,medium
8262,0.55,0.71,4,223,3,0,0,0,sales,medium
8263,0.76,0.72,3,275,4,1,0,0,sales,medium
8264,0.84,0.74,3,234,3,1,0,0,sales,medium
8265,0.33,0.62,4,113,6,0,0,0,sales,medium
8266,0.61,0.95,3,133,5,0,0,0,sales,medium
8267,0.91,0.93,5,158,4,0,0,0,sales,medium
8268,0.73,0.74,4,214,3,0,0,0,sales,high
8269,0.87,0.67,4,272,4,0,0,0,sales,low
8270,0.38,0.42,2,127,4,0,0,0,sales,medium
8271,0.8,0.51,4,141,3,1,0,0,sales,medium
8272,0.69,0.8,5,263,3,1,0,0,accounting,medium
8273,0.99,0.92,5,174,5,0,0,0,accounting,medium
8274,0.92,0.76,5,246,2,1,0,0,accounting,low
8275,0.6,0.88,3,201,2,0,0,0,hr,low
8276,0.89,0.93,3,181,3,0,0,0,hr,low
8277,0.91,0.93,3,238,2,0,0,0,hr,low
8278,0.35,0.52,3,167,2,0,0,0,hr,low
8279,0.88,0.68,5,224,2,0,0,0,technical,low
8280,0.66,0.69,3,182,3,1,0,0,technical,low
8281,0.21,0.55,4,189,2,0,0,0,technical,low
8282,0.78,0.64,3,169,2,1,0,0,technical,medium
8283,0.21,0.96,4,287,5,0,0,0,technical,medium
8284,0.64,0.94,3,150,2,0,0,0,technical,medium
8285,0.68,0.95,4,146,2,0,0,0,technical,medium
8286,0.99,0.87,4,162,4,0,0,0,technical,medium
8287,0.85,0.55,4,158,5,0,0,0,technical,medium
8288,0.86,0.51,3,185,2,0,0,0,technical,medium
8289,0.89,0.98,3,214,3,0,0,0,technical,medium
8290,0.49,0.85,4,200,3,0,0,0,support,medium
8291,0.76,0.97,4,219,2,0,0,0,support,medium
8292,0.79,0.87,3,218,3,0,0,0,support,medium
8293,0.89,0.64,4,237,2,0,0,0,support,medium
8294,0.34,0.51,3,105,3,0,0,0,support,medium
8295,0.81,0.92,3,251,3,1,0,0,support,medium
8296,0.96,0.7,3,227,2,0,0,0,support,medium
8297,0.7,0.87,3,158,2,0,0,0,support,medium
8298,0.92,0.61,4,252,2,0,0,0,support,medium
8299,0.5,0.76,4,198,3,0,0,0,support,medium
8300,0.75,0.72,2,192,3,0,0,0,support,medium
8301,0.42,0.38,2,139,4,0,0,0,technical,medium
8302,0.29,0.4,6,205,3,0,0,0,technical,medium
8303,0.91,0.48,3,224,3,0,0,0,technical,medium
8304,0.55,0.97,4,267,4,0,0,0,management,medium
8305,0.57,0.81,4,200,3,1,0,0,IT,medium
8306,0.27,0.48,3,97,6,0,0,0,IT,medium
8307,0.7,0.43,6,253,3,0,0,0,IT,high
8308,0.63,0.68,4,191,2,0,0,0,IT,high
8309,0.97,0.63,5,199,2,1,0,0,IT,high
8310,0.28,0.52,3,127,4,0,0,0,product_mng,high
8311,0.7,0.6,3,187,2,0,0,0,product_mng,high
8312,0.83,0.51,4,215,3,0,0,0,product_mng,high
8313,0.22,0.76,4,176,6,1,0,0,product_mng,high
8314,0.55,0.47,3,194,2,0,0,0,IT,high
8315,0.33,0.77,3,216,3,0,0,0,RandD,high
8316,0.5,0.78,4,185,3,0,0,0,RandD,high
8317,0.93,0.88,5,140,3,0,0,0,RandD,high
8318,0.77,0.66,3,260,4,0,0,0,RandD,high
8319,0.93,0.97,5,137,4,0,0,0,RandD,low
8320,0.72,1.0,4,151,2,0,0,0,RandD,low
8321,0.78,0.53,3,152,2,0,0,0,marketing,low
8322,0.55,0.75,4,166,2,0,0,0,sales,low
8323,0.39,0.86,3,261,2,0,0,0,accounting,low
8324,0.67,0.78,3,235,3,0,0,0,support,low
8325,0.61,0.89,3,201,2,0,0,0,technical,low
8326,0.6,0.69,6,250,5,1,0,0,management,low
8327,0.48,0.64,4,146,2,0,0,0,marketing,low
8328,0.75,0.84,4,195,3,0,0,0,marketing,low
8329,0.87,0.58,4,259,3,0,0,0,marketing,low
8330,0.51,0.54,4,166,4,1,0,0,sales,low
8331,0.63,0.9,4,188,4,1,0,0,sales,low
8332,0.6,0.57,3,203,2,0,0,0,sales,low
8333,0.7,0.99,3,167,3,0,0,0,sales,low
8334,0.5,0.99,2,258,3,1,0,0,sales,medium
8335,0.59,0.51,2,126,3,0,0,0,sales,medium
8336,0.52,0.39,6,246,4,0,0,0,sales,medium
8337,0.55,0.49,3,205,3,0,0,0,sales,medium
8338,0.81,0.62,5,201,3,1,0,0,sales,medium
8339,0.94,0.98,4,197,3,0,0,0,sales,medium
8340,0.98,0.61,3,272,3,0,0,0,sales,medium
8341,0.83,0.84,4,206,2,0,0,0,sales,medium
8342,0.93,0.62,3,184,3,0,0,0,sales,medium
8343,0.99,0.54,3,199,2,0,0,0,sales,medium
8344,0.55,0.57,4,220,3,0,0,0,sales,medium
8345,0.96,0.83,3,233,3,0,0,0,sales,medium
8346,0.28,0.77,3,221,3,0,0,0,sales,high
8347,0.97,0.6,6,168,5,1,0,0,sales,high
8348,0.8,0.78,3,251,3,0,0,0,sales,high
8349,0.75,0.55,2,188,3,0,0,0,accounting,high
8350,0.89,0.88,3,203,3,0,0,0,accounting,high
8351,0.6,0.76,5,168,2,1,0,0,accounting,high
8352,0.73,0.98,3,227,2,1,0,0,hr,high
8353,0.88,0.75,4,159,2,0,0,0,hr,high
8354,0.5,0.7,3,159,3,0,0,0,hr,low
8355,0.53,0.78,5,275,5,0,0,0,hr,low
8356,0.95,0.43,6,283,2,0,0,0,technical,low
8357,0.94,0.53,5,169,3,0,0,0,technical,low
8358,0.49,0.8,3,227,4,1,0,0,technical,low
8359,0.59,0.57,3,147,4,0,0,0,technical,low
8360,0.51,0.91,3,227,2,0,0,0,technical,low
8361,0.66,0.66,4,166,3,0,0,0,technical,low
8362,0.76,0.94,4,168,6,0,0,0,technical,medium
8363,0.12,0.59,3,229,6,0,0,0,technical,medium
8364,0.84,0.65,3,134,3,0,0,0,technical,medium
8365,0.94,0.81,3,196,3,0,0,0,technical,medium
8366,0.63,0.84,4,181,3,0,0,0,technical,medium
8367,0.79,0.99,4,177,3,1,0,0,support,medium
8368,0.85,0.68,3,272,2,1,0,0,support,medium
8369,0.74,0.52,3,213,3,0,0,0,support,medium
8370,0.23,0.75,6,220,3,0,0,0,support,medium
8371,0.62,0.51,4,274,2,0,0,0,support,medium
8372,0.36,0.56,6,242,6,0,0,0,support,medium
8373,0.7,0.83,4,182,3,0,0,0,support,medium
8374,0.57,0.75,5,172,4,0,0,0,support,medium
8375,0.83,0.99,3,226,3,0,0,0,support,medium
8376,0.71,0.96,3,132,2,0,0,0,support,medium
8377,0.23,0.72,6,121,3,0,0,0,support,medium
8378,0.59,0.69,4,207,2,0,0,0,technical,medium
8379,0.69,0.61,2,141,3,0,0,0,technical,medium
8380,0.63,0.81,5,189,3,0,0,0,technical,medium
8381,0.9,0.59,6,269,4,1,0,0,management,medium
8382,0.31,0.57,4,200,4,0,0,0,IT,medium
8383,0.92,0.62,3,199,2,0,0,0,IT,medium
8384,0.96,0.87,4,213,3,0,0,0,IT,medium
8385,0.66,0.51,6,105,4,0,0,0,IT,high
8386,0.48,0.97,4,141,2,0,0,0,IT,low
8387,0.15,0.55,3,255,3,1,0,0,product_mng,medium
8388,0.59,0.79,3,217,4,0,0,0,product_mng,medium
8389,0.66,0.85,6,165,5,0,0,0,product_mng,medium
8390,0.69,0.92,5,220,2,0,0,0,product_mng,medium
8391,0.65,0.79,4,241,4,0,0,0,IT,medium
8392,0.58,0.94,5,274,3,0,0,0,RandD,medium
8393,0.72,0.57,4,224,4,0,0,0,RandD,medium
8394,0.65,0.99,5,240,5,0,0,0,RandD,medium
8395,0.63,0.77,5,210,3,0,0,0,RandD,medium
8396,0.55,0.87,3,215,2,0,0,0,RandD,medium
8397,0.74,0.56,4,254,2,0,0,0,marketing,low
8398,0.58,0.84,4,150,4,1,0,0,sales,low
8399,0.71,0.72,4,177,3,0,0,0,accounting,low
8400,0.83,0.37,5,101,4,1,0,0,support,low
8401,0.63,0.52,3,183,2,0,0,0,technical,low
8402,0.56,0.61,3,224,3,0,0,0,management,low
8403,0.88,0.55,3,263,3,0,0,0,marketing,low
8404,0.82,0.55,3,207,2,0,0,0,marketing,high
8405,0.69,0.72,3,243,3,0,0,0,marketing,low
8406,0.57,0.54,3,157,4,1,0,0,sales,high
8407,0.75,0.69,3,242,3,0,0,0,sales,high
8408,0.6,0.98,4,265,2,0,0,0,sales,low
8409,0.96,0.92,3,196,4,0,0,0,sales,low
8410,0.75,0.67,4,135,2,0,0,0,sales,high
8411,1.0,0.61,6,270,3,0,0,0,sales,low
8412,0.92,0.97,4,201,2,0,0,0,sales,medium
8413,0.84,0.93,5,225,4,0,0,0,sales,high
8414,0.82,0.77,4,205,3,0,0,0,sales,medium
8415,0.74,0.42,3,131,3,0,0,0,sales,medium
8416,0.21,0.39,2,118,4,0,0,0,sales,medium
8417,0.62,0.64,5,187,3,0,0,0,sales,medium
8418,0.54,0.48,3,275,2,0,0,0,sales,high
8419,0.55,0.97,5,125,4,0,0,0,sales,medium
8420,0.84,0.55,4,270,3,1,0,0,sales,medium
8421,0.61,0.56,2,123,2,0,0,0,sales,medium
8422,0.64,0.53,3,281,3,0,0,0,sales,high
8423,0.92,0.51,3,223,2,0,0,0,sales,medium
8424,0.86,0.87,3,268,2,0,0,0,sales,high
8425,0.6,0.74,4,174,3,0,0,0,accounting,low
8426,0.86,0.92,3,162,3,1,0,0,accounting,medium
8427,0.55,0.51,3,192,3,0,0,0,accounting,medium
8428,0.54,0.58,4,178,3,0,0,0,hr,medium
8429,0.49,0.9,3,250,2,0,0,0,hr,medium
8430,0.98,0.72,3,262,4,0,0,0,hr,low
8431,0.55,0.55,5,194,3,1,0,0,hr,low
8432,0.64,0.5,3,146,3,0,0,0,technical,low
8433,0.54,0.53,4,245,2,0,0,0,technical,low
8434,0.58,0.45,3,131,2,0,0,0,technical,low
8435,0.57,0.37,3,108,4,0,0,0,technical,low
8436,0.65,0.64,5,206,3,0,0,0,technical,low
8437,0.6,0.4,3,146,4,1,0,0,technical,low
8438,0.59,0.45,2,171,2,0,0,0,technical,low
8439,0.77,0.5,4,173,2,1,0,0,technical,low
8440,0.55,0.49,5,240,3,0,0,0,technical,high
8441,0.5,0.6,4,199,2,0,0,0,technical,low
8442,0.43,0.77,3,237,3,1,0,0,technical,low
8443,0.58,0.84,3,258,4,0,0,0,support,low
8444,0.66,0.68,4,269,3,1,0,0,support,low
8445,0.7,0.8,5,245,4,0,0,0,support,high
8446,0.82,0.54,4,164,3,0,0,0,support,low
8447,0.49,0.49,4,256,3,1,0,0,support,low
8448,0.99,0.79,4,213,3,0,0,0,support,low
8449,0.96,0.73,3,193,3,1,0,0,support,high
8450,0.7,0.57,3,179,2,0,0,0,support,low
8451,0.22,0.89,6,278,5,1,0,0,support,medium
8452,0.91,0.52,3,256,2,0,0,0,support,high
8453,0.18,0.76,5,173,4,0,0,0,support,medium
8454,0.84,0.68,4,179,3,0,0,0,technical,high
8455,0.66,0.38,4,145,5,0,0,0,technical,medium
8456,0.49,0.65,3,168,4,0,0,0,technical,medium
8457,0.88,0.89,4,213,3,0,0,0,management,medium
8458,0.69,0.91,6,150,5,0,0,0,IT,medium
8459,0.83,0.75,3,262,3,0,0,0,IT,medium
8460,0.56,0.84,4,149,4,1,0,0,IT,medium
8461,0.95,0.77,5,139,2,0,0,0,IT,medium
8462,0.56,1.0,3,272,2,0,0,0,IT,medium
8463,0.93,0.73,3,252,4,0,0,0,product_mng,high
8464,0.84,0.52,3,232,4,0,0,0,product_mng,low
8465,0.84,0.48,3,266,2,0,0,0,product_mng,medium
8466,0.52,0.65,4,264,3,0,0,0,product_mng,medium
8467,0.98,0.8,4,142,2,0,0,0,IT,medium
8468,0.66,0.64,5,208,4,0,0,0,RandD,medium
8469,0.92,0.49,5,178,2,1,0,0,RandD,medium
8470,0.71,0.8,5,192,3,0,0,0,RandD,medium
8471,0.65,0.92,4,242,2,0,0,0,RandD,medium
8472,0.23,0.47,4,277,5,0,0,0,RandD,medium
8473,0.71,0.97,3,173,2,1,0,0,marketing,medium
8474,0.21,0.65,4,276,6,0,0,0,marketing,high
8475,0.7,0.72,2,189,3,0,0,0,sales,low
8476,0.9,0.5,4,139,2,0,0,0,accounting,low
8477,0.6,0.52,5,140,3,0,0,0,support,low
8478,0.58,0.63,5,191,3,1,0,0,technical,high
8479,0.73,0.72,5,178,2,0,0,0,management,low
8480,0.56,0.67,4,184,3,0,0,0,marketing,low
8481,0.97,0.57,3,144,3,0,0,0,marketing,low
8482,0.92,0.91,3,160,2,0,0,0,marketing,high
8483,0.77,0.68,3,225,2,0,0,0,sales,low
8484,0.97,0.81,5,266,2,0,0,0,sales,low
8485,0.7,0.69,5,154,2,0,0,0,sales,low
8486,0.78,0.82,4,142,2,1,0,0,sales,low
8487,0.77,0.87,3,207,4,1,0,0,sales,low
8488,0.66,0.53,4,162,3,0,0,0,sales,low
8489,0.25,0.98,6,287,5,1,0,0,sales,low
8490,0.89,0.87,2,270,6,1,0,0,sales,medium
8491,0.15,0.66,5,160,4,1,0,0,sales,medium
8492,0.26,0.91,6,113,2,0,0,0,sales,medium
8493,0.74,0.58,4,178,4,0,0,0,sales,medium
8494,0.52,0.83,3,153,2,0,0,0,sales,medium
8495,0.95,0.62,4,255,2,0,0,0,sales,medium
8496,0.66,0.82,4,257,3,1,0,0,sales,medium
8497,0.79,0.66,4,243,3,0,0,0,sales,medium
8498,0.98,0.94,3,179,3,0,0,0,sales,medium
8499,0.4,0.37,3,123,2,0,0,0,sales,medium
8500,1.0,0.68,3,132,2,0,0,0,sales,medium
8501,0.71,0.79,3,134,3,0,0,0,sales,medium
8502,0.48,0.45,3,277,2,1,0,0,accounting,high
8503,0.76,1.0,5,265,2,0,0,0,accounting,low
8504,0.61,0.62,4,269,4,0,0,0,accounting,medium
8505,0.74,0.9,4,156,4,0,0,0,hr,medium
8506,0.24,0.94,6,237,5,0,0,0,hr,medium
8507,0.79,0.97,3,271,2,0,0,0,hr,medium
8508,0.75,0.98,3,206,2,0,0,0,hr,low
8509,0.6,0.98,4,192,3,0,0,0,technical,low
8510,0.72,0.95,4,230,3,0,0,0,technical,low
8511,1.0,0.6,4,261,3,0,0,0,technical,low
8512,0.55,0.88,3,173,3,1,0,0,technical,low
8513,0.3,0.98,2,109,4,1,0,0,technical,low
8514,0.89,0.59,3,247,4,0,0,0,technical,low
8515,0.84,0.84,5,163,3,0,0,0,technical,low
8516,0.67,0.64,4,149,4,0,0,0,technical,low
8517,0.15,0.48,6,218,6,0,0,0,technical,low
8518,0.59,0.75,4,194,2,0,0,0,technical,low
8519,0.5,0.59,4,157,2,0,0,0,technical,low
8520,0.23,0.68,5,244,3,0,0,0,support,low
8521,0.95,0.58,5,169,2,0,0,0,support,low
8522,0.31,0.53,2,146,3,1,0,0,support,low
8523,0.47,0.55,5,207,3,0,0,0,support,low
8524,0.26,0.95,3,195,5,0,0,0,support,low
8525,0.55,0.64,6,148,4,0,0,0,support,low
8526,0.89,0.58,3,272,2,0,0,0,support,low
8527,0.88,0.68,3,185,2,0,0,0,support,low
8528,0.98,0.62,5,260,2,1,0,0,support,low
8529,0.96,0.48,3,182,2,1,0,0,support,medium
8530,0.85,0.65,3,195,3,0,0,0,support,medium
8531,0.96,0.85,3,168,3,0,0,0,technical,medium
8532,0.85,0.88,3,198,4,1,0,0,technical,medium
8533,0.59,0.93,5,172,2,0,0,0,technical,medium
8534,0.51,0.5,4,216,2,1,0,0,management,medium
8535,0.5,0.75,3,232,2,0,0,0,IT,medium
8536,0.53,0.59,3,148,3,0,0,0,IT,medium
8537,0.44,0.83,4,210,2,0,0,0,IT,medium
8538,0.99,0.55,3,197,2,0,0,0,IT,medium
8539,0.73,0.83,4,241,3,0,0,0,IT,medium
8540,0.51,0.71,5,154,2,0,0,0,product_mng,medium
8541,0.5,0.84,3,259,2,0,0,0,product_mng,high
8542,0.52,0.76,4,106,2,1,0,0,product_mng,low
8543,0.74,0.74,5,262,2,0,0,0,product_mng,medium
8544,0.69,0.89,2,202,2,0,0,0,IT,medium
8545,0.22,0.65,5,174,5,1,0,0,RandD,medium
8546,0.49,0.89,4,240,2,0,0,0,RandD,medium
8547,0.7,0.57,5,247,3,0,0,0,RandD,low
8548,0.68,0.63,4,148,3,0,0,0,RandD,low
8549,0.66,0.84,5,187,2,1,0,0,RandD,low
8550,0.99,0.58,4,183,3,0,0,0,marketing,low
8551,0.88,0.59,4,240,2,0,0,0,sales,low
8552,0.2,0.54,4,149,3,0,0,0,accounting,low
8553,0.56,0.44,2,130,3,0,0,0,support,low
8554,0.68,0.85,4,203,2,0,0,0,technical,low
8555,0.85,0.6,3,218,3,0,0,0,management,low
8556,0.95,0.95,4,204,3,1,0,0,marketing,low
8557,0.6,0.77,4,163,3,1,0,0,marketing,low
8558,0.61,0.53,4,183,3,0,0,0,marketing,low
8559,0.55,0.55,4,211,4,0,0,0,sales,low
8560,0.64,0.78,5,156,5,1,0,0,sales,low
8561,0.64,0.6,3,196,3,0,0,0,sales,low
8562,0.87,0.54,4,162,2,0,0,0,sales,low
8563,0.2,0.9,3,218,4,0,0,0,sales,low
8564,0.99,0.64,4,135,2,1,0,0,sales,low
8565,0.96,0.7,2,273,3,0,0,0,sales,low
8566,0.53,0.65,3,241,3,0,0,0,sales,low
8567,0.7,0.39,6,285,4,0,0,0,sales,low
8568,0.68,0.61,6,236,3,0,0,0,sales,medium
8569,0.96,0.48,4,222,3,0,0,0,sales,medium
8570,0.64,0.64,4,242,3,0,0,0,sales,medium
8571,0.86,0.65,5,166,3,0,0,0,sales,medium
8572,0.87,0.84,3,172,3,0,0,0,sales,medium
8573,0.53,0.56,4,249,2,0,0,0,sales,medium
8574,0.72,0.98,4,180,2,0,0,0,sales,medium
8575,0.83,0.59,4,197,4,0,0,0,sales,medium
8576,0.97,0.54,5,185,2,0,0,0,sales,medium
8577,0.92,0.76,3,171,2,0,0,0,sales,medium
8578,0.82,0.95,6,191,6,0,0,0,accounting,medium
8579,0.59,0.56,4,250,2,0,0,0,accounting,medium
8580,0.84,0.95,5,199,3,0,0,0,accounting,high
8581,0.71,0.84,3,139,2,0,0,0,hr,low
8582,0.49,0.98,3,224,3,0,0,0,hr,medium
8583,0.78,0.61,3,227,3,0,0,0,hr,medium
8584,0.84,0.81,4,198,2,0,0,0,hr,medium
8585,0.85,0.96,5,165,5,0,0,0,technical,medium
8586,0.87,0.93,4,199,3,0,0,0,technical,low
8587,0.94,0.84,5,203,3,0,0,0,technical,low
8588,0.82,0.97,4,243,3,1,0,0,technical,low
8589,0.78,0.78,3,135,3,0,0,0,technical,low
8590,0.47,0.55,4,100,4,1,0,0,technical,low
8591,0.5,0.48,2,150,3,1,0,0,technical,low
8592,0.75,0.82,4,252,3,0,0,0,technical,low
8593,0.36,0.39,3,98,3,0,0,0,technical,low
8594,0.91,0.61,3,262,3,0,0,0,technical,low
8595,0.87,0.68,3,257,3,0,0,0,technical,low
8596,0.97,0.94,3,160,3,0,0,0,support,low
8597,0.71,0.65,3,190,3,0,0,0,support,low
8598,0.83,0.65,3,231,2,0,0,0,support,low
8599,0.42,0.51,3,190,4,0,0,0,support,low
8600,0.53,0.51,4,181,3,0,0,0,support,low
8601,0.56,0.88,4,273,3,0,0,0,support,low
8602,0.26,0.7,5,214,6,1,0,0,support,low
8603,0.53,0.49,4,192,2,0,0,0,support,low
8604,0.99,0.73,4,224,2,0,0,0,support,low
8605,0.48,0.43,3,96,3,0,0,0,support,low
8606,0.91,0.5,3,276,4,0,0,0,support,low
8607,0.76,0.79,3,162,2,1,0,0,technical,medium
8608,0.67,0.8,4,190,4,0,0,0,technical,medium
8609,0.58,0.6,4,147,3,0,0,0,technical,medium
8610,0.57,0.78,4,143,3,0,0,0,management,medium
8611,0.55,0.57,5,280,6,1,0,0,IT,medium
8612,0.79,0.49,3,137,2,0,0,0,IT,medium
8613,0.48,0.98,3,259,6,0,0,0,IT,medium
8614,0.68,0.69,4,176,3,1,0,0,IT,medium
8615,0.19,0.64,5,231,4,1,0,0,IT,medium
8616,0.99,0.48,3,104,3,0,0,0,product_mng,medium
8617,0.3,0.76,5,224,2,0,0,0,product_mng,medium
8618,0.81,0.85,4,202,3,1,0,0,product_mng,medium
8619,0.58,0.74,4,180,3,0,0,0,product_mng,high
8620,0.74,0.61,3,228,2,1,0,0,IT,low
8621,0.59,0.74,5,165,2,0,0,0,RandD,medium
8622,0.46,0.63,2,177,6,0,0,0,RandD,medium
8623,0.58,0.43,3,194,2,1,0,0,RandD,medium
8624,0.77,0.95,3,192,4,1,0,0,RandD,medium
8625,0.79,0.77,4,171,2,0,0,0,RandD,low
8626,0.51,0.95,3,187,2,0,0,0,marketing,low
8627,0.7,0.58,3,205,3,0,0,0,sales,low
8628,0.84,0.73,5,230,4,1,0,0,accounting,low
8629,0.19,0.9,5,172,2,0,0,0,support,low
8630,0.9,0.52,4,167,3,1,0,0,technical,low
8631,0.19,0.91,5,145,3,0,0,0,management,low
8632,0.96,0.53,3,166,3,0,0,0,marketing,low
8633,0.87,1.0,3,148,3,0,0,0,marketing,low
8634,0.5,0.89,5,223,3,0,0,0,marketing,low
8635,0.88,0.58,2,123,4,0,0,0,sales,low
8636,0.55,0.99,3,158,3,0,0,0,sales,low
8637,0.89,0.86,3,223,2,0,0,0,sales,low
8638,0.58,0.69,3,252,3,0,0,0,sales,low
8639,0.58,0.96,5,143,2,0,0,0,sales,low
8640,0.34,0.88,5,131,6,0,0,0,sales,low
8641,0.54,0.65,5,206,4,1,0,0,sales,low
8642,0.59,0.54,4,210,3,0,0,0,sales,low
8643,0.88,0.96,4,262,3,0,0,0,sales,medium
8644,0.72,0.69,4,147,3,0,0,0,sales,medium
8645,0.79,0.75,4,259,3,0,0,0,sales,medium
8646,0.51,0.73,4,174,3,0,0,0,sales,medium
8647,0.84,0.84,3,150,4,0,0,0,sales,medium
8648,0.95,0.67,4,219,2,0,0,0,sales,medium
8649,0.58,0.88,5,178,4,0,0,0,sales,medium
8650,0.69,0.98,3,269,3,1,0,0,sales,medium
8651,0.17,0.64,6,205,5,1,0,0,sales,medium
8652,0.81,0.72,3,232,3,1,0,0,sales,medium
8653,0.41,0.5,3,193,3,0,0,0,sales,medium
8654,0.12,0.42,3,110,2,0,0,0,accounting,medium
8655,0.71,0.6,4,208,3,0,0,0,accounting,high
8656,0.32,0.69,5,157,4,0,0,0,accounting,low
8657,0.83,0.98,5,187,4,0,0,0,hr,medium
8658,0.74,0.92,4,226,3,0,0,0,hr,medium
8659,0.67,0.85,4,266,3,0,0,0,hr,medium
8660,0.85,0.56,3,159,3,0,0,0,hr,medium
8661,0.49,0.75,4,259,3,1,0,0,technical,low
8662,0.7,0.74,4,150,3,1,0,0,technical,low
8663,0.44,0.58,4,152,3,0,0,0,technical,low
8664,0.5,0.87,5,245,2,0,0,0,technical,low
8665,0.63,0.74,5,227,2,0,0,0,technical,low
8666,0.87,0.77,4,261,3,0,0,0,technical,low
8667,0.82,0.53,4,162,3,1,0,0,technical,low
8668,0.97,0.89,4,193,3,0,0,0,technical,low
8669,0.9,0.81,4,144,2,0,0,0,technical,low
8670,0.41,0.5,6,151,2,0,0,0,technical,low
8671,0.58,0.94,4,225,2,0,0,0,technical,low
8672,0.77,0.5,5,170,2,0,0,0,support,low
8673,0.89,0.75,4,246,3,1,0,0,support,low
8674,0.64,0.72,4,254,3,0,0,0,support,low
8675,0.31,0.79,2,193,4,0,0,0,support,low
8676,0.6,0.88,4,175,3,0,0,0,support,low
8677,0.2,1.0,3,123,4,0,0,0,support,low
8678,0.13,0.6,3,178,5,0,0,0,support,low
8679,0.95,0.9,3,259,2,0,0,0,support,low
8680,0.15,0.96,5,201,6,0,0,0,support,low
8681,0.22,0.98,4,185,3,0,0,0,support,low
8682,0.33,0.51,2,166,3,0,0,0,support,medium
8683,0.23,0.96,4,213,4,0,0,0,technical,medium
8684,0.85,0.79,4,138,2,0,0,0,technical,medium
8685,0.79,0.57,3,168,2,0,0,0,technical,medium
8686,0.6,0.6,4,197,3,0,0,0,management,medium
8687,0.89,0.74,5,220,3,0,0,0,IT,medium
8688,0.65,0.92,3,101,3,1,0,0,IT,medium
8689,0.61,0.7,4,175,3,1,0,0,IT,medium
8690,0.4,0.79,5,181,5,0,0,0,IT,medium
8691,0.49,0.57,3,157,3,0,0,0,IT,medium
8692,0.95,0.75,3,247,2,0,0,0,product_mng,medium
8693,0.85,1.0,5,244,2,0,0,0,product_mng,medium
8694,0.24,0.39,4,152,5,0,0,0,product_mng,high
8695,0.85,0.99,5,176,4,0,0,0,product_mng,low
8696,0.99,0.98,5,241,2,0,0,0,IT,medium
8697,0.49,0.49,4,240,2,0,0,0,RandD,medium
8698,0.56,0.73,3,226,3,0,0,0,RandD,medium
8699,0.65,0.66,6,240,4,0,0,0,RandD,medium
8700,0.62,0.68,3,253,5,1,0,0,RandD,low
8701,0.78,0.68,4,174,3,1,0,0,RandD,low
8702,0.54,0.7,3,213,2,0,0,0,marketing,low
8703,0.61,0.77,4,195,2,0,0,0,sales,low
8704,0.49,0.99,6,230,4,0,0,0,accounting,low
8705,0.29,0.85,2,248,6,1,0,0,support,low
8706,0.64,0.79,4,274,2,1,0,0,technical,low
8707,0.93,0.94,4,217,2,0,0,0,management,low
8708,0.16,0.66,6,229,6,0,0,0,marketing,low
8709,0.68,0.85,5,173,3,0,0,0,marketing,low
8710,0.71,0.8,2,146,4,0,0,0,marketing,low
8711,0.62,0.82,5,151,5,0,0,0,sales,low
8712,0.74,0.75,2,137,3,1,0,0,sales,low
8713,0.81,0.5,3,198,3,0,0,0,sales,low
8714,0.2,0.82,4,190,5,0,0,0,sales,low
8715,0.51,0.91,4,206,3,0,0,0,sales,low
8716,0.55,0.99,4,238,3,0,0,0,sales,low
8717,0.45,0.41,3,193,2,1,0,0,sales,low
8718,0.91,0.61,4,176,3,0,0,0,sales,low
8719,0.73,0.59,6,121,5,0,0,0,sales,low
8720,0.98,0.88,4,145,2,0,0,0,sales,low
8721,0.62,0.65,4,212,3,1,0,0,sales,medium
8722,0.57,0.62,3,198,4,0,0,0,sales,medium
8723,0.99,0.57,3,189,4,1,0,0,sales,medium
8724,0.82,0.68,2,200,3,0,0,0,sales,medium
8725,0.24,0.81,4,217,5,0,0,0,sales,medium
8726,0.84,0.73,5,245,3,0,0,0,sales,medium
8727,0.9,0.55,3,260,3,0,0,0,sales,medium
8728,0.13,0.73,5,206,5,0,0,0,sales,medium
8729,0.6,0.67,3,249,2,0,0,0,sales,medium
8730,0.72,0.87,4,154,2,1,0,0,accounting,medium
8731,0.68,0.61,4,147,3,0,0,0,accounting,medium
8732,0.51,0.72,3,148,2,0,0,0,accounting,medium
8733,0.74,0.58,3,220,2,0,0,0,hr,high
8734,0.86,0.73,3,241,3,0,0,0,hr,low
8735,0.85,0.51,3,242,3,0,0,0,hr,medium
8736,0.63,0.85,2,156,3,1,0,0,hr,medium
8737,0.74,0.87,3,155,3,0,0,0,technical,medium
8738,0.6,0.5,3,211,3,0,0,0,technical,medium
8739,0.69,0.82,4,137,2,1,0,0,technical,low
8740,0.56,0.96,2,269,2,0,0,0,technical,low
8741,0.5,0.67,2,142,3,0,0,0,technical,low
8742,0.84,0.5,5,267,2,0,0,0,technical,low
8743,0.93,0.48,5,134,6,0,0,0,technical,low
8744,0.12,0.5,5,287,4,0,0,0,technical,low
8745,0.52,0.58,4,134,3,0,0,0,technical,low
8746,0.6,0.54,3,185,2,0,0,0,technical,low
8747,0.71,1.0,3,181,4,0,0,0,technical,medium
8748,0.21,0.81,5,169,4,0,0,0,support,medium
8749,0.15,0.84,3,201,6,0,0,0,support,medium
8750,0.38,0.55,2,215,6,0,0,0,support,medium
8751,0.27,0.86,3,222,5,0,0,0,support,medium
8752,0.86,0.64,4,137,2,0,0,0,support,medium
8753,0.17,0.52,6,176,5,0,0,0,support,medium
8754,0.66,0.69,3,257,2,0,0,0,support,medium
8755,0.95,0.51,3,224,4,0,0,0,support,medium
8756,0.59,0.92,5,226,3,0,0,0,support,medium
8757,0.49,0.61,5,196,3,0,0,0,support,medium
8758,0.9,0.88,5,256,4,0,0,0,support,medium
8759,0.98,0.81,3,153,4,0,0,0,technical,medium
8760,0.52,1.0,4,221,3,0,0,0,technical,medium
8761,0.12,0.95,3,236,3,0,0,0,technical,medium
8762,0.91,0.67,5,137,3,0,0,0,management,medium
8763,0.99,0.62,4,256,2,0,0,0,IT,medium
8764,0.49,0.8,4,161,2,0,0,0,IT,medium
8765,0.92,0.51,4,167,3,1,0,0,IT,medium
8766,0.21,0.84,3,194,2,0,0,0,IT,medium
8767,0.89,0.9,3,231,3,0,0,0,IT,medium
8768,0.84,0.81,4,152,2,1,0,0,product_mng,medium
8769,0.72,0.68,3,150,3,1,0,0,product_mng,medium
8770,0.57,0.46,3,207,3,0,0,0,product_mng,medium
8771,0.9,0.69,4,172,3,0,0,0,product_mng,medium
8772,0.59,0.75,2,273,2,0,0,0,IT,high
8773,0.97,0.69,4,134,3,0,0,0,RandD,high
8774,0.56,0.85,3,109,2,0,0,0,RandD,high
8775,0.78,0.59,4,124,3,1,0,0,RandD,high
8776,0.64,0.72,4,253,4,0,0,0,RandD,high
8777,0.58,0.9,5,224,3,0,0,0,RandD,high
8778,0.68,0.58,3,217,2,0,0,0,marketing,high
8779,0.82,0.73,3,148,4,0,0,0,sales,high
8780,0.83,0.78,5,240,3,0,0,0,accounting,high
8781,0.49,0.49,2,226,3,0,0,0,support,high
8782,0.57,0.95,4,176,3,0,0,0,technical,high
8783,0.66,0.93,4,248,3,0,0,0,management,high
8784,0.78,0.6,2,206,2,0,0,0,marketing,low
8785,0.55,0.8,3,192,3,1,0,0,marketing,low
8786,0.98,0.62,3,140,4,0,0,0,marketing,low
8787,0.89,0.51,4,141,3,0,0,0,sales,low
8788,0.67,0.83,3,220,3,0,0,0,sales,low
8789,1.0,0.49,4,140,3,0,0,0,sales,low
8790,0.67,0.44,4,194,2,1,0,0,sales,low
8791,0.2,0.98,2,228,3,0,0,0,sales,low
8792,0.71,0.87,4,238,3,0,0,0,sales,low
8793,0.65,0.91,3,207,3,0,0,0,sales,low
8794,0.82,0.82,4,164,2,0,0,0,sales,low
8795,0.48,0.89,3,224,3,0,0,0,sales,low
8796,0.96,0.9,4,201,3,0,0,0,sales,low
8797,0.52,0.63,3,171,2,0,0,0,sales,low
8798,0.24,0.78,5,131,5,0,0,0,sales,low
8799,0.92,0.95,6,239,4,0,0,0,sales,medium
8800,0.66,0.89,3,202,3,1,0,0,sales,medium
8801,0.93,0.68,3,137,3,1,0,0,sales,medium
8802,0.77,0.59,4,153,3,0,0,0,sales,medium
8803,0.6,0.48,4,219,4,1,0,0,sales,medium
8804,0.78,0.49,3,194,3,1,0,0,sales,medium
8805,0.6,0.53,4,228,3,0,0,0,sales,medium
8806,0.31,1.0,4,177,5,0,0,0,accounting,medium
8807,0.49,0.68,3,181,3,0,0,0,accounting,medium
8808,0.33,0.95,4,280,3,0,0,0,accounting,medium
8809,0.76,0.91,3,133,2,0,0,0,hr,medium
8810,0.65,0.63,3,237,3,0,0,0,hr,medium
8811,0.88,0.75,5,152,3,0,0,0,hr,high
8812,0.52,0.92,5,280,6,1,0,0,hr,high
8813,0.48,0.5,6,253,4,0,0,0,technical,high
8814,0.2,0.59,5,105,4,0,0,0,technical,high
8815,0.93,0.84,3,159,3,0,0,0,technical,high
8816,0.55,0.92,4,257,2,0,0,0,technical,high
8817,0.73,0.64,3,202,4,0,0,0,technical,high
8818,0.57,0.56,3,241,3,0,0,0,technical,high
8819,0.63,0.8,3,267,3,0,0,0,technical,low
8820,0.23,0.88,4,175,6,0,0,0,technical,low
8821,0.93,0.53,3,257,2,1,0,0,technical,low
8822,0.78,0.86,4,240,3,0,0,0,technical,low
8823,0.75,0.73,5,181,3,1,0,0,technical,low
8824,0.61,0.82,3,271,3,0,0,0,support,low
8825,0.36,0.97,5,151,3,0,0,0,support,low
8826,0.59,0.67,2,168,3,0,0,0,support,low
8827,0.78,0.63,4,265,3,0,0,0,support,medium
8828,0.93,0.53,5,204,2,0,0,0,support,medium
8829,0.67,0.72,4,223,3,0,0,0,support,medium
8830,0.52,0.63,4,136,2,0,0,0,support,medium
8831,0.69,0.95,5,184,2,0,0,0,support,medium
8832,0.25,0.8,5,186,4,1,0,0,support,medium
8833,0.4,0.43,3,128,3,0,0,0,support,medium
8834,0.98,0.83,5,211,3,0,0,0,support,medium
8835,0.92,0.89,4,236,4,1,0,0,technical,medium
8836,0.57,0.98,3,214,2,0,0,0,technical,medium
8837,0.81,0.52,4,274,3,0,0,0,technical,medium
8838,0.56,0.67,5,165,3,1,0,0,management,medium
8839,0.86,0.71,5,235,4,0,0,0,IT,medium
8840,0.74,0.9,4,189,2,0,0,0,IT,medium
8841,0.57,0.61,3,112,5,0,0,0,IT,medium
8842,0.9,0.64,3,163,3,0,0,0,IT,medium
8843,0.8,0.57,3,162,2,0,0,0,IT,medium
8844,0.22,0.8,4,149,5,0,0,0,product_mng,medium
8845,0.73,0.84,4,238,2,0,0,0,product_mng,medium
8846,0.48,0.47,3,160,3,0,0,0,product_mng,medium
8847,0.52,0.94,3,263,3,0,0,0,product_mng,medium
8848,0.53,0.71,4,271,3,0,0,0,IT,medium
8849,0.97,0.48,4,221,3,0,0,0,RandD,medium
8850,0.97,0.54,3,255,2,1,0,0,RandD,high
8851,0.54,0.88,4,170,4,0,0,0,RandD,low
8852,0.99,0.7,4,190,4,1,0,0,RandD,medium
8853,0.79,0.76,4,216,4,0,0,0,RandD,medium
8854,0.71,0.54,3,249,3,0,0,0,marketing,medium
8855,0.82,0.76,3,174,3,0,0,0,sales,medium
8856,0.6,0.7,4,265,4,1,0,0,accounting,medium
8857,0.17,0.88,2,206,4,0,0,0,support,medium
8858,0.73,0.6,4,222,3,0,0,0,technical,medium
8859,0.69,0.54,5,152,3,1,0,0,management,medium
8860,0.86,0.61,4,221,2,0,0,0,marketing,medium
8861,0.67,0.55,5,239,2,0,0,0,marketing,medium
8862,0.25,0.96,6,217,4,0,0,0,marketing,low
8863,0.65,0.66,3,164,2,0,0,0,sales,low
8864,0.81,0.56,3,142,3,0,0,0,sales,low
8865,0.58,0.53,4,181,3,1,0,0,sales,low
8866,0.14,0.57,4,207,5,0,0,0,sales,low
8867,0.15,0.37,2,167,3,0,0,0,sales,low
8868,0.98,0.51,3,243,2,0,0,0,sales,low
8869,0.91,0.5,4,231,3,0,0,0,sales,high
8870,0.86,0.71,4,250,3,1,0,0,sales,low
8871,0.56,0.63,3,145,2,0,0,0,sales,high
8872,0.58,0.77,4,190,6,0,0,0,sales,high
8873,0.54,0.64,2,128,2,0,0,0,sales,low
8874,0.59,0.99,5,254,3,1,0,0,sales,low
8875,0.92,0.88,3,145,4,1,0,0,sales,high
8876,0.82,0.8,4,246,3,0,0,0,sales,low
8877,0.86,0.68,5,246,2,0,0,0,sales,medium
8878,0.66,0.77,5,236,3,0,0,0,sales,high
8879,0.85,0.66,3,234,3,0,0,0,sales,medium
8880,0.8,0.6,3,247,2,0,0,0,sales,medium
8881,0.99,0.61,3,154,3,0,0,0,sales,medium
8882,0.25,0.45,3,228,5,0,0,0,accounting,medium
8883,0.93,0.99,4,209,3,1,0,0,accounting,high
8884,0.5,0.54,5,173,2,0,0,0,accounting,medium
8885,0.68,0.71,4,206,2,0,0,0,hr,medium
8886,0.62,0.87,3,151,2,1,0,0,hr,medium
8887,0.99,0.54,4,196,4,1,0,0,hr,high
8888,0.93,0.52,3,229,2,1,0,0,hr,medium
8889,0.2,0.75,3,235,4,0,0,0,technical,high
8890,0.58,0.61,4,200,3,0,0,0,technical,low
8891,0.94,0.76,4,261,6,0,0,0,technical,medium
8892,0.18,0.54,4,165,3,0,0,0,technical,medium
8893,0.18,0.62,3,165,4,0,0,0,technical,medium
8894,0.7,0.74,5,255,2,0,0,0,technical,medium
8895,0.93,0.92,5,185,5,0,0,0,technical,low
8896,0.5,0.76,4,229,3,1,0,0,technical,low
8897,0.54,0.71,3,153,3,0,0,0,technical,low
8898,0.74,0.63,4,238,2,0,0,0,technical,low
8899,0.66,0.67,3,199,2,0,0,0,technical,low
8900,0.61,0.87,3,185,2,1,0,0,support,low
8901,0.74,0.98,3,196,6,1,0,0,support,low
8902,0.48,0.51,4,201,4,0,0,0,support,low
8903,0.65,0.84,3,189,2,1,0,0,support,low
8904,0.94,0.49,2,250,5,0,0,0,support,low
8905,0.91,0.79,4,254,2,0,0,0,support,high
8906,0.87,0.65,3,212,3,1,0,0,support,low
8907,0.23,0.79,5,196,5,1,0,0,support,low
8908,0.4,0.73,4,146,3,0,0,0,support,low
8909,0.68,0.85,3,250,3,0,0,0,support,low
8910,0.95,0.88,3,266,2,1,0,0,support,high
8911,0.63,0.96,4,133,2,0,0,0,technical,low
8912,0.47,0.53,4,181,3,0,0,0,technical,low
8913,0.2,0.5,6,282,6,1,0,0,technical,low
8914,0.72,0.84,2,173,2,1,0,0,management,high
8915,0.56,0.57,5,237,2,0,0,0,IT,low
8916,0.7,0.74,3,202,2,0,0,0,IT,medium
8917,0.59,0.82,3,162,2,0,0,0,IT,high
8918,0.78,0.96,3,248,3,0,0,0,IT,medium
8919,0.62,0.64,3,165,3,0,0,0,IT,high
8920,0.71,0.61,2,216,2,0,0,0,product_mng,medium
8921,0.72,0.45,4,143,6,0,0,0,product_mng,medium
8922,0.76,0.77,3,254,3,0,0,0,product_mng,medium
8923,0.83,0.56,3,186,3,0,0,0,product_mng,medium
8924,0.92,0.99,4,245,4,0,0,0,IT,medium
8925,0.67,0.77,3,157,3,0,0,0,RandD,medium
8926,0.56,0.45,3,184,3,0,0,0,RandD,medium
8927,0.91,0.63,4,210,3,0,0,0,RandD,medium
8928,0.56,0.86,4,137,2,1,0,0,RandD,high
8929,0.72,0.95,3,145,2,0,0,0,RandD,low
8930,0.56,0.86,4,181,3,0,0,0,marketing,medium
8931,0.92,0.56,3,174,3,0,0,0,sales,medium
8932,0.74,0.88,5,183,3,1,0,0,accounting,medium
8933,0.88,0.84,4,171,4,1,0,0,support,medium
8934,0.69,0.72,2,190,2,0,0,0,technical,medium
8935,0.87,0.78,4,142,3,0,0,0,management,medium
8936,0.98,0.5,3,198,3,0,0,0,marketing,medium
8937,0.9,0.61,3,185,3,0,0,0,marketing,medium
8938,0.49,0.87,4,171,3,1,0,0,marketing,medium
8939,0.78,0.57,4,264,3,0,0,0,sales,high
8940,0.58,0.98,3,175,3,0,0,0,sales,low
8941,0.91,0.88,5,210,2,1,0,0,sales,low
8942,0.92,0.75,4,212,3,0,0,0,sales,low
8943,0.36,0.66,4,97,2,0,0,0,sales,high
8944,0.55,0.53,4,214,3,0,0,0,sales,low
8945,0.95,0.96,4,244,3,0,0,0,sales,low
8946,0.5,0.67,3,246,3,0,0,0,sales,low
8947,0.42,0.73,3,115,6,0,0,0,sales,high
8948,0.75,0.68,3,237,5,0,0,0,sales,low
8949,0.88,0.7,4,146,4,0,0,0,sales,low
8950,0.53,0.63,5,159,4,0,0,0,sales,low
8951,0.84,0.4,4,246,3,0,0,0,sales,low
8952,0.49,0.93,3,226,3,0,0,0,sales,low
8953,0.71,0.91,3,261,3,0,0,0,sales,low
8954,0.83,0.64,4,242,2,0,0,0,sales,low
8955,0.88,0.93,4,177,3,0,0,0,sales,medium
8956,0.87,0.53,4,144,3,0,0,0,sales,medium
8957,0.43,0.82,2,221,5,0,0,0,sales,medium
8958,0.8,0.9,5,265,3,0,0,0,accounting,medium
8959,0.32,0.67,5,224,4,1,0,0,accounting,medium
8960,0.77,0.56,3,167,4,0,0,0,accounting,medium
8961,0.97,0.77,3,245,3,0,0,0,hr,medium
8962,0.98,0.63,4,232,2,0,0,0,hr,medium
8963,0.62,0.64,5,229,2,0,0,0,hr,medium
8964,0.53,0.94,4,128,6,0,0,0,hr,medium
8965,0.93,0.49,3,211,2,0,0,0,technical,medium
8966,0.51,0.91,4,194,2,0,0,0,technical,medium
8967,0.76,0.76,4,214,3,0,0,0,technical,high
8968,0.69,0.89,3,216,4,0,0,0,technical,low
8969,0.58,0.6,4,222,3,0,0,0,technical,medium
8970,0.98,0.77,4,144,4,0,0,0,technical,medium
8971,0.58,0.54,3,287,6,0,0,0,technical,medium
8972,0.57,0.97,4,224,4,0,0,0,technical,medium
8973,0.84,0.79,4,157,4,0,0,0,technical,low
8974,0.15,0.67,5,216,6,0,0,0,technical,low
8975,0.88,0.72,5,181,4,0,0,0,technical,low
8976,0.69,0.99,3,133,3,0,0,0,support,low
8977,0.56,0.84,5,154,2,1,0,0,support,low
8978,0.49,0.58,3,265,3,0,0,0,support,low
8979,0.4,0.45,4,113,3,0,0,0,support,low
8980,0.67,0.36,3,280,4,0,0,0,support,low
8981,0.79,0.5,3,213,3,1,0,0,support,low
8982,0.47,0.44,5,255,5,1,0,0,support,low
8983,0.82,0.54,3,243,4,0,0,0,support,low
8984,0.82,0.87,3,206,2,0,0,0,support,low
8985,0.63,0.57,5,149,3,0,0,0,support,low
8986,0.91,0.53,2,273,3,0,0,0,support,low
8987,0.89,1.0,4,226,2,1,0,0,technical,low
8988,0.96,0.93,3,238,2,0,0,0,technical,low
8989,0.83,0.72,2,226,3,0,0,0,technical,low
8990,0.75,0.92,3,199,3,1,0,0,management,low
8991,0.75,0.82,5,202,3,1,0,0,IT,low
8992,0.41,0.69,2,152,4,1,0,0,IT,low
8993,0.96,0.94,3,167,3,0,0,0,IT,low
8994,0.58,0.79,4,130,3,0,0,0,IT,medium
8995,0.74,0.89,3,229,3,0,0,0,IT,medium
8996,0.78,0.74,4,261,3,1,0,0,product_mng,medium
8997,0.5,0.72,3,182,2,1,0,0,product_mng,medium
8998,1.0,0.52,4,198,3,0,0,0,product_mng,medium
8999,0.85,0.91,3,244,3,0,0,0,product_mng,medium
9000,0.82,0.89,4,275,3,0,0,0,IT,medium
9001,0.19,0.81,5,245,5,0,0,0,RandD,medium
9002,0.9,0.9,3,147,3,1,0,0,RandD,medium
9003,0.59,1.0,4,275,3,0,0,0,RandD,medium
9004,0.53,0.46,2,167,2,0,0,0,RandD,medium
9005,0.57,0.5,5,149,5,1,0,0,RandD,medium
9006,0.85,0.99,4,233,2,0,0,0,marketing,high
9007,0.64,0.67,5,167,2,0,0,0,sales,low
9008,0.57,0.54,3,159,3,1,0,0,accounting,medium
9009,0.86,0.85,2,195,4,0,0,0,support,medium
9010,0.6,0.7,5,229,2,0,0,0,technical,medium
9011,0.17,0.76,4,199,5,0,0,0,management,medium
9012,0.54,0.63,3,174,3,0,0,0,marketing,low
9013,0.35,0.78,5,275,4,0,0,0,marketing,low
9014,0.92,0.77,5,217,4,0,0,0,marketing,low
9015,0.66,1.0,4,192,2,0,0,0,sales,low
9016,0.83,0.9,4,195,3,0,0,0,sales,low
9017,0.89,0.86,3,261,4,0,0,0,sales,low
9018,0.94,0.61,4,199,3,0,0,0,sales,low
9019,0.24,0.85,4,160,5,0,0,0,sales,low
9020,0.69,0.8,3,177,4,0,0,0,sales,low
9021,0.45,0.46,3,179,2,1,0,0,sales,low
9022,0.78,0.93,4,161,3,0,0,0,sales,low
9023,0.91,0.38,5,279,5,0,0,0,sales,low
9024,0.63,0.65,4,246,6,1,0,0,sales,low
9025,0.71,0.8,4,199,2,0,0,0,sales,low
9026,0.73,0.69,3,161,3,0,0,0,sales,low
9027,0.69,0.52,5,219,3,0,0,0,sales,low
9028,0.52,0.57,5,162,3,0,0,0,sales,low
9029,0.78,0.66,4,258,3,0,0,0,sales,low
9030,0.94,0.69,3,269,3,0,0,0,sales,low
9031,0.55,0.73,4,201,3,0,0,0,sales,low
9032,0.43,0.38,2,278,3,1,0,0,sales,low
9033,0.77,0.66,3,147,2,0,0,0,sales,medium
9034,0.59,0.8,5,247,3,0,0,0,accounting,medium
9035,0.65,0.54,4,191,4,0,0,0,accounting,medium
9036,0.82,0.37,2,280,3,0,0,0,accounting,medium
9037,0.31,0.72,2,191,3,0,0,0,hr,medium
9038,0.84,0.65,4,264,2,0,0,0,hr,medium
9039,0.15,0.4,3,236,5,0,0,0,hr,medium
9040,0.64,0.52,4,271,2,1,0,0,hr,medium
9041,0.48,0.63,5,129,5,0,0,0,technical,medium
9042,0.82,0.58,4,249,5,0,0,0,technical,medium
9043,0.99,0.54,3,188,3,0,0,0,technical,medium
9044,0.8,0.52,3,147,3,1,0,0,technical,medium
9045,0.94,0.92,3,273,3,0,0,0,technical,high
9046,0.94,0.81,4,237,3,1,0,0,technical,low
9047,0.77,0.79,3,273,2,0,0,0,technical,medium
9048,0.48,0.54,3,190,3,0,0,0,technical,medium
9049,0.62,0.68,3,226,3,0,0,0,technical,medium
9050,0.61,0.9,4,216,3,0,0,0,technical,medium
9051,0.27,0.6,6,205,5,1,0,0,technical,low
9052,0.89,0.65,3,208,2,0,0,0,support,low
9053,0.58,0.81,4,266,2,0,0,0,support,low
9054,0.64,0.77,3,249,2,1,0,0,support,low
9055,0.73,0.88,5,134,2,1,0,0,support,low
9056,0.74,0.85,2,189,3,0,0,0,support,low
9057,0.75,0.82,4,143,2,0,0,0,support,low
9058,0.78,0.84,4,173,3,0,0,0,support,low
9059,0.18,0.95,6,248,3,0,0,0,support,low
9060,0.8,0.84,3,186,6,0,0,0,support,low
9061,0.89,0.64,5,191,3,0,0,0,support,low
9062,0.84,0.5,3,227,2,0,0,0,support,low
9063,0.64,0.38,2,269,5,0,0,0,technical,low
9064,0.53,0.82,3,254,3,1,0,0,technical,low
9065,0.15,0.66,4,180,4,0,0,0,technical,low
9066,0.66,0.62,3,144,3,0,0,0,management,low
9067,0.49,0.78,5,137,3,1,0,0,IT,low
9068,0.78,0.72,3,223,4,0,0,0,IT,low
9069,0.39,0.75,5,286,5,0,0,0,IT,low
9070,0.9,0.83,3,151,3,0,0,0,IT,low
9071,0.96,0.74,5,244,2,1,0,0,IT,low
9072,0.63,0.81,4,216,4,0,0,0,product_mng,medium
9073,0.63,0.74,4,173,3,0,0,0,product_mng,medium
9074,0.89,0.81,3,186,3,0,0,0,product_mng,medium
9075,0.93,0.57,2,205,4,1,0,0,product_mng,medium
9076,0.87,0.59,4,202,3,0,0,0,IT,medium
9077,0.56,0.53,3,189,3,0,0,0,RandD,medium
9078,0.97,0.55,4,181,5,1,0,0,RandD,medium
9079,0.61,0.51,3,207,3,0,0,0,RandD,medium
9080,0.73,0.46,4,240,4,1,0,0,RandD,medium
9081,0.61,0.69,2,164,2,0,0,0,RandD,medium
9082,0.99,0.71,4,212,2,0,0,0,marketing,medium
9083,0.57,0.75,4,151,2,0,0,0,sales,medium
9084,0.74,0.96,4,197,3,0,0,0,accounting,high
9085,0.86,0.61,5,265,3,0,0,0,support,low
9086,0.68,0.72,4,274,3,0,0,0,technical,medium
9087,0.66,0.63,3,201,4,0,0,0,management,medium
9088,0.86,0.89,3,250,2,0,0,0,marketing,medium
9089,0.85,0.78,3,165,4,0,0,0,marketing,medium
9090,0.98,0.53,5,186,3,0,0,0,marketing,low
9091,0.14,0.73,5,273,4,1,0,0,sales,low
9092,0.2,0.54,5,162,6,0,0,0,sales,low
9093,0.9,0.97,3,141,3,0,0,0,sales,low
9094,0.51,0.96,5,268,4,0,0,0,sales,low
9095,0.63,0.77,3,176,2,1,0,0,sales,low
9096,0.83,0.88,3,223,3,1,0,0,sales,low
9097,0.67,0.72,4,218,2,1,0,0,sales,low
9098,0.96,0.52,4,228,3,0,0,0,sales,low
9099,0.69,0.75,3,204,3,0,0,0,sales,low
9100,0.69,0.9,4,148,2,0,0,0,sales,low
9101,0.64,0.94,3,221,2,0,0,0,sales,low
9102,0.62,0.48,4,271,3,0,0,0,sales,low
9103,0.55,0.75,3,191,3,0,0,0,sales,low
9104,0.98,0.51,4,223,2,0,0,0,sales,low
9105,0.83,0.78,5,250,2,1,0,0,sales,low
9106,0.73,0.77,3,230,2,0,0,0,sales,low
9107,0.58,0.86,3,226,2,0,0,0,sales,low
9108,0.52,0.67,4,182,3,0,0,0,sales,medium
9109,0.91,0.7,3,195,3,0,0,0,sales,medium
9110,0.72,0.64,3,231,2,0,0,0,accounting,medium
9111,0.7,0.74,3,224,3,0,0,0,accounting,medium
9112,0.86,0.92,4,229,4,0,0,0,accounting,medium
9113,0.82,0.57,2,158,3,1,0,0,hr,medium
9114,0.83,0.78,4,242,3,1,0,0,hr,medium
9115,0.99,0.64,3,183,3,0,0,0,hr,medium
9116,0.88,0.58,5,213,4,0,0,0,hr,medium
9117,0.68,0.74,4,263,2,1,0,0,technical,medium
9118,0.9,0.49,3,237,2,0,0,0,technical,medium
9119,0.59,0.67,6,126,3,0,0,0,technical,medium
9120,0.76,0.71,6,168,2,0,0,0,technical,high
9121,0.23,0.63,5,151,4,1,0,0,technical,low
9122,0.8,0.85,4,239,3,0,0,0,technical,medium
9123,0.62,0.49,4,174,3,0,0,0,technical,medium
9124,0.28,0.46,5,277,6,0,0,0,technical,medium
9125,0.81,0.97,3,133,3,0,0,0,technical,medium
9126,0.64,0.91,4,150,3,0,0,0,technical,low
9127,0.76,0.6,5,244,3,1,0,0,technical,low
9128,0.79,0.87,3,232,2,0,0,0,support,low
9129,0.72,0.91,3,267,2,0,0,0,support,low
9130,0.22,0.59,5,162,2,0,0,0,support,low
9131,0.18,0.73,5,228,5,0,0,0,support,low
9132,0.91,0.49,2,180,3,0,0,0,support,low
9133,0.69,0.63,2,252,3,0,0,0,support,low
9134,0.91,0.66,5,212,3,0,0,0,support,low
9135,0.67,0.84,4,224,3,0,0,0,support,low
9136,0.98,0.62,2,240,3,1,0,0,support,low
9137,0.69,0.62,4,183,4,0,0,0,support,low
9138,0.96,0.74,5,160,5,1,0,0,support,low
9139,0.69,0.68,4,225,3,0,0,0,technical,low
9140,0.65,0.68,3,268,2,1,0,0,technical,low
9141,0.7,0.75,3,221,3,0,0,0,technical,low
9142,0.48,0.94,3,173,2,0,0,0,management,low
9143,0.48,0.51,4,103,4,0,0,0,IT,low
9144,0.16,0.89,4,196,3,1,0,0,IT,low
9145,0.72,0.97,3,239,3,0,0,0,IT,low
9146,0.91,0.71,3,171,2,0,0,0,IT,low
9147,0.74,0.54,3,243,3,0,0,0,IT,medium
9148,0.56,0.56,2,153,2,0,0,0,product_mng,medium
9149,0.56,0.41,6,142,3,0,0,0,product_mng,medium
9150,0.88,0.55,5,168,2,0,0,0,product_mng,medium
9151,0.86,0.9,5,180,4,0,0,0,product_mng,medium
9152,0.66,0.84,4,186,3,0,0,0,IT,medium
9153,0.41,0.45,3,236,2,0,0,0,RandD,medium
9154,0.68,0.83,5,267,3,0,0,0,RandD,medium
9155,0.59,0.47,3,129,2,0,0,0,RandD,medium
9156,0.52,0.78,3,181,3,0,0,0,RandD,medium
9157,0.3,0.54,2,99,2,0,0,0,RandD,medium
9158,0.44,0.67,5,170,3,1,0,0,marketing,medium
9159,0.75,0.64,3,195,3,0,0,0,sales,high
9160,0.23,0.94,4,149,6,0,0,0,accounting,low
9161,0.34,0.46,6,132,2,0,0,0,support,medium
9162,0.52,0.59,3,164,3,0,0,0,technical,medium
9163,0.79,0.83,4,250,2,0,0,0,management,medium
9164,0.5,0.77,3,204,2,0,0,0,marketing,medium
9165,0.89,0.65,3,210,3,0,0,0,marketing,low
9166,0.84,0.52,6,98,3,0,0,0,marketing,low
9167,0.26,0.47,3,241,4,0,0,0,sales,low
9168,0.57,0.96,5,203,4,0,0,0,sales,low
9169,0.14,0.99,3,257,4,1,0,0,sales,low
9170,0.94,0.62,5,201,2,0,0,0,sales,low
9171,0.3,0.58,2,124,3,0,0,0,sales,low
9172,0.29,0.43,6,175,3,0,0,0,sales,low
9173,0.82,0.75,3,161,3,0,0,0,sales,low
9174,0.62,0.75,4,183,4,1,0,0,sales,low
9175,0.64,0.99,5,262,5,0,0,0,sales,low
9176,0.17,0.52,4,184,4,0,0,0,sales,low
9177,0.75,0.56,3,207,3,0,0,0,sales,low
9178,0.49,0.73,4,185,3,0,0,0,sales,low
9179,0.84,0.58,4,180,2,0,0,0,sales,low
9180,0.48,0.96,4,224,2,1,0,0,sales,low
9181,0.54,0.53,3,184,3,0,0,0,sales,low
9182,0.76,0.99,5,252,3,1,0,0,sales,low
9183,0.77,0.84,4,196,3,0,0,0,sales,low
9184,0.95,0.97,4,203,2,0,0,0,sales,low
9185,0.72,0.83,4,181,3,0,0,0,sales,low
9186,0.74,0.67,4,148,3,0,0,0,accounting,medium
9187,0.9,0.55,4,211,3,0,0,0,accounting,medium
9188,0.67,0.55,3,246,3,0,0,0,accounting,medium
9189,0.97,0.55,4,258,3,0,0,0,hr,medium
9190,0.55,0.59,3,231,4,0,0,0,hr,medium
9191,0.32,0.95,2,184,5,0,0,0,hr,medium
9192,0.4,0.42,3,146,2,1,0,0,hr,medium
9193,0.66,0.54,2,136,2,0,0,0,technical,low
9194,0.7,0.77,4,266,2,0,0,0,technical,low
9195,0.69,0.89,2,220,3,0,0,0,technical,low
9196,0.72,0.57,2,248,2,0,0,0,technical,low
9197,0.21,0.65,3,183,3,0,0,0,technical,low
9198,0.91,0.9,3,169,3,0,0,0,technical,low
9199,0.72,0.71,3,132,2,1,0,0,technical,low
9200,0.96,0.72,3,197,3,0,0,0,technical,low
9201,1.0,0.89,4,152,3,0,0,0,technical,low
9202,0.63,0.51,3,126,6,0,0,0,technical,low
9203,0.24,0.74,6,106,5,0,0,0,technical,low
9204,0.44,0.38,4,128,2,0,0,0,support,low
9205,0.92,0.57,3,191,3,0,0,0,support,low
9206,0.51,0.51,4,189,3,0,0,0,support,low
9207,0.77,0.71,5,141,3,0,0,0,support,low
9208,0.8,0.97,4,220,3,0,0,0,support,low
9209,0.84,0.46,5,118,3,0,0,0,support,low
9210,0.91,0.88,5,223,3,0,0,0,support,low
9211,0.64,0.61,3,263,3,0,0,0,support,low
9212,0.15,0.59,5,209,4,1,0,0,support,medium
9213,0.74,0.58,4,193,3,0,0,0,support,medium
9214,0.94,0.78,4,211,3,0,0,0,support,medium
9215,0.57,0.58,3,192,3,0,0,0,technical,medium
9216,0.92,0.63,5,156,3,0,0,0,technical,medium
9217,0.76,0.54,5,278,2,1,0,0,technical,medium
9218,0.73,0.92,3,199,3,1,0,0,management,medium
9219,0.24,0.6,2,194,6,0,0,0,IT,medium
9220,0.42,0.47,2,125,4,0,0,0,IT,medium
9221,0.92,0.82,4,96,4,0,0,0,IT,medium
9222,0.92,0.94,3,234,2,1,0,0,IT,medium
9223,0.68,0.55,6,181,3,0,0,0,IT,medium
9224,0.49,0.86,4,246,2,0,0,0,product_mng,medium
9225,0.57,0.98,3,171,3,0,0,0,product_mng,medium
9226,0.3,0.66,3,198,2,0,0,0,product_mng,medium
9227,0.17,0.81,5,280,4,0,0,0,product_mng,medium
9228,0.91,0.49,3,267,3,0,0,0,IT,medium
9229,0.83,0.91,3,251,2,0,0,0,RandD,medium
9230,0.87,0.76,5,182,3,0,0,0,RandD,medium
9231,0.71,0.8,4,157,3,0,0,0,RandD,medium
9232,0.88,0.5,3,206,2,0,0,0,RandD,medium
9233,0.63,0.94,3,237,3,1,0,0,RandD,medium
9234,0.99,0.58,2,166,3,0,0,0,marketing,medium
9235,0.99,0.81,4,229,2,1,0,0,sales,medium
9236,0.77,0.53,5,256,3,0,0,0,accounting,medium
9237,0.64,0.69,5,114,6,0,0,0,support,medium
9238,0.61,1.0,5,243,2,0,0,0,technical,medium
9239,0.37,0.82,3,199,5,0,0,0,management,medium
9240,0.19,1.0,4,188,4,1,0,0,marketing,medium
9241,0.96,0.87,4,187,2,0,0,0,marketing,medium
9242,0.8,0.62,4,216,2,0,0,0,marketing,medium
9243,0.14,0.63,6,215,5,0,0,0,sales,low
9244,0.15,0.69,6,213,6,0,0,0,sales,low
9245,0.52,0.82,4,198,4,0,0,0,sales,low
9246,0.27,0.55,5,121,3,1,0,0,sales,low
9247,0.97,0.96,3,212,3,0,0,0,sales,low
9248,0.52,0.93,2,271,3,0,0,0,sales,low
9249,0.98,0.89,3,186,2,0,0,0,sales,low
9250,0.96,0.95,4,265,2,0,0,0,sales,low
9251,0.28,0.92,3,151,3,0,0,0,sales,low
9252,0.65,0.55,5,206,3,0,0,0,sales,low
9253,0.59,0.63,4,153,3,1,0,0,sales,low
9254,0.64,0.48,4,267,2,1,0,0,sales,low
9255,0.71,0.48,3,161,3,0,0,0,sales,low
9256,0.83,0.84,2,149,3,0,0,0,sales,low
9257,0.95,0.94,2,269,4,1,0,0,sales,low
9258,0.73,0.49,3,248,3,0,0,0,sales,low
9259,0.81,0.75,4,243,2,0,0,0,sales,low
9260,0.71,0.44,2,207,4,0,0,0,sales,low
9261,0.8,0.56,6,111,6,0,0,0,sales,low
9262,0.85,0.53,3,226,2,0,0,0,accounting,low
9263,0.41,0.7,2,151,3,1,0,0,accounting,low
9264,0.51,0.84,4,224,2,0,0,0,accounting,medium
9265,0.49,0.57,4,146,4,0,0,0,hr,medium
9266,0.76,0.55,4,163,2,1,0,0,hr,medium
9267,0.57,0.69,4,255,3,0,0,0,hr,medium
9268,0.54,0.48,6,196,2,0,0,0,hr,medium
9269,0.68,0.74,3,227,2,0,0,0,technical,medium
9270,0.7,0.5,3,251,2,0,0,0,technical,medium
9271,0.77,0.87,4,209,3,0,0,0,technical,medium
9272,0.95,0.51,3,254,4,0,0,0,technical,medium
9273,0.5,0.64,3,249,2,1,0,0,technical,low
9274,0.99,0.53,4,131,3,1,0,0,technical,low
9275,0.94,0.51,5,142,2,0,0,0,technical,low
9276,0.83,0.66,3,239,3,0,0,0,technical,low
9277,0.64,0.81,3,225,3,1,0,0,technical,low
9278,0.16,0.73,6,170,3,0,0,0,technical,low
9279,0.83,0.71,3,254,2,0,0,0,technical,low
9280,0.93,0.73,4,156,2,0,0,0,support,low
9281,0.32,0.64,3,151,3,0,0,0,support,low
9282,0.12,0.9,3,200,3,0,0,0,support,low
9283,0.5,0.5,3,184,3,1,0,0,support,low
9284,0.57,0.74,3,257,2,0,0,0,support,low
9285,0.25,0.75,5,194,5,1,0,0,support,low
9286,0.98,0.56,3,139,2,1,0,0,support,low
9287,0.81,0.51,3,273,2,1,0,0,support,low
9288,0.94,0.63,5,261,3,0,0,0,support,low
9289,0.83,0.57,3,135,3,1,0,0,support,low
9290,0.77,0.4,4,207,5,0,0,0,support,low
9291,0.57,0.65,4,265,3,0,0,0,technical,low
9292,0.18,0.96,5,208,6,0,0,0,technical,medium
9293,0.67,0.71,4,159,2,1,0,0,technical,medium
9294,0.35,0.47,4,151,6,0,0,0,management,medium
9295,0.78,0.44,3,97,4,0,0,0,IT,medium
9296,0.72,0.79,4,154,3,0,0,0,IT,medium
9297,0.9,0.58,3,264,3,0,0,0,IT,medium
9298,0.58,0.49,3,135,2,0,0,0,IT,medium
9299,0.64,0.56,3,238,2,0,0,0,IT,medium
9300,0.91,0.79,4,166,3,0,0,0,product_mng,medium
9301,0.59,0.51,3,156,3,0,0,0,product_mng,medium
9302,0.76,0.8,3,202,3,0,0,0,product_mng,medium
9303,0.76,0.85,3,204,2,1,0,0,product_mng,medium
9304,0.51,0.69,3,135,3,0,0,0,IT,medium
9305,0.54,0.55,4,252,3,0,0,0,RandD,medium
9306,0.67,0.93,5,254,3,1,0,0,RandD,medium
9307,0.68,0.44,5,165,3,0,0,0,RandD,medium
9308,0.97,0.58,3,200,2,0,0,0,RandD,medium
9309,0.5,0.74,3,155,3,0,0,0,RandD,medium
9310,0.81,0.52,3,162,3,0,0,0,marketing,medium
9311,0.77,0.73,4,159,3,1,0,0,sales,medium
9312,0.59,0.75,4,266,3,0,0,0,accounting,medium
9313,1.0,0.96,4,155,3,0,0,0,support,medium
9314,0.74,0.95,5,170,4,0,0,0,technical,medium
9315,0.91,0.52,4,172,4,1,0,0,management,high
9316,0.77,0.65,3,187,3,0,0,0,marketing,low
9317,0.79,0.98,4,185,2,0,0,0,marketing,medium
9318,0.82,0.51,5,232,3,0,0,0,marketing,medium
9319,0.89,0.96,5,260,3,0,0,0,sales,low
9320,0.83,0.62,4,218,3,0,0,0,sales,low
9321,0.72,0.7,4,217,3,0,0,0,sales,low
9322,0.7,0.74,3,212,3,0,0,0,sales,low
9323,1.0,0.89,3,189,3,0,0,0,sales,low
9324,0.57,0.66,4,158,2,0,0,0,sales,low
9325,0.55,0.54,5,168,2,0,0,0,sales,low
9326,0.47,0.7,4,134,3,0,0,0,sales,low
9327,0.95,0.77,4,213,3,1,0,0,sales,low
9328,0.29,0.57,5,149,3,0,0,0,sales,low
9329,0.71,0.5,3,201,2,0,0,0,sales,low
9330,0.89,0.68,4,146,3,0,0,0,sales,low
9331,0.81,0.97,4,212,2,0,0,0,sales,low
9332,0.72,0.64,4,140,2,0,0,0,sales,low
9333,1.0,0.85,4,156,3,0,0,0,sales,low
9334,0.79,0.49,4,163,3,0,0,0,sales,high
9335,0.69,0.84,3,154,2,0,0,0,sales,low
9336,0.97,0.66,4,218,3,0,0,0,sales,high
9337,0.61,0.59,3,157,2,0,0,0,sales,high
9338,0.71,0.89,3,222,3,0,0,0,accounting,low
9339,0.96,0.76,4,152,3,1,0,0,accounting,low
9340,0.77,0.73,5,263,2,0,0,0,accounting,high
9341,0.57,0.99,3,231,3,0,0,0,hr,low
9342,0.92,0.76,4,258,2,0,0,0,hr,medium
9343,0.99,0.92,5,213,2,0,0,0,hr,high
9344,0.86,0.73,3,159,3,0,0,0,hr,medium
9345,0.78,0.66,4,156,3,1,0,0,technical,low
9346,0.85,0.66,3,235,3,0,0,0,technical,low
9347,0.38,0.6,4,190,2,0,0,0,technical,low
9348,0.63,0.93,4,238,2,0,0,0,technical,low
9349,0.66,0.72,4,137,3,0,0,0,technical,low
9350,0.19,0.79,5,171,3,1,0,0,technical,low
9351,0.63,0.59,4,249,2,0,0,0,technical,low
9352,0.32,0.74,6,205,3,0,0,0,technical,low
9353,0.73,0.55,3,149,3,0,0,0,technical,low
9354,0.75,0.89,4,139,3,0,0,0,technical,low
9355,0.7,0.66,4,168,3,0,0,0,technical,low
9356,0.77,0.61,4,181,2,0,0,0,support,low
9357,0.83,0.8,4,150,3,0,0,0,support,low
9358,0.75,0.49,4,246,3,0,0,0,support,low
9359,0.97,0.54,3,271,3,0,0,0,support,medium
9360,0.75,0.55,5,204,3,0,0,0,support,low
9361,0.66,0.84,3,170,4,0,0,0,support,low
9362,0.56,0.49,3,208,3,0,0,0,support,low
9363,0.77,0.98,2,226,3,0,0,0,support,low
9364,0.82,0.81,3,149,3,0,0,0,support,low
9365,0.85,0.59,2,264,2,0,0,0,support,low
9366,0.49,0.79,5,177,2,0,0,0,support,low
9367,0.24,0.87,4,262,3,0,0,0,technical,low
9368,0.32,0.74,3,211,3,0,0,0,technical,low
9369,0.77,0.51,4,141,3,1,0,0,technical,low
9370,0.77,0.83,5,197,4,0,0,0,management,high
9371,0.93,0.87,3,154,3,1,0,0,IT,low
9372,0.22,0.74,5,178,5,0,0,0,IT,low
9373,0.24,0.89,5,169,4,0,0,0,IT,low
9374,0.99,0.99,3,228,4,0,0,0,IT,low
9375,0.61,0.5,3,231,3,0,0,0,IT,high
9376,0.6,0.91,4,185,3,1,0,0,product_mng,low
9377,0.79,0.7,3,195,2,0,0,0,product_mng,low
9378,0.94,0.62,3,147,3,0,0,0,product_mng,low
9379,0.18,0.85,5,192,3,0,0,0,product_mng,high
9380,0.51,0.73,5,241,3,0,0,0,IT,low
9381,0.55,0.92,3,151,3,0,0,0,RandD,medium
9382,0.73,0.74,3,221,3,0,0,0,RandD,high
9383,0.41,0.63,5,263,3,0,0,0,RandD,medium
9384,0.88,0.66,3,178,3,0,0,0,RandD,high
9385,0.23,0.56,5,169,5,0,0,0,RandD,medium
9386,0.78,0.56,3,271,4,0,0,0,marketing,medium
9387,0.34,0.69,3,155,3,0,0,0,marketing,medium
9388,0.51,0.41,2,164,4,0,0,0,sales,medium
9389,0.8,0.86,3,226,2,0,0,0,accounting,medium
9390,0.66,0.57,4,220,2,1,0,0,support,medium
9391,0.62,0.63,5,153,6,0,0,0,technical,medium
9392,0.5,0.97,2,252,4,0,0,0,management,medium
9393,0.96,0.94,3,182,3,0,0,0,marketing,high
9394,0.5,0.84,3,150,2,0,0,0,marketing,low
9395,0.73,0.69,6,273,4,1,0,0,marketing,medium
9396,0.47,0.39,6,215,5,0,0,0,sales,medium
9397,0.49,0.83,3,172,2,0,0,0,sales,medium
9398,0.92,0.62,3,264,2,0,0,0,sales,medium
9399,0.24,0.39,5,158,2,0,0,0,sales,medium
9400,0.61,0.58,4,142,4,0,0,0,sales,medium
9401,0.83,0.89,4,137,3,0,0,0,sales,medium
9402,0.88,0.66,4,275,3,0,0,0,sales,medium
9403,0.61,0.55,3,245,3,0,0,0,sales,medium
9404,0.68,0.54,4,165,4,0,0,0,sales,high
9405,0.51,0.7,4,142,4,1,0,0,sales,low
9406,0.88,0.58,4,215,2,0,0,0,sales,low
9407,0.94,0.84,5,240,3,0,0,0,sales,low
9408,0.58,0.88,4,255,3,0,0,0,sales,high
9409,0.63,0.98,4,265,3,0,0,0,sales,low
9410,0.81,0.49,4,285,4,0,0,0,sales,low
9411,0.61,0.86,3,238,2,0,0,0,sales,low
9412,0.65,0.63,3,137,3,0,0,0,sales,high
9413,0.67,0.63,3,270,5,0,0,0,sales,low
9414,0.64,0.62,4,145,3,1,0,0,sales,low
9415,0.25,0.76,6,182,3,0,0,0,accounting,low
9416,0.13,0.62,3,264,6,0,0,0,accounting,low
9417,0.14,0.89,3,212,6,0,0,0,accounting,low
9418,0.74,0.51,5,198,3,0,0,0,hr,low
9419,0.8,0.81,5,200,3,0,0,0,hr,low
9420,0.5,0.56,3,263,4,0,0,0,hr,medium
9421,0.69,0.75,4,249,4,0,0,0,hr,medium
9422,0.91,0.53,4,212,3,0,0,0,technical,low
9423,0.8,0.51,3,159,3,0,0,0,technical,low
9424,0.93,0.52,3,181,3,0,0,0,technical,low
9425,0.57,0.99,3,100,4,1,0,0,technical,low
9426,0.51,0.58,2,218,2,1,0,0,technical,low
9427,0.98,0.54,4,178,3,0,0,0,technical,low
9428,0.85,0.83,4,219,3,0,0,0,technical,low
9429,0.73,0.56,5,239,3,0,0,0,technical,low
9430,0.97,0.9,3,255,2,0,0,0,technical,low
9431,0.52,0.61,4,163,2,0,0,0,technical,low
9432,0.31,0.38,3,173,2,0,0,0,technical,low
9433,0.49,0.77,3,147,3,0,0,0,support,low
9434,0.81,0.44,4,166,4,1,0,0,support,low
9435,0.52,0.8,5,209,2,0,0,0,support,low
9436,0.69,0.56,5,271,3,0,0,0,support,low
9437,0.7,0.74,3,253,4,1,0,0,support,low
9438,0.65,0.85,4,233,2,0,0,0,support,low
9439,0.54,0.71,2,194,2,0,0,0,support,low
9440,0.57,0.49,2,237,2,0,0,0,support,low
9441,0.78,0.9,4,238,2,0,0,0,support,low
9442,0.99,0.92,4,212,3,0,0,0,support,low
9443,0.57,0.83,5,189,3,0,0,0,support,low
9444,0.33,0.58,3,115,3,0,0,0,technical,low
9445,0.97,0.58,4,159,3,0,0,0,technical,low
9446,0.95,0.58,5,133,3,0,0,0,technical,low
9447,0.69,0.83,5,225,3,0,0,0,management,low
9448,0.97,0.91,2,112,5,0,0,0,IT,low
9449,0.4,0.59,3,111,4,1,0,0,IT,low
9450,0.67,0.71,4,178,6,0,0,0,IT,low
9451,0.96,0.58,5,178,3,0,0,0,IT,low
9452,0.49,0.95,2,181,4,1,0,0,IT,low
9453,0.56,0.66,3,139,2,0,0,0,product_mng,low
9454,0.99,0.78,2,177,4,0,0,0,product_mng,low
9455,0.49,0.88,4,270,3,0,0,0,product_mng,low
9456,0.53,0.69,4,135,3,0,0,0,product_mng,low
9457,0.75,0.5,4,166,4,0,0,0,IT,low
9458,0.51,0.89,3,230,4,0,0,0,marketing,low
9459,0.65,0.9,3,163,3,1,0,0,marketing,medium
9460,0.45,0.66,2,236,3,0,0,0,marketing,medium
9461,0.98,0.91,3,264,4,1,0,0,marketing,medium
9462,0.9,0.74,3,185,2,0,0,0,marketing,medium
9463,0.37,0.62,4,253,2,0,0,0,marketing,medium
9464,0.52,0.99,4,253,3,0,0,0,marketing,medium
9465,0.96,0.78,3,135,3,0,0,0,sales,medium
9466,0.99,0.7,2,182,4,0,0,0,accounting,medium
9467,0.66,0.56,5,202,3,0,0,0,support,medium
9468,0.84,0.54,5,186,2,0,0,0,technical,medium
9469,0.16,0.87,5,163,3,0,0,0,management,medium
9470,0.75,0.59,3,242,3,0,0,0,marketing,medium
9471,0.52,0.74,3,160,2,0,0,0,marketing,high
9472,0.86,0.86,3,173,3,0,0,0,marketing,low
9473,0.75,0.53,3,154,2,0,0,0,sales,medium
9474,0.73,0.99,3,160,3,0,0,0,sales,medium
9475,0.98,0.84,3,139,2,0,0,0,sales,medium
9476,0.8,0.84,3,251,3,0,0,0,sales,medium
9477,0.18,0.48,4,176,4,1,0,0,sales,low
9478,0.37,0.72,2,163,3,0,0,0,sales,low
9479,0.97,0.86,3,257,4,0,0,0,sales,low
9480,0.56,0.68,4,159,3,0,0,0,sales,low
9481,0.32,0.65,2,183,3,0,0,0,sales,low
9482,0.63,0.88,4,260,2,0,0,0,sales,low
9483,0.36,0.78,6,151,3,0,0,0,sales,low
9484,0.75,0.49,4,246,3,1,0,0,sales,low
9485,0.42,0.86,3,160,4,1,0,0,sales,low
9486,0.96,0.66,3,155,2,0,0,0,sales,low
9487,0.62,0.78,5,250,6,0,0,0,sales,low
9488,0.78,0.96,2,174,3,0,0,0,sales,low
9489,0.93,0.89,3,262,2,0,0,0,sales,low
9490,0.93,0.87,4,257,2,0,0,0,sales,low
9491,0.45,0.42,4,140,2,0,0,0,sales,low
9492,0.44,0.56,3,123,3,0,0,0,accounting,medium
9493,0.57,0.55,3,264,2,0,0,0,accounting,medium
9494,0.77,0.51,2,254,5,0,0,0,accounting,medium
9495,0.6,0.98,4,205,4,0,0,0,hr,medium
9496,0.25,0.94,6,199,4,0,0,0,hr,medium
9497,0.59,0.43,3,171,3,0,0,0,hr,medium
9498,0.29,0.57,5,98,5,0,0,0,hr,medium
9499,0.5,0.95,3,166,4,1,0,0,technical,low
9500,0.91,0.94,4,264,4,0,0,0,technical,low
9501,0.78,0.65,3,176,2,0,0,0,technical,low
9502,0.73,0.76,2,166,3,0,0,0,technical,low
9503,0.51,0.59,4,169,3,0,0,0,technical,low
9504,0.65,0.82,4,257,3,0,0,0,technical,low
9505,0.25,0.87,3,265,4,0,0,0,technical,low
9506,0.5,0.63,5,167,2,0,0,0,technical,low
9507,0.53,0.58,4,134,2,0,0,0,technical,low
9508,0.57,0.76,2,176,3,0,0,0,technical,low
9509,0.77,0.91,5,274,3,0,0,0,technical,low
9510,0.94,0.77,3,201,3,0,0,0,support,low
9511,0.5,0.53,3,121,4,0,0,0,support,low
9512,0.47,0.57,3,97,4,0,0,0,support,low
9513,0.92,0.54,4,217,4,0,0,0,support,low
9514,0.9,0.87,3,220,3,0,0,0,support,low
9515,0.54,0.46,2,98,4,0,0,0,support,low
9516,0.58,0.97,5,265,3,0,0,0,support,low
9517,0.95,0.87,3,201,3,0,0,0,support,low
9518,0.52,0.71,3,151,3,0,0,0,support,low
9519,0.83,0.51,4,199,3,0,0,0,support,low
9520,0.54,0.92,4,175,3,0,0,0,support,low
9521,0.8,0.85,5,253,3,1,0,0,technical,low
9522,0.52,0.57,3,183,2,0,0,0,technical,low
9523,0.83,0.8,5,223,3,0,0,0,technical,low
9524,0.74,0.55,5,168,4,0,0,0,management,low
9525,0.87,0.71,5,244,2,0,0,0,IT,low
9526,0.45,0.87,2,268,4,1,0,0,IT,low
9527,0.72,0.72,4,218,4,0,0,0,IT,low
9528,0.27,0.85,2,277,6,1,0,0,IT,low
9529,0.51,0.88,5,225,2,1,0,0,IT,low
9530,0.55,0.55,4,257,3,0,0,0,product_mng,low
9531,0.89,0.69,4,170,3,0,0,0,product_mng,low
9532,0.85,0.86,3,179,3,0,0,0,product_mng,low
9533,0.29,0.85,4,211,2,0,0,0,product_mng,low
9534,0.96,0.5,3,217,2,1,0,0,IT,low
9535,0.9,0.68,3,135,3,0,0,0,RandD,low
9536,0.28,0.94,6,167,3,1,0,0,RandD,low
9537,0.93,0.98,4,189,3,0,0,0,RandD,medium
9538,0.51,0.57,3,162,3,1,0,0,RandD,medium
9539,0.97,0.76,3,193,3,0,0,0,RandD,medium
9540,0.71,0.55,4,273,3,1,0,0,RandD,medium
9541,0.52,0.69,6,138,5,0,0,0,marketing,medium
9542,0.87,0.84,4,237,3,1,0,0,sales,medium
9543,0.78,0.61,5,260,2,0,0,0,accounting,medium
9544,0.57,0.82,3,149,5,1,0,0,support,medium
9545,0.34,0.49,4,149,3,0,0,0,technical,medium
9546,0.95,0.95,4,137,4,0,0,0,management,medium
9547,0.72,0.73,5,167,3,0,0,0,marketing,medium
9548,0.61,0.37,4,165,6,0,0,0,marketing,medium
9549,0.39,0.39,2,131,2,0,0,0,marketing,high
9550,0.72,0.59,5,138,2,0,0,0,sales,low
9551,0.86,0.91,4,234,3,1,0,0,sales,medium
9552,0.69,0.67,4,141,3,0,0,0,sales,medium
9553,0.5,0.65,4,266,3,1,0,0,sales,medium
9554,0.62,0.68,3,134,2,0,0,0,sales,medium
9555,0.76,0.55,4,147,3,0,0,0,sales,low
9556,0.97,0.88,4,237,4,0,0,0,sales,low
9557,0.78,0.57,5,114,4,0,0,0,sales,low
9558,0.81,0.89,4,166,2,1,0,0,sales,low
9559,0.15,0.95,4,173,5,1,0,0,sales,low
9560,0.72,0.5,3,205,3,1,0,0,sales,low
9561,0.8,0.5,3,219,3,0,0,0,sales,low
9562,0.76,0.74,3,173,2,0,0,0,sales,low
9563,0.19,0.73,4,231,3,0,0,0,sales,low
9564,0.75,0.75,5,133,2,0,0,0,sales,low
9565,0.94,0.49,4,220,3,0,0,0,sales,low
9566,0.93,0.59,5,158,3,0,0,0,sales,low
9567,0.96,0.92,3,182,4,0,0,0,sales,low
9568,0.14,0.57,6,275,5,0,0,0,sales,low
9569,0.75,0.71,3,237,3,1,0,0,accounting,low
9570,0.6,0.59,5,146,4,0,0,0,accounting,low
9571,0.65,0.48,4,144,3,0,0,0,accounting,low
9572,0.59,0.79,2,195,3,0,0,0,hr,low
9573,0.93,0.78,5,191,4,0,0,0,hr,medium
9574,0.5,1.0,3,149,2,0,0,0,hr,medium
9575,0.62,0.55,4,137,3,1,0,0,hr,medium
9576,0.24,0.58,3,184,5,1,0,0,technical,medium
9577,0.66,0.87,4,139,3,0,0,0,technical,medium
9578,0.55,0.95,4,249,4,0,0,0,technical,medium
9579,0.91,0.66,3,168,3,0,0,0,technical,medium
9580,0.59,0.51,2,145,5,0,0,0,technical,medium
9581,0.74,0.54,5,221,3,0,0,0,technical,medium
9582,0.43,0.51,2,123,3,0,0,0,technical,medium
9583,0.85,0.99,6,153,6,0,0,0,technical,medium
9584,0.46,0.54,3,183,4,0,0,0,technical,medium
9585,0.48,0.56,4,271,3,0,0,0,technical,high
9586,0.96,1.0,4,167,2,1,0,0,technical,low
9587,0.55,0.9,4,177,3,0,0,0,support,medium
9588,0.82,0.74,3,256,3,1,0,0,support,medium
9589,0.24,0.65,3,143,4,0,0,0,support,medium
9590,0.69,0.71,3,241,3,0,0,0,support,medium
9591,0.29,0.68,4,210,3,0,0,0,support,low
9592,0.53,0.7,4,155,5,1,0,0,support,low
9593,0.65,0.77,2,248,3,0,0,0,support,low
9594,0.57,0.53,3,162,3,0,0,0,support,low
9595,0.6,0.5,4,137,3,0,0,0,support,low
9596,0.79,0.55,5,242,2,0,0,0,support,low
9597,0.41,0.5,6,257,6,1,0,0,support,low
9598,0.79,0.72,5,245,3,1,0,0,technical,low
9599,0.5,0.8,3,234,3,0,0,0,technical,low
9600,0.8,0.76,4,135,2,0,0,0,technical,low
9601,0.61,0.79,5,269,2,0,0,0,management,low
9602,0.99,0.68,4,238,3,0,0,0,IT,low
9603,0.77,0.86,3,101,5,0,0,0,IT,low
9604,0.7,0.52,5,200,2,1,0,0,IT,low
9605,0.55,0.87,3,241,4,0,0,0,IT,low
9606,0.87,0.63,3,143,3,1,0,0,IT,low
9607,0.97,0.6,3,169,2,1,0,0,product_mng,low
9608,0.56,0.99,4,270,2,0,0,0,product_mng,low
9609,0.99,0.81,4,246,3,1,0,0,product_mng,low
9610,0.57,0.66,4,151,2,0,0,0,product_mng,low
9611,1.0,0.84,3,227,3,0,0,0,IT,low
9612,0.97,0.74,3,134,3,1,0,0,marketing,high
9613,0.81,0.54,4,155,4,0,0,0,accounting,high
9614,0.76,0.48,5,173,3,0,0,0,accounting,high
9615,0.95,0.55,5,134,3,0,0,0,IT,medium
9616,0.81,0.65,3,195,2,0,0,0,IT,medium
9617,0.8,0.65,3,264,4,0,0,0,management,high
9618,0.72,0.57,3,203,2,1,0,0,marketing,medium
9619,0.68,0.65,3,243,2,0,0,0,sales,medium
9620,0.21,0.61,6,159,5,1,0,0,accounting,medium
9621,0.46,0.4,3,145,2,0,0,0,support,medium
9622,0.8,0.7,3,238,2,0,0,0,technical,medium
9623,0.57,0.64,4,151,2,0,0,0,management,medium
9624,0.58,0.57,5,205,2,0,0,0,marketing,high
9625,0.91,1.0,4,211,3,0,0,0,marketing,low
9626,0.63,0.67,5,169,2,0,0,0,marketing,medium
9627,0.95,0.86,2,263,4,0,0,0,sales,medium
9628,0.87,0.67,5,143,3,0,0,0,sales,medium
9629,0.22,0.53,5,160,4,1,0,0,sales,medium
9630,0.95,0.65,5,142,2,1,0,0,sales,low
9631,0.18,0.5,4,169,4,0,0,0,sales,low
9632,0.87,0.63,5,214,3,0,0,0,sales,low
9633,0.23,0.84,5,131,5,0,0,0,sales,low
9634,0.93,0.69,3,213,4,0,0,0,sales,low
9635,0.58,0.75,4,244,4,0,0,0,sales,low
9636,0.68,0.55,4,169,3,1,0,0,sales,low
9637,0.76,0.71,4,156,3,0,0,0,sales,low
9638,0.68,0.84,5,161,3,0,0,0,sales,low
9639,0.99,0.47,3,152,5,0,0,0,sales,low
9640,0.64,0.55,3,201,2,0,0,0,sales,low
9641,0.61,0.83,5,269,5,1,0,0,sales,low
9642,0.51,0.5,5,242,2,0,0,0,sales,low
9643,0.69,0.66,3,113,4,0,0,0,sales,low
9644,0.85,0.6,3,251,2,0,0,0,sales,low
9645,0.55,0.89,6,99,3,0,0,0,sales,low
9646,0.56,0.89,4,263,3,0,0,0,accounting,low
9647,0.69,0.68,4,214,4,0,0,0,accounting,low
9648,0.61,0.46,4,172,3,0,0,0,accounting,low
9649,0.47,0.65,4,172,2,0,0,0,hr,low
9650,0.58,0.79,4,196,3,1,0,0,hr,low
9651,0.16,0.56,5,152,5,0,0,0,hr,medium
9652,0.53,0.64,2,109,3,0,0,0,hr,medium
9653,0.82,0.82,5,193,4,0,0,0,technical,medium
9654,0.68,0.61,4,227,3,0,0,0,technical,medium
9655,0.6,0.72,3,181,2,0,0,0,technical,medium
9656,0.93,0.44,5,190,5,0,0,0,technical,medium
9657,0.58,0.49,2,107,3,0,0,0,technical,medium
9658,0.61,0.96,4,161,3,1,0,0,technical,medium
9659,0.74,0.71,4,243,3,0,0,0,technical,medium
9660,0.88,0.91,3,157,2,0,0,0,technical,medium
9661,0.94,0.8,6,147,3,0,0,0,technical,medium
9662,0.44,0.46,3,121,3,0,0,0,technical,medium
9663,0.73,0.52,3,274,2,0,0,0,technical,high
9664,0.9,0.68,4,204,4,1,0,0,support,low
9665,0.97,0.49,3,199,2,0,0,0,support,medium
9666,0.86,0.96,5,246,3,0,0,0,support,medium
9667,0.81,0.98,3,141,3,0,0,0,support,medium
9668,0.24,0.76,6,213,4,0,0,0,support,medium
9669,0.92,0.97,4,199,3,0,0,0,support,low
9670,0.34,0.62,2,257,6,1,0,0,support,low
9671,0.95,0.53,4,143,3,0,0,0,support,low
9672,0.94,0.81,3,150,2,0,0,0,support,low
9673,0.54,0.82,3,284,2,1,0,0,support,low
9674,0.87,0.57,3,149,3,0,0,0,support,low
9675,0.54,0.74,4,160,6,0,0,0,technical,low
9676,0.75,0.49,4,208,4,0,0,0,technical,low
9677,0.88,1.0,3,248,3,0,0,0,technical,medium
9678,0.78,0.86,3,210,3,0,0,0,management,medium
9679,0.88,0.71,5,219,2,0,0,0,IT,medium
9680,0.51,0.94,4,155,3,0,0,0,IT,medium
9681,0.31,0.7,4,182,3,0,0,0,IT,medium
9682,0.22,1.0,6,244,3,0,0,0,IT,medium
9683,0.56,0.83,5,157,3,0,0,0,IT,medium
9684,0.38,0.63,2,182,2,0,0,0,product_mng,medium
9685,0.56,0.47,5,185,4,0,0,0,product_mng,medium
9686,0.55,0.9,4,206,3,0,0,0,product_mng,medium
9687,0.74,0.99,4,156,3,0,0,0,product_mng,medium
9688,0.64,0.92,5,211,2,1,0,0,IT,medium
9689,0.69,0.91,6,247,6,0,0,0,RandD,medium
9690,0.99,0.54,3,247,3,0,0,0,RandD,medium
9691,0.66,0.75,4,235,3,0,0,0,RandD,medium
9692,0.79,0.93,5,169,3,0,0,0,RandD,medium
9693,0.92,0.54,3,246,3,0,0,0,RandD,medium
9694,0.84,0.49,3,172,4,0,0,0,RandD,medium
9695,0.31,0.59,4,218,5,0,0,0,marketing,medium
9696,0.34,0.52,6,265,6,0,0,0,sales,medium
9697,0.88,0.96,5,173,4,0,0,0,accounting,medium
9698,0.8,0.84,3,195,3,0,0,0,support,medium
9699,0.75,0.92,3,160,3,1,0,0,technical,medium
9700,0.71,0.7,4,237,4,0,0,0,management,medium
9701,0.66,0.49,3,206,2,0,0,0,marketing,medium
9702,0.54,0.72,6,222,5,0,0,0,marketing,high
9703,0.47,0.4,3,113,3,0,0,0,marketing,high
9704,0.87,0.79,3,244,3,0,0,0,sales,high
9705,0.9,0.52,3,162,2,0,0,0,sales,high
9706,0.51,0.63,3,234,2,0,0,0,sales,high
9707,0.62,0.71,4,168,2,0,0,0,sales,high
9708,0.47,0.43,3,120,3,0,0,0,sales,high
9709,0.59,0.94,5,274,2,0,0,0,sales,high
9710,0.87,0.62,4,202,3,0,0,0,sales,high
9711,0.59,0.97,3,209,3,0,0,0,sales,high
9712,0.87,0.71,6,224,6,0,0,0,sales,high
9713,0.89,0.93,3,168,2,0,0,0,sales,high
9714,0.73,0.68,4,227,3,0,0,0,sales,low
9715,0.79,0.98,3,217,3,0,0,0,sales,low
9716,0.8,0.74,2,205,3,1,0,0,sales,low
9717,0.73,0.89,5,223,3,0,0,0,sales,low
9718,0.96,0.9,3,175,3,1,0,0,sales,low
9719,0.66,0.96,3,175,2,0,0,0,sales,low
9720,0.53,0.97,4,254,3,0,0,0,sales,low
9721,0.86,0.56,5,215,2,0,0,0,sales,low
9722,0.92,0.86,3,166,4,0,0,0,sales,low
9723,0.31,0.95,5,205,3,0,0,0,accounting,low
9724,0.69,0.73,4,233,2,0,0,0,accounting,low
9725,0.7,0.83,3,189,3,0,0,0,accounting,low
9726,0.63,0.74,4,202,3,0,0,0,hr,low
9727,0.24,0.53,6,165,5,0,0,0,hr,low
9728,0.13,0.94,4,213,5,1,0,0,hr,low
9729,0.47,0.41,2,140,3,0,0,0,hr,medium
9730,0.53,0.58,4,251,2,0,0,0,technical,medium
9731,0.96,0.96,5,243,3,0,0,0,technical,medium
9732,0.92,0.88,4,111,4,0,0,0,technical,medium
9733,0.56,0.59,3,178,2,0,0,0,technical,medium
9734,0.51,0.88,5,230,4,0,0,0,technical,medium
9735,0.22,0.85,6,172,6,1,0,0,technical,medium
9736,0.83,0.92,3,268,2,1,0,0,technical,medium
9737,0.85,0.48,2,208,4,0,0,0,technical,medium
9738,0.85,0.92,3,188,4,0,0,0,technical,medium
9739,0.85,0.9,5,247,2,0,0,0,technical,medium
9740,0.73,0.82,4,205,4,0,0,0,technical,medium
9741,0.18,0.52,3,213,4,0,0,0,support,high
9742,0.63,0.87,4,145,3,1,0,0,support,high
9743,0.5,0.48,2,106,2,0,0,0,support,high
9744,0.63,0.47,3,180,3,1,0,0,support,high
9745,0.15,0.95,4,251,5,0,0,0,support,high
9746,0.96,0.69,4,156,5,0,0,0,support,high
9747,0.96,0.91,5,179,2,0,0,0,support,high
9748,0.31,0.51,4,229,6,0,0,0,support,high
9749,0.59,0.49,4,149,4,0,0,0,support,low
9750,0.75,0.98,4,198,3,0,0,0,support,low
9751,0.96,0.51,3,241,6,1,0,0,support,low
9752,0.69,0.67,4,156,3,0,0,0,technical,low
9753,0.92,0.89,3,220,2,0,0,0,technical,low
9754,0.96,0.82,5,185,3,0,0,0,technical,low
9755,0.67,0.7,4,222,3,0,0,0,management,low
9756,0.49,0.56,3,221,3,1,0,0,IT,low
9757,0.85,0.65,4,280,3,1,0,0,IT,medium
9758,0.85,0.53,3,250,3,0,0,0,IT,medium
9759,0.91,0.77,4,167,3,1,0,0,IT,medium
9760,0.7,0.48,4,238,3,0,0,0,IT,medium
9761,0.98,0.99,4,132,2,0,0,0,product_mng,medium
9762,0.48,0.48,2,245,5,0,0,0,product_mng,medium
9763,0.39,0.6,2,161,2,0,0,0,product_mng,medium
9764,0.66,0.89,3,242,3,0,0,0,product_mng,medium
9765,0.6,0.61,3,104,5,0,0,0,IT,medium
9766,0.88,0.9,4,152,4,0,0,0,RandD,medium
9767,0.85,0.83,3,226,2,0,0,0,RandD,medium
9768,0.76,0.81,3,175,3,0,0,0,RandD,medium
9769,1.0,0.67,5,241,4,0,0,0,RandD,medium
9770,0.79,0.74,2,158,3,0,0,0,RandD,medium
9771,0.63,0.52,5,226,4,0,0,0,marketing,medium
9772,0.5,0.83,2,220,2,1,0,0,sales,medium
9773,0.83,0.74,4,233,3,0,0,0,accounting,medium
9774,0.71,0.81,3,141,3,0,0,0,support,medium
9775,0.94,0.87,4,157,3,0,0,0,technical,medium
9776,0.56,0.57,2,112,4,0,0,0,management,medium
9777,0.78,0.71,4,216,2,0,0,0,marketing,medium
9778,0.34,0.46,5,131,3,0,0,0,marketing,medium
9779,0.62,0.67,3,212,3,0,0,0,marketing,medium
9780,0.82,0.74,3,163,2,0,0,0,sales,high
9781,0.42,0.5,2,151,3,0,0,0,sales,low
9782,0.51,0.79,3,137,3,0,0,0,sales,medium
9783,0.63,0.78,2,158,5,1,0,0,sales,medium
9784,0.43,0.81,3,102,3,0,0,0,sales,medium
9785,0.5,0.49,5,256,3,0,0,0,sales,medium
9786,0.81,0.87,4,203,2,0,0,0,sales,medium
9787,0.63,0.7,5,177,2,1,0,0,sales,medium
9788,0.86,0.7,4,197,3,0,0,0,sales,medium
9789,0.92,0.91,3,202,2,0,0,0,sales,medium
9790,0.72,0.78,3,229,2,0,0,0,sales,medium
9791,0.78,0.63,4,181,2,0,0,0,sales,medium
9792,0.76,0.65,3,254,2,0,0,0,sales,low
9793,0.84,0.63,2,162,3,0,0,0,sales,low
9794,0.78,0.54,4,102,3,0,0,0,sales,low
9795,0.57,0.59,4,197,3,0,0,0,sales,low
9796,0.15,0.42,3,98,3,0,0,0,sales,low
9797,0.69,0.77,3,232,2,0,0,0,sales,low
9798,0.73,0.6,3,252,4,1,0,0,sales,low
9799,0.96,0.54,5,161,3,1,0,0,accounting,high
9800,0.91,0.78,4,169,4,0,0,0,accounting,low
9801,0.58,0.97,2,216,3,0,0,0,accounting,high
9802,0.84,0.56,3,266,3,0,0,0,hr,high
9803,0.51,0.58,3,141,3,0,0,0,hr,low
9804,0.71,0.95,4,249,3,0,0,0,hr,low
9805,0.63,0.82,5,268,3,0,0,0,hr,high
9806,0.66,0.51,3,192,3,0,0,0,technical,low
9807,0.5,0.8,6,201,5,0,0,0,technical,medium
9808,0.56,0.89,3,163,3,1,0,0,technical,high
9809,0.57,0.46,3,167,4,0,0,0,technical,medium
9810,0.7,0.65,5,202,3,1,0,0,technical,medium
9811,0.84,0.62,5,245,4,0,0,0,technical,medium
9812,0.33,0.59,3,243,2,0,0,0,technical,medium
9813,0.64,0.94,3,204,2,0,0,0,technical,high
9814,0.93,0.54,4,239,2,0,0,0,technical,medium
9815,1.0,0.58,4,229,2,1,0,0,technical,medium
9816,0.91,0.49,3,213,4,0,0,0,technical,medium
9817,0.56,0.59,5,254,4,0,0,0,support,high
9818,0.62,0.52,6,253,4,0,0,0,support,medium
9819,0.98,0.68,4,253,3,0,0,0,support,high
9820,0.96,0.85,5,211,4,0,0,0,support,low
9821,0.61,0.99,5,98,2,0,0,0,support,medium
9822,0.92,0.66,4,133,3,0,0,0,support,medium
9823,0.58,0.67,5,265,3,0,0,0,support,medium
9824,0.47,0.49,2,112,3,1,0,0,support,medium
9825,0.87,0.7,3,224,3,0,0,0,support,low
9826,0.8,0.64,5,180,2,0,0,0,support,low
9827,0.54,0.53,3,203,2,0,0,0,support,low
9828,0.14,0.83,6,275,6,0,0,0,technical,low
9829,0.98,0.76,5,168,3,0,0,0,technical,low
9830,0.13,0.58,4,203,4,0,0,0,technical,low
9831,0.64,0.81,3,209,3,0,0,0,management,low
9832,0.91,0.75,3,166,2,0,0,0,IT,low
9833,0.24,0.71,3,187,5,0,0,0,IT,low
9834,0.34,0.42,6,287,5,1,0,0,IT,low
9835,0.51,0.85,2,248,4,0,0,0,IT,high
9836,0.91,0.7,3,193,2,0,0,0,IT,low
9837,0.86,0.9,4,162,3,0,0,0,product_mng,low
9838,1.0,0.61,3,188,4,0,0,0,product_mng,low
9839,0.37,0.41,6,101,3,0,0,0,product_mng,low
9840,0.46,0.73,6,256,4,0,0,0,product_mng,high
9841,0.86,0.8,5,134,2,0,0,0,IT,low
9842,0.36,0.68,2,126,4,0,0,0,marketing,high
9843,0.52,0.93,2,243,3,0,0,0,accounting,high
9844,0.51,0.73,3,205,4,0,0,0,accounting,high
9845,0.69,0.94,5,259,2,0,0,0,IT,medium
9846,0.67,0.5,5,219,3,0,0,0,IT,medium
9847,0.6,0.99,5,161,3,0,0,0,management,high
9848,0.71,0.57,3,207,3,0,0,0,marketing,medium
9849,0.65,0.79,3,201,3,1,0,0,sales,high
9850,0.48,0.92,3,234,3,0,0,0,accounting,medium
9851,0.67,0.58,4,158,3,0,0,0,support,medium
9852,0.68,0.63,5,185,4,0,0,0,technical,medium
9853,0.74,0.85,3,176,3,0,0,0,management,medium
9854,0.9,0.77,5,163,3,0,0,0,marketing,medium
9855,0.67,0.83,3,171,3,1,0,0,marketing,medium
9856,0.64,0.66,5,163,4,0,0,0,marketing,medium
9857,0.54,0.87,4,163,3,0,0,0,sales,medium
9858,0.6,0.73,2,180,2,0,0,0,sales,high
9859,0.72,0.67,3,243,3,0,0,0,sales,low
9860,0.97,0.49,4,213,2,0,0,0,sales,medium
9861,0.99,0.89,3,273,2,0,0,0,sales,medium
9862,0.75,0.93,4,195,3,0,0,0,sales,medium
9863,0.84,0.98,4,246,3,0,0,0,sales,medium
9864,0.76,0.5,3,196,3,1,0,0,sales,medium
9865,0.96,0.51,5,205,2,1,0,0,sales,medium
9866,0.12,0.81,4,287,6,0,0,0,sales,medium
9867,0.54,0.79,3,211,3,0,0,0,sales,medium
9868,0.69,0.98,3,261,4,0,0,0,sales,medium
9869,0.77,0.71,5,204,3,0,0,0,sales,high
9870,0.96,0.86,2,163,3,0,0,0,sales,low
9871,0.53,0.62,4,162,2,0,0,0,sales,low
9872,0.54,0.72,4,259,2,1,0,0,sales,low
9873,0.89,0.64,4,151,5,0,0,0,sales,high
9874,0.52,0.84,2,266,2,0,0,0,sales,low
9875,0.29,0.65,5,110,5,1,0,0,sales,low
9876,0.93,0.6,4,271,3,0,0,0,accounting,low
9877,0.71,0.68,4,208,2,0,0,0,accounting,high
9878,0.23,0.5,2,150,6,0,0,0,accounting,low
9879,0.89,0.96,3,122,4,0,0,0,hr,low
9880,0.51,0.5,4,246,3,0,0,0,hr,low
9881,0.27,0.64,2,188,3,0,0,0,hr,low
9882,0.9,0.53,3,167,3,0,0,0,hr,low
9883,0.88,0.57,4,261,4,0,0,0,technical,low
9884,0.91,0.83,4,235,3,0,0,0,technical,low
9885,0.65,0.63,4,199,2,0,0,0,technical,medium
9886,0.68,0.5,4,166,4,1,0,0,technical,medium
9887,0.58,0.63,4,272,3,0,0,0,technical,medium
9888,0.68,0.62,3,158,3,0,0,0,technical,medium
9889,0.59,0.76,3,264,3,0,0,0,technical,medium
9890,0.56,0.57,5,274,3,0,0,0,technical,medium
9891,0.74,0.44,5,169,3,1,0,0,technical,medium
9892,0.5,0.91,4,148,2,0,0,0,technical,medium
9893,0.85,0.65,4,162,2,0,0,0,technical,medium
9894,0.57,0.48,5,221,3,0,0,0,support,medium
9895,0.89,0.58,3,167,3,0,0,0,support,medium
9896,0.76,0.66,5,206,2,0,0,0,support,medium
9897,0.96,0.7,3,169,3,0,0,0,support,high
9898,0.81,0.68,4,179,3,0,0,0,support,low
9899,0.79,0.85,4,100,6,0,0,0,support,medium
9900,0.63,0.66,3,177,2,1,0,0,support,medium
9901,0.92,0.82,5,252,3,0,0,0,support,medium
9902,0.77,0.74,4,202,4,0,0,0,support,medium
9903,0.73,0.87,4,263,2,0,0,0,support,low
9904,0.74,0.98,4,160,2,0,0,0,support,low
9905,0.8,0.74,5,229,3,1,0,0,technical,low
9906,0.82,0.85,5,195,4,0,0,0,technical,low
9907,0.48,0.81,3,212,2,0,0,0,technical,low
9908,0.79,0.54,6,190,4,0,0,0,management,low
9909,0.87,0.41,3,219,3,1,0,0,IT,low
9910,0.96,0.88,2,193,2,0,0,0,IT,low
9911,0.96,0.58,5,197,4,1,0,0,IT,low
9912,0.69,0.66,3,206,2,0,0,0,IT,low
9913,0.42,0.58,2,140,3,0,0,0,IT,low
9914,0.7,0.76,3,173,2,0,0,0,product_mng,low
9915,0.97,0.76,6,142,2,0,0,0,product_mng,low
9916,0.6,0.59,3,237,4,1,0,0,product_mng,low
9917,0.63,0.63,5,252,2,0,0,0,product_mng,low
9918,0.65,0.82,4,196,2,0,0,0,IT,low
9919,0.85,0.81,3,205,3,0,0,0,marketing,high
9920,0.54,0.83,3,201,3,0,0,0,accounting,high
9921,0.23,0.74,5,120,4,0,0,0,accounting,high
9922,0.95,0.73,2,187,2,0,0,0,IT,medium
9923,1.0,0.51,5,274,4,0,0,0,IT,medium
9924,0.77,0.93,3,227,3,0,0,0,management,high
9925,0.8,0.53,3,245,3,0,0,0,sales,medium
9926,0.88,0.56,4,243,4,0,0,0,accounting,medium
9927,0.73,0.68,3,132,2,0,0,0,support,medium
9928,0.54,0.9,3,206,3,0,0,0,technical,medium
9929,0.92,0.58,5,205,2,1,0,0,management,medium
9930,0.14,0.88,3,162,4,0,0,0,marketing,medium
9931,0.65,0.79,5,266,3,0,0,0,marketing,medium
9932,0.17,0.89,5,261,5,0,0,0,marketing,medium
9933,0.18,0.67,5,209,4,0,0,0,sales,medium
9934,0.58,0.5,5,184,4,0,0,0,sales,medium
9935,0.63,0.67,4,229,3,0,0,0,sales,medium
9936,0.68,0.81,3,180,2,1,0,0,sales,high
9937,0.91,0.98,5,135,3,0,0,0,sales,low
9938,0.95,0.94,3,174,3,0,0,0,sales,medium
9939,0.89,0.76,2,278,2,0,0,0,sales,medium
9940,0.76,0.76,3,197,2,0,0,0,sales,medium
9941,0.96,0.72,3,157,3,0,0,0,sales,medium
9942,0.78,0.63,4,156,3,0,0,0,sales,low
9943,0.98,0.9,3,186,4,0,0,0,sales,low
9944,0.76,0.42,3,217,2,0,0,0,sales,low
9945,0.63,0.49,5,192,2,0,0,0,sales,low
9946,0.39,0.37,3,127,3,0,0,0,sales,low
9947,0.91,0.67,3,257,2,0,0,0,sales,low
9948,0.8,0.8,4,229,4,0,0,0,sales,low
9949,0.89,0.64,4,274,2,1,0,0,sales,low
9950,0.75,0.41,5,196,4,0,0,0,sales,low
9951,0.94,0.85,3,137,3,0,0,0,sales,low
9952,0.5,0.75,4,239,2,0,0,0,accounting,low
9953,0.75,0.95,4,177,3,0,0,0,accounting,low
9954,0.84,0.78,5,164,3,0,0,0,accounting,low
9955,0.55,0.81,5,229,3,0,0,0,hr,low
9956,0.59,0.82,3,149,3,0,0,0,hr,low
9957,0.58,0.43,3,224,6,0,0,0,hr,low
9958,0.91,0.59,5,179,3,0,0,0,hr,low
9959,0.43,0.92,5,151,4,0,0,0,technical,low
9960,0.51,0.79,5,222,2,0,0,0,technical,low
9961,0.81,0.96,4,219,2,0,0,0,technical,low
9962,0.72,0.39,3,257,3,0,0,0,technical,low
9963,0.89,0.99,4,258,3,1,0,0,technical,medium
9964,0.61,0.74,5,185,2,1,0,0,technical,medium
9965,0.57,0.7,3,248,2,0,0,0,technical,medium
9966,0.74,0.82,5,154,2,0,0,0,technical,medium
9967,0.87,0.64,3,187,2,0,0,0,technical,medium
9968,0.58,0.62,3,182,3,0,0,0,technical,medium
9969,0.63,0.59,3,189,3,0,0,0,technical,medium
9970,0.89,0.85,4,195,4,0,0,0,support,medium
9971,0.49,0.74,2,154,3,0,0,0,support,medium
9972,0.59,0.59,4,244,3,0,0,0,support,medium
9973,0.71,0.99,3,228,2,0,0,0,support,medium
9974,0.58,0.62,3,218,3,0,0,0,support,medium
9975,0.84,0.61,5,202,3,0,0,0,support,high
9976,0.92,0.48,4,208,3,0,0,0,support,low
9977,0.91,0.59,3,266,2,0,0,0,support,medium
9978,0.92,0.78,4,177,2,0,0,0,support,medium
9979,0.95,0.65,3,183,3,0,0,0,support,medium
9980,0.53,0.62,4,201,3,0,0,0,support,medium
9981,0.89,0.89,5,179,2,0,0,0,technical,low
9982,0.81,0.84,3,198,2,0,0,0,technical,low
9983,0.78,0.67,5,209,3,0,0,0,technical,low
9984,0.66,0.48,3,203,4,1,0,0,management,low
9985,0.37,0.71,6,266,5,0,0,0,IT,low
9986,0.55,0.84,4,200,4,0,0,0,IT,low
9987,0.79,0.88,3,195,4,0,0,0,IT,low
9988,0.89,0.83,5,269,3,0,0,0,IT,low
9989,0.54,0.76,5,226,2,0,0,0,IT,low
9990,0.74,0.8,4,200,4,0,0,0,product_mng,low
9991,0.7,0.47,2,176,5,0,0,0,product_mng,low
9992,0.37,0.85,2,185,3,0,0,0,product_mng,low
9993,0.84,0.71,3,179,2,0,0,0,product_mng,low
9994,0.55,0.58,5,208,3,0,0,0,IT,low
9995,0.93,0.79,5,241,4,0,0,0,marketing,high
9996,0.97,0.55,4,166,3,1,0,0,accounting,high
9997,0.64,0.53,3,216,3,0,0,0,accounting,high
9998,0.62,0.64,4,185,2,0,0,0,IT,medium
9999,0.26,0.91,5,183,6,0,0,0,IT,medium
10000,0.93,0.49,4,255,2,0,0,0,management,high
10001,0.27,0.61,3,213,6,0,0,0,sales,low
10002,0.9,0.63,4,173,3,0,0,0,accounting,medium
10003,0.16,0.7,6,246,4,0,0,0,support,medium
10004,0.75,0.63,3,148,4,0,0,0,technical,medium
10005,0.72,0.74,2,238,3,0,0,0,management,medium
10006,0.68,0.51,3,185,3,0,0,0,marketing,medium
10007,0.13,0.77,4,201,5,0,0,0,marketing,medium
10008,0.96,0.92,3,150,2,0,0,0,marketing,medium
10009,0.71,0.72,4,137,3,0,0,0,sales,medium
10010,0.85,0.66,5,189,3,0,0,0,sales,medium
10011,0.87,0.91,3,229,3,1,0,0,sales,medium
10012,0.86,0.93,3,199,3,1,0,0,sales,medium
10013,0.49,0.85,3,250,2,0,0,0,sales,medium
10014,0.99,0.59,5,263,3,0,0,0,sales,high
10015,0.75,0.95,3,268,3,1,0,0,sales,low
10016,0.61,0.64,3,187,2,0,0,0,sales,medium
10017,0.89,0.84,6,196,4,0,0,0,sales,medium
10018,0.77,0.7,4,232,3,0,0,0,sales,medium
10019,0.7,0.79,3,226,4,0,0,0,sales,medium
10020,0.5,0.58,4,96,3,0,0,0,sales,low
10021,0.61,1.0,4,133,4,0,0,0,sales,low
10022,0.98,0.53,4,214,2,0,0,0,sales,low
10023,0.61,0.77,4,252,2,0,0,0,sales,low
10024,0.85,0.56,3,199,4,0,0,0,sales,low
10025,0.42,0.85,3,150,3,0,0,0,sales,low
10026,0.56,0.75,4,141,3,0,0,0,sales,low
10027,0.88,0.8,4,239,3,0,0,0,sales,low
10028,0.92,0.69,3,139,2,0,0,0,accounting,low
10029,0.85,0.77,3,146,4,0,0,0,accounting,low
10030,0.66,0.74,4,179,3,0,0,0,accounting,low
10031,0.82,0.93,3,160,3,0,0,0,hr,low
10032,0.14,0.58,6,205,3,0,0,0,hr,low
10033,0.6,0.98,5,213,3,0,0,0,hr,low
10034,0.92,0.65,4,260,2,0,0,0,hr,low
10035,0.51,0.72,3,242,3,0,0,0,technical,low
10036,0.85,0.46,3,123,5,1,0,0,technical,low
10037,0.43,0.84,2,285,5,0,0,0,technical,low
10038,0.98,0.56,3,103,5,0,0,0,technical,medium
10039,0.84,0.55,5,264,3,0,0,0,technical,medium
10040,0.7,0.52,3,227,2,0,0,0,technical,medium
10041,0.82,0.82,5,267,2,0,0,0,technical,medium
10042,0.94,0.67,3,142,3,0,0,0,technical,medium
10043,0.55,0.79,3,254,3,1,0,0,technical,medium
10044,0.98,0.5,3,251,3,0,0,0,technical,medium
10045,0.78,0.63,4,158,3,0,0,0,technical,medium
10046,0.99,0.77,5,160,3,0,0,0,support,medium
10047,0.74,0.58,4,215,3,1,0,0,support,medium
10048,0.5,0.74,4,237,2,1,0,0,support,medium
10049,0.25,0.8,5,237,6,0,0,0,support,medium
10050,0.49,0.55,4,268,4,0,0,0,support,high
10051,0.63,0.74,4,234,3,0,0,0,support,low
10052,0.68,0.73,3,250,2,0,0,0,support,medium
10053,0.62,0.54,4,212,4,0,0,0,support,medium
10054,0.89,0.52,4,189,3,0,0,0,support,medium
10055,0.31,0.37,2,104,3,1,0,0,support,medium
10056,0.89,0.61,3,211,2,0,0,0,support,low
10057,0.72,0.65,3,109,5,1,0,0,technical,low
10058,0.84,0.75,2,168,2,0,0,0,technical,low
10059,0.88,0.71,3,184,3,0,0,0,technical,low
10060,0.74,1.0,4,242,2,0,0,0,management,low
10061,0.96,0.95,6,215,4,0,0,0,IT,low
10062,0.82,0.89,5,182,3,0,0,0,IT,low
10063,0.7,0.64,5,260,3,0,0,0,IT,low
10064,0.61,0.84,4,265,2,0,0,0,IT,low
10065,0.65,0.83,5,182,2,1,0,0,IT,low
10066,0.77,0.64,3,191,3,1,0,0,product_mng,low
10067,0.81,0.77,5,167,4,0,0,0,product_mng,low
10068,0.87,0.66,3,270,2,0,0,0,product_mng,low
10069,0.96,0.73,4,273,2,0,0,0,product_mng,low
10070,0.48,0.7,3,251,3,0,0,0,IT,low
10071,0.78,0.96,3,217,3,0,0,0,marketing,high
10072,0.75,1.0,4,222,2,1,0,0,accounting,high
10073,0.23,0.87,5,258,4,1,0,0,accounting,high
10074,0.85,0.76,3,197,5,0,0,0,IT,medium
10075,0.67,0.56,3,193,2,1,0,0,IT,medium
10076,0.71,0.81,2,182,3,0,0,0,management,high
10077,0.72,0.7,3,163,3,1,0,0,sales,medium
10078,0.8,0.77,4,224,2,0,0,0,accounting,medium
10079,0.64,0.86,4,143,2,0,0,0,support,medium
10080,0.54,0.42,6,218,3,0,0,0,technical,medium
10081,0.73,0.67,3,208,4,0,0,0,management,medium
10082,0.73,1.0,2,229,3,0,0,0,marketing,medium
10083,0.55,0.62,5,184,4,0,0,0,marketing,medium
10084,0.63,0.41,3,180,5,1,0,0,marketing,medium
10085,0.15,0.8,5,121,5,0,0,0,sales,medium
10086,0.6,0.5,5,203,3,0,0,0,sales,medium
10087,0.38,0.51,3,151,2,0,0,0,sales,medium
10088,0.81,0.77,4,239,3,0,0,0,sales,medium
10089,0.75,0.53,3,166,3,0,0,0,sales,high
10090,0.52,0.92,3,268,3,0,0,0,sales,low
10091,0.51,1.0,5,196,4,0,0,0,sales,medium
10092,0.66,0.62,4,241,3,0,0,0,sales,medium
10093,0.8,0.87,5,251,3,0,0,0,sales,medium
10094,0.85,0.69,3,263,3,0,0,0,sales,medium
10095,0.77,0.73,3,224,2,1,0,0,sales,low
10096,0.29,0.4,4,138,4,0,0,0,sales,low
10097,0.15,0.67,6,167,6,0,0,0,sales,low
10098,0.73,0.83,5,266,5,0,0,0,sales,low
10099,0.55,0.74,2,116,3,0,0,0,sales,low
10100,0.2,0.69,2,160,4,0,0,0,sales,low
10101,0.56,0.68,3,144,3,1,0,0,sales,low
10102,0.55,0.54,3,190,3,0,0,0,sales,low
10103,0.9,0.49,6,175,4,0,0,0,sales,low
10104,0.73,0.55,3,206,4,0,0,0,accounting,low
10105,0.48,0.99,5,180,2,0,0,0,accounting,low
10106,0.64,0.74,4,157,4,0,0,0,accounting,low
10107,0.95,0.75,4,203,3,0,0,0,hr,low
10108,0.82,0.66,4,238,3,1,0,0,hr,low
10109,0.95,0.65,3,273,4,0,0,0,hr,low
10110,0.92,0.9,4,179,3,0,0,0,hr,low
10111,0.22,0.84,3,131,5,1,0,0,technical,low
10112,0.17,0.77,4,151,6,0,0,0,technical,low
10113,0.51,0.55,3,261,3,0,0,0,technical,low
10114,0.67,0.64,3,203,2,1,0,0,technical,low
10115,0.6,0.66,5,143,2,0,0,0,technical,low
10116,0.99,0.55,3,97,6,1,0,0,technical,medium
10117,0.35,0.71,6,204,4,1,0,0,technical,medium
10118,0.13,0.72,4,154,4,0,0,0,technical,medium
10119,0.97,0.93,2,160,6,0,0,0,technical,medium
10120,0.49,0.61,4,232,3,1,0,0,technical,medium
10121,0.62,0.71,3,255,2,0,0,0,technical,medium
10122,0.35,0.54,3,128,3,0,0,0,support,medium
10123,0.81,0.79,4,222,3,0,0,0,support,medium
10124,0.57,0.75,5,171,4,0,0,0,support,medium
10125,1.0,0.66,4,173,2,0,0,0,support,medium
10126,0.93,0.71,4,272,2,0,0,0,support,medium
10127,0.89,0.85,3,166,3,0,0,0,support,medium
10128,0.64,0.61,4,143,2,1,0,0,support,high
10129,0.54,0.95,4,149,3,0,0,0,support,low
10130,0.52,0.85,4,257,2,0,0,0,support,medium
10131,0.12,0.65,5,262,6,0,0,0,support,medium
10132,0.14,0.49,4,115,4,0,0,0,support,medium
10133,0.57,0.54,4,142,4,0,0,0,technical,medium
10134,0.57,0.64,4,144,4,0,0,0,technical,low
10135,1.0,0.56,5,247,3,0,0,0,technical,low
10136,0.94,0.58,4,216,3,0,0,0,management,low
10137,0.93,0.48,3,276,3,0,0,0,IT,low
10138,0.91,0.88,5,123,5,0,0,0,IT,low
10139,0.85,0.77,4,264,3,0,0,0,IT,low
10140,0.8,0.98,3,189,6,0,0,0,IT,low
10141,0.68,0.69,3,148,2,0,0,0,IT,low
10142,0.91,0.6,5,150,3,0,0,0,product_mng,medium
10143,0.93,0.9,3,172,3,0,0,0,product_mng,medium
10144,0.81,0.68,3,236,2,0,0,0,product_mng,medium
10145,0.51,0.74,4,151,3,0,0,0,product_mng,medium
10146,0.49,0.52,3,168,3,0,0,0,IT,medium
10147,0.55,0.55,5,256,3,0,0,0,RandD,medium
10148,0.17,0.51,6,213,3,0,0,0,RandD,medium
10149,0.8,0.79,4,148,3,0,0,0,RandD,medium
10150,0.61,0.67,3,266,3,0,0,0,RandD,medium
10151,0.59,0.73,3,195,2,0,0,0,RandD,medium
10152,0.67,0.77,4,242,3,0,0,0,marketing,medium
10153,0.96,0.81,4,183,3,0,0,0,sales,medium
10154,0.72,0.66,3,134,3,0,0,0,accounting,medium
10155,0.72,0.76,4,189,2,0,0,0,support,medium
10156,0.99,0.61,5,196,3,0,0,0,technical,medium
10157,0.22,0.61,4,150,6,0,0,0,management,medium
10158,0.32,0.52,4,191,2,0,0,0,marketing,medium
10159,0.64,0.86,4,248,6,0,0,0,marketing,medium
10160,0.9,0.49,3,256,2,0,0,0,marketing,medium
10161,0.86,0.9,3,158,2,0,0,0,sales,medium
10162,0.67,0.76,2,210,2,0,0,0,sales,medium
10163,0.9,0.59,3,247,2,0,0,0,sales,medium
10164,0.52,0.8,3,156,3,0,0,0,sales,medium
10165,0.57,0.89,3,202,2,0,0,0,sales,medium
10166,0.55,0.83,3,157,2,0,0,0,sales,medium
10167,0.2,0.83,4,258,4,0,0,0,sales,high
10168,0.89,0.66,4,176,3,0,0,0,sales,high
10169,0.15,0.56,4,214,5,0,0,0,sales,high
10170,0.8,0.6,3,212,3,0,0,0,sales,high
10171,0.55,0.48,4,271,6,1,0,0,sales,high
10172,0.53,0.64,5,281,4,0,0,0,sales,high
10173,0.62,0.77,3,204,4,0,0,0,sales,high
10174,1.0,0.58,3,112,2,0,0,0,sales,high
10175,0.31,0.75,3,120,4,0,0,0,sales,high
10176,0.62,0.51,5,134,3,0,0,0,sales,high
10177,0.73,0.61,5,222,3,0,0,0,sales,high
10178,0.52,0.61,3,203,3,0,0,0,sales,high
10179,0.33,0.65,2,239,5,0,0,0,sales,low
10180,0.88,0.5,3,142,3,0,0,0,accounting,low
10181,0.65,0.54,2,177,3,0,0,0,accounting,low
10182,0.91,0.7,6,201,2,1,0,0,accounting,low
10183,0.83,0.91,3,196,4,0,0,0,hr,low
10184,0.2,0.87,3,140,6,1,0,0,hr,low
10185,0.96,0.8,5,195,4,1,0,0,hr,low
10186,0.75,0.89,5,154,4,0,0,0,hr,low
10187,0.93,0.57,3,141,2,0,0,0,technical,low
10188,0.87,0.49,4,213,3,0,0,0,technical,low
10189,0.94,0.58,5,222,3,0,0,0,technical,low
10190,0.85,0.72,3,150,2,1,0,0,technical,low
10191,0.63,0.5,4,172,2,0,0,0,technical,low
10192,0.78,0.63,5,261,3,0,0,0,technical,low
10193,0.87,0.92,2,248,3,0,0,0,technical,low
10194,0.77,0.76,5,149,2,0,0,0,technical,medium
10195,1.0,0.61,5,178,3,0,0,0,technical,medium
10196,0.93,0.81,3,212,3,0,0,0,technical,medium
10197,0.5,0.4,2,108,2,0,0,0,technical,medium
10198,0.9,0.66,4,160,2,1,0,0,support,medium
10199,0.61,0.56,2,160,3,0,0,0,support,medium
10200,0.57,0.97,5,196,2,0,0,0,support,medium
10201,0.43,0.5,4,121,5,1,0,0,support,medium
10202,0.6,0.56,5,268,2,0,0,0,support,medium
10203,0.56,0.92,3,232,2,0,0,0,support,medium
10204,0.57,0.62,5,263,2,0,0,0,support,medium
10205,0.56,0.82,3,208,2,0,0,0,support,medium
10206,0.64,0.9,6,143,5,0,0,0,support,high
10207,0.53,0.56,5,236,4,1,0,0,support,high
10208,0.19,0.6,5,198,4,0,0,0,support,high
10209,0.5,0.8,4,261,3,0,0,0,technical,high
10210,0.86,0.97,4,258,3,0,0,0,technical,high
10211,0.92,0.66,3,230,3,0,0,0,technical,high
10212,0.82,0.97,3,137,3,0,0,0,management,high
10213,0.54,0.51,5,258,3,0,0,0,IT,high
10214,0.23,0.51,5,139,6,0,0,0,IT,low
10215,0.65,0.71,4,186,2,0,0,0,IT,low
10216,0.99,0.98,4,259,3,0,0,0,IT,low
10217,0.54,0.59,4,202,3,0,0,0,IT,low
10218,0.99,0.68,4,235,3,0,0,0,product_mng,low
10219,0.76,0.89,4,224,2,0,0,0,product_mng,low
10220,0.57,0.54,4,210,3,0,0,0,product_mng,low
10221,0.53,0.75,4,240,4,0,0,0,product_mng,low
10222,0.86,0.55,5,149,4,0,0,0,IT,medium
10223,0.97,0.96,4,250,6,0,0,0,RandD,medium
10224,0.13,0.76,5,171,5,0,0,0,RandD,medium
10225,0.73,0.89,3,139,3,0,0,0,RandD,medium
10226,0.62,0.95,4,132,3,0,0,0,RandD,medium
10227,0.59,0.37,3,125,2,0,0,0,RandD,medium
10228,0.63,0.7,6,141,3,1,0,0,marketing,medium
10229,0.64,0.52,3,269,2,0,0,0,sales,medium
10230,0.5,0.85,5,249,3,1,0,0,accounting,medium
10231,0.58,0.89,3,256,2,0,0,0,support,medium
10232,0.32,0.87,4,179,4,0,0,0,technical,medium
10233,0.72,0.67,5,210,2,0,0,0,management,medium
10234,0.61,0.74,3,160,3,0,0,0,marketing,medium
10235,0.97,0.55,2,267,4,0,0,0,marketing,medium
10236,0.87,0.64,2,169,3,1,0,0,marketing,medium
10237,0.88,0.81,4,235,6,0,0,0,sales,medium
10238,0.52,0.99,3,136,3,0,0,0,sales,medium
10239,0.95,0.81,5,210,4,0,0,0,sales,medium
10240,0.96,0.62,5,230,2,0,0,0,sales,medium
10241,0.98,0.58,5,186,3,0,0,0,sales,medium
10242,0.51,0.51,2,271,3,0,0,0,sales,medium
10243,1.0,0.63,2,105,2,0,0,0,sales,medium
10244,0.97,0.67,2,147,2,0,0,0,sales,medium
10245,0.79,0.56,4,177,3,0,0,0,sales,high
10246,0.64,0.45,3,135,6,0,0,0,sales,low
10247,0.84,0.76,5,243,3,0,0,0,sales,medium
10248,0.94,0.57,3,166,4,0,0,0,sales,medium
10249,0.7,0.79,4,194,3,0,0,0,sales,medium
10250,0.64,1.0,4,201,2,0,0,0,sales,medium
10251,0.56,0.88,4,248,2,0,0,0,sales,medium
10252,0.32,0.81,5,111,4,0,0,0,sales,medium
10253,0.75,0.72,5,174,3,0,0,0,sales,medium
10254,0.78,0.58,3,241,3,1,0,0,sales,medium
10255,0.7,0.49,4,173,3,0,0,0,sales,medium
10256,0.21,0.39,6,132,5,0,0,0,accounting,medium
10257,0.64,0.96,3,274,3,0,0,0,accounting,low
10258,0.54,0.52,3,115,3,0,0,0,accounting,low
10259,0.79,0.98,4,170,3,0,0,0,hr,low
10260,0.91,0.58,3,172,3,0,0,0,hr,low
10261,0.76,0.73,4,148,2,1,0,0,hr,low
10262,0.77,0.95,3,246,3,0,0,0,hr,low
10263,0.92,0.88,4,151,3,0,0,0,technical,low
10264,0.53,0.57,5,141,3,1,0,0,technical,high
10265,0.44,0.52,3,269,4,0,0,0,technical,low
10266,0.54,0.52,5,170,4,0,0,0,technical,high
10267,0.93,0.5,2,135,3,0,0,0,technical,high
10268,0.67,0.68,4,254,3,0,0,0,technical,low
10269,0.66,0.99,3,228,2,0,0,0,technical,low
10270,0.7,0.6,3,266,2,0,0,0,technical,high
10271,0.79,0.57,4,152,3,0,0,0,technical,low
10272,0.5,0.75,5,178,6,0,0,0,technical,medium
10273,1.0,0.75,3,237,3,0,0,0,technical,high
10274,0.61,0.52,5,255,3,0,0,0,support,medium
10275,0.72,0.5,4,245,3,0,0,0,support,medium
10276,0.78,0.95,3,155,3,1,0,0,support,medium
10277,0.87,0.84,5,216,3,1,0,0,support,medium
10278,0.57,0.58,3,251,2,0,0,0,support,high
10279,0.85,0.96,2,260,3,0,0,0,support,medium
10280,0.83,0.67,5,132,2,1,0,0,support,medium
10281,0.4,0.37,3,169,3,1,0,0,support,medium
10282,0.91,0.69,4,259,3,0,0,0,support,high
10283,0.48,0.98,3,257,2,0,0,0,support,medium
10284,0.94,0.58,5,190,3,1,0,0,support,high
10285,0.65,0.76,4,171,4,0,0,0,technical,low
10286,0.54,0.49,4,190,3,0,0,0,technical,medium
10287,0.76,0.81,5,270,4,0,0,0,technical,medium
10288,0.88,0.59,4,227,3,0,0,0,management,medium
10289,0.9,0.55,3,195,3,0,0,0,IT,medium
10290,0.64,0.75,3,169,3,0,0,0,IT,low
10291,0.74,0.75,4,169,4,0,0,0,IT,low
10292,0.45,0.54,2,184,2,0,0,0,IT,low
10293,0.61,0.62,3,240,3,0,0,0,IT,low
10294,0.16,0.97,6,282,4,0,0,0,product_mng,low
10295,0.67,0.74,3,226,3,0,0,0,product_mng,low
10296,0.74,0.74,2,254,3,0,0,0,product_mng,low
10297,0.53,0.57,4,250,3,1,0,0,product_mng,low
10298,0.75,0.98,3,143,2,0,0,0,IT,low
10299,0.76,0.98,4,258,3,0,0,0,RandD,low
10300,0.72,0.72,5,265,3,0,0,0,RandD,high
10301,0.65,0.54,6,181,4,0,0,0,RandD,low
10302,0.69,0.66,4,178,3,0,0,0,RandD,low
10303,0.7,0.74,3,194,3,0,0,0,RandD,low
10304,0.66,0.84,4,253,4,0,0,0,marketing,low
10305,0.13,0.48,3,210,3,0,0,0,sales,high
10306,0.67,0.53,3,264,2,0,0,0,accounting,low
10307,0.99,0.7,3,219,3,0,0,0,support,low
10308,0.51,0.86,3,198,2,0,0,0,technical,low
10309,0.61,0.7,4,161,3,1,0,0,management,high
10310,0.9,0.6,3,255,4,1,0,0,marketing,low
10311,0.61,0.62,4,233,3,0,0,0,marketing,medium
10312,0.15,0.89,3,251,4,0,0,0,marketing,high
10313,0.53,0.85,5,268,3,1,0,0,sales,medium
10314,0.41,0.48,3,135,3,0,0,0,sales,high
10315,0.9,0.64,4,201,2,1,0,0,sales,medium
10316,0.67,0.9,5,171,3,0,0,0,sales,medium
10317,0.22,0.7,4,225,4,0,0,0,sales,medium
10318,0.35,0.56,3,144,3,0,0,0,sales,medium
10319,0.66,0.96,4,185,2,1,0,0,sales,medium
10320,0.63,0.82,5,275,3,1,0,0,sales,medium
10321,0.89,0.67,3,269,3,0,0,0,sales,medium
10322,0.88,0.75,4,201,2,0,0,0,sales,medium
10323,0.73,0.6,4,166,3,0,0,0,sales,high
10324,1.0,0.83,4,280,4,1,0,0,sales,low
10325,0.99,0.89,4,254,3,1,0,0,sales,medium
10326,0.12,0.84,5,230,4,0,0,0,sales,medium
10327,0.64,0.43,5,269,3,0,0,0,sales,medium
10328,0.65,0.72,3,248,4,0,0,0,sales,medium
10329,0.56,0.57,4,161,3,0,0,0,sales,medium
10330,0.88,0.62,4,237,2,0,0,0,sales,medium
10331,0.54,0.68,3,144,5,0,0,0,sales,medium
10332,0.77,0.8,2,255,2,1,0,0,accounting,medium
10333,0.66,0.67,5,148,3,0,0,0,accounting,medium
10334,0.54,0.65,3,185,2,0,0,0,accounting,high
10335,0.14,0.43,2,238,3,0,0,0,hr,low
10336,0.85,0.69,5,273,3,1,0,0,hr,low
10337,0.9,0.66,3,256,4,0,0,0,hr,low
10338,0.81,0.79,4,177,2,0,0,0,hr,high
10339,0.14,0.76,5,215,4,0,0,0,technical,low
10340,0.94,0.96,4,270,3,1,0,0,technical,low
10341,0.69,0.82,4,272,2,0,0,0,technical,low
10342,0.66,0.67,4,268,2,0,0,0,technical,high
10343,0.75,0.61,4,272,2,0,0,0,technical,low
10344,0.53,0.61,4,182,3,0,0,0,technical,low
10345,0.91,0.82,6,280,3,0,0,0,technical,low
10346,0.93,0.61,4,205,3,0,0,0,technical,low
10347,0.89,0.91,3,264,3,1,0,0,technical,low
10348,0.84,0.79,2,150,3,0,0,0,technical,low
10349,0.94,0.86,3,150,2,0,0,0,technical,low
10350,1.0,0.86,4,195,4,0,0,0,support,medium
10351,0.79,0.68,5,272,3,0,0,0,support,medium
10352,0.62,0.61,3,171,3,0,0,0,support,medium
10353,0.45,0.43,4,253,4,0,0,0,support,medium
10354,0.54,0.48,3,158,2,0,0,0,support,medium
10355,0.13,0.97,3,156,2,0,0,0,support,medium
10356,0.99,0.73,3,181,2,0,0,0,support,medium
10357,0.54,0.75,4,249,4,0,0,0,support,medium
10358,0.52,0.38,3,132,4,0,0,0,support,medium
10359,0.24,0.65,4,248,3,0,0,0,support,medium
10360,0.12,0.7,5,277,3,0,0,0,support,medium
10361,0.52,0.96,6,166,5,1,0,0,technical,medium
10362,0.44,0.63,3,193,3,0,0,0,technical,high
10363,0.81,0.53,3,148,3,0,0,0,technical,low
10364,0.25,0.64,4,226,5,0,0,0,management,medium
10365,0.63,0.91,3,233,4,0,0,0,IT,medium
10366,0.61,0.46,3,171,3,0,0,0,IT,medium
10367,0.51,0.56,4,157,3,0,0,0,IT,medium
10368,0.66,0.54,5,191,2,0,0,0,IT,low
10369,0.86,0.59,4,189,2,0,0,0,IT,low
10370,0.98,0.89,5,181,3,0,0,0,product_mng,low
10371,0.99,0.37,6,219,6,0,0,0,product_mng,low
10372,0.78,0.91,3,166,2,1,0,0,product_mng,low
10373,0.84,0.53,2,275,3,0,0,0,product_mng,low
10374,0.17,0.59,6,160,2,0,0,0,IT,low
10375,0.48,0.72,4,186,3,0,0,0,RandD,low
10376,0.63,0.66,3,256,4,1,0,0,RandD,low
10377,0.58,0.67,3,156,2,0,0,0,RandD,low
10378,0.7,0.48,5,99,4,0,0,0,RandD,low
10379,0.61,0.85,4,273,3,0,0,0,RandD,low
10380,0.91,0.81,4,135,2,0,0,0,marketing,low
10381,0.34,0.82,6,202,3,0,0,0,sales,low
10382,0.56,0.49,4,256,3,0,0,0,accounting,low
10383,0.93,0.81,3,143,3,0,0,0,support,low
10384,0.56,0.81,4,216,2,0,0,0,technical,low
10385,0.99,0.5,4,173,3,0,0,0,management,low
10386,0.77,0.83,4,154,3,0,0,0,marketing,low
10387,0.76,0.61,4,172,2,0,0,0,marketing,low
10388,0.65,0.65,5,180,2,0,0,0,marketing,low
10389,0.5,0.76,3,174,3,0,0,0,sales,medium
10390,0.59,0.61,3,210,2,0,0,0,sales,medium
10391,0.68,0.58,4,186,2,0,0,0,sales,medium
10392,0.85,0.82,5,184,3,0,0,0,sales,medium
10393,0.83,0.77,3,260,2,0,0,0,sales,medium
10394,0.7,0.58,4,207,2,1,0,0,sales,medium
10395,0.16,0.76,6,210,5,0,0,0,sales,medium
10396,0.66,0.95,5,206,2,0,0,0,sales,medium
10397,0.81,0.84,4,173,4,0,0,0,sales,medium
10398,0.96,0.74,5,194,4,1,0,0,sales,medium
10399,0.66,0.54,5,203,2,0,0,0,sales,medium
10400,0.83,0.53,3,186,4,0,0,0,sales,medium
10401,0.99,0.9,4,175,3,1,0,0,sales,high
10402,0.99,0.83,4,274,2,0,0,0,sales,low
10403,0.67,0.78,4,193,3,0,0,0,sales,medium
10404,0.54,0.61,2,264,3,0,0,0,sales,medium
10405,0.22,0.69,3,212,3,0,0,0,sales,medium
10406,0.25,0.82,5,244,5,1,0,0,sales,medium
10407,0.73,0.98,4,216,2,0,0,0,sales,low
10408,1.0,0.88,4,252,4,0,0,0,accounting,low
10409,0.4,0.58,3,135,3,0,0,0,accounting,low
10410,0.45,0.5,5,99,4,1,0,0,accounting,low
10411,0.61,0.81,5,136,3,0,0,0,hr,low
10412,0.81,0.64,6,176,5,0,0,0,hr,low
10413,0.61,0.76,4,135,2,0,0,0,hr,low
10414,0.57,0.94,3,230,2,0,0,0,hr,low
10415,0.9,0.65,4,221,3,0,0,0,technical,low
10416,0.43,0.82,4,138,5,0,0,0,technical,low
10417,0.99,0.98,4,169,3,1,0,0,technical,low
10418,0.62,0.49,4,174,3,0,0,0,technical,low
10419,0.63,0.65,3,162,2,0,0,0,technical,low
10420,0.89,0.99,4,274,4,0,0,0,technical,low
10421,0.61,0.84,3,206,2,0,0,0,technical,low
10422,0.62,0.89,4,254,3,1,0,0,technical,low
10423,0.86,0.61,4,181,4,0,0,0,technical,low
10424,0.75,0.62,5,144,3,0,0,0,technical,low
10425,0.63,0.54,4,147,4,0,0,0,technical,low
10426,0.69,0.8,3,212,4,0,0,0,support,low
10427,0.71,0.76,3,134,3,1,0,0,support,low
10428,0.63,0.95,4,134,3,0,0,0,support,medium
10429,0.89,0.7,3,256,4,0,0,0,support,medium
10430,0.71,0.36,2,132,5,0,0,0,support,medium
10431,0.88,0.82,4,109,2,0,0,0,support,medium
10432,0.73,0.52,4,141,3,0,0,0,support,medium
10433,0.52,0.83,4,180,2,0,0,0,support,medium
10434,0.77,0.65,2,162,4,1,0,0,support,medium
10435,0.94,0.48,4,143,2,0,0,0,support,medium
10436,0.99,0.87,5,211,2,0,0,0,support,medium
10437,0.89,0.56,4,225,4,0,0,0,technical,medium
10438,0.53,0.52,2,135,4,0,0,0,technical,medium
10439,0.23,0.64,3,228,4,1,0,0,technical,medium
10440,0.87,0.73,5,111,4,0,0,0,management,high
10441,0.21,0.69,3,144,6,1,0,0,IT,low
10442,0.71,0.51,4,202,3,0,0,0,IT,medium
10443,0.75,0.71,5,147,4,1,0,0,IT,medium
10444,0.63,0.89,3,239,3,0,0,0,IT,medium
10445,0.55,0.4,5,219,4,0,0,0,IT,medium
10446,0.93,0.55,3,134,3,1,0,0,product_mng,low
10447,0.53,0.89,3,167,2,0,0,0,product_mng,low
10448,0.94,0.89,4,192,2,0,0,0,product_mng,low
10449,0.46,0.82,2,189,5,0,0,0,product_mng,low
10450,0.59,0.53,4,213,2,0,0,0,IT,low
10451,0.75,0.56,5,231,2,0,0,0,RandD,low
10452,0.76,0.63,3,198,3,0,0,0,RandD,low
10453,0.96,0.89,3,163,2,0,0,0,RandD,low
10454,0.55,0.93,4,251,4,1,0,0,RandD,low
10455,0.52,0.82,3,170,3,0,0,0,RandD,low
10456,0.55,0.5,5,231,3,0,0,0,marketing,low
10457,0.52,0.98,4,165,2,0,0,0,sales,low
10458,0.49,0.5,5,183,3,0,0,0,accounting,low
10459,0.49,0.89,3,213,2,0,0,0,support,low
10460,1.0,0.89,3,230,3,1,0,0,technical,low
10461,0.97,0.62,3,167,3,0,0,0,management,low
10462,0.97,0.89,3,264,3,0,0,0,marketing,low
10463,0.21,0.43,2,249,3,0,0,0,marketing,low
10464,0.24,0.7,6,153,5,1,0,0,marketing,low
10465,0.76,0.79,3,111,2,0,0,0,sales,low
10466,0.78,0.6,3,232,2,0,0,0,sales,low
10467,0.59,0.52,6,190,4,0,0,0,sales,medium
10468,0.54,0.71,3,145,3,1,0,0,sales,medium
10469,0.34,0.69,2,193,3,0,0,0,sales,medium
10470,0.91,0.82,3,183,2,0,0,0,sales,medium
10471,0.49,0.61,3,240,3,0,0,0,sales,medium
10472,0.71,1.0,5,210,3,0,0,0,sales,medium
10473,0.64,0.72,4,152,3,1,0,0,sales,medium
10474,0.6,0.61,4,140,4,0,0,0,sales,medium
10475,0.91,0.66,3,208,4,0,0,0,sales,medium
10476,0.92,0.6,3,198,2,0,0,0,sales,medium
10477,0.91,0.52,3,178,3,0,0,0,sales,medium
10478,0.88,0.77,3,279,3,1,0,0,sales,medium
10479,0.86,0.82,3,263,6,0,0,0,sales,high
10480,0.81,0.54,3,215,4,1,0,0,sales,low
10481,0.84,0.73,3,181,3,1,0,0,sales,medium
10482,0.56,0.55,2,270,3,0,0,0,sales,medium
10483,0.6,0.52,3,236,3,0,0,0,sales,medium
10484,0.71,0.87,3,271,2,0,0,0,accounting,medium
10485,0.62,0.79,5,172,3,0,0,0,accounting,low
10486,0.73,0.65,3,145,2,0,0,0,accounting,low
10487,0.56,0.69,5,198,3,0,0,0,hr,low
10488,0.6,0.74,3,175,3,1,0,0,hr,low
10489,0.55,0.64,4,260,3,0,0,0,hr,low
10490,0.5,0.7,4,135,3,0,0,0,hr,low
10491,0.42,0.73,3,108,4,0,0,0,technical,low
10492,0.51,0.94,5,260,4,0,0,0,technical,low
10493,0.66,0.94,4,176,2,1,0,0,technical,low
10494,0.79,0.67,5,222,4,0,0,0,technical,low
10495,0.3,0.66,4,119,3,0,0,0,technical,low
10496,0.57,1.0,3,241,4,0,0,0,technical,low
10497,0.74,0.93,6,225,4,0,0,0,technical,low
10498,0.98,0.56,5,188,3,0,0,0,technical,low
10499,0.17,0.73,4,188,5,0,0,0,technical,low
10500,0.62,0.77,3,225,4,1,0,0,technical,low
10501,0.32,0.4,2,132,3,0,0,0,technical,low
10502,0.58,0.91,5,185,2,0,0,0,support,low
10503,0.59,0.9,4,173,3,0,0,0,support,medium
10504,0.59,0.55,3,179,3,0,0,0,support,medium
10505,0.8,0.58,4,189,2,0,0,0,support,medium
10506,0.84,0.85,5,246,3,0,0,0,support,medium
10507,0.54,0.76,2,166,4,0,0,0,support,medium
10508,0.51,0.98,4,245,3,0,0,0,support,medium
10509,0.66,0.56,2,104,3,1,0,0,support,medium
10510,0.37,0.52,4,151,2,0,0,0,support,medium
10511,0.49,0.63,4,213,3,0,0,0,support,medium
10512,0.88,0.71,5,255,3,0,0,0,support,medium
10513,0.66,0.9,4,268,3,0,0,0,technical,medium
10514,0.25,0.53,4,160,4,0,0,0,technical,medium
10515,0.49,0.52,4,267,2,0,0,0,technical,high
10516,0.87,0.77,3,190,3,0,0,0,management,low
10517,0.54,0.95,5,255,2,0,0,0,IT,medium
10518,0.24,0.95,3,168,4,0,0,0,IT,medium
10519,0.65,0.74,4,228,2,1,0,0,IT,medium
10520,0.58,0.87,4,181,3,0,0,0,IT,medium
10521,0.77,0.54,5,252,2,0,0,0,IT,low
10522,0.86,0.63,4,244,3,0,0,0,product_mng,low
10523,0.62,0.69,3,207,4,0,0,0,product_mng,low
10524,0.56,0.48,3,134,3,0,0,0,product_mng,low
10525,0.75,0.53,3,244,2,0,0,0,product_mng,low
10526,0.8,0.96,4,160,4,0,0,0,IT,low
10527,0.56,0.93,4,260,4,0,0,0,RandD,low
10528,0.83,0.6,4,170,3,0,0,0,RandD,low
10529,0.51,0.98,4,171,2,0,0,0,RandD,low
10530,0.82,0.9,4,232,3,0,0,0,RandD,low
10531,0.81,0.91,3,184,3,0,0,0,RandD,low
10532,0.52,0.64,4,268,3,0,0,0,marketing,low
10533,0.79,0.56,4,248,3,0,0,0,sales,low
10534,0.83,0.5,5,274,3,0,0,0,accounting,low
10535,0.97,0.81,3,145,3,0,0,0,support,low
10536,0.61,0.88,5,134,4,0,0,0,technical,low
10537,0.84,0.66,3,114,6,1,0,0,management,low
10538,0.9,1.0,4,218,2,0,0,0,marketing,low
10539,0.82,0.77,4,152,2,1,0,0,marketing,low
10540,0.69,0.76,5,174,3,0,0,0,marketing,low
10541,0.18,0.73,6,231,4,0,0,0,sales,low
10542,0.33,1.0,2,210,3,1,0,0,sales,medium
10543,0.15,0.92,5,164,3,0,0,0,sales,medium
10544,0.61,0.78,4,198,3,0,0,0,sales,medium
10545,0.92,0.55,4,220,2,0,0,0,sales,medium
10546,0.13,0.61,6,283,5,0,0,0,sales,medium
10547,0.18,0.48,4,240,4,0,0,0,sales,medium
10548,0.27,0.85,5,142,6,0,0,0,sales,medium
10549,0.66,0.61,4,263,4,0,0,0,sales,medium
10550,0.21,0.81,5,142,4,0,0,0,sales,medium
10551,0.92,0.9,4,203,4,0,0,0,sales,medium
10552,0.97,0.5,3,266,3,1,0,0,sales,medium
10553,0.97,0.7,3,253,3,0,0,0,sales,medium
10554,0.64,0.61,4,136,3,0,0,0,sales,high
10555,0.75,0.9,3,140,3,0,0,0,sales,low
10556,0.9,0.76,4,252,4,0,0,0,sales,medium
10557,0.81,0.75,5,101,5,0,0,0,sales,medium
10558,0.99,0.72,3,163,3,0,0,0,sales,medium
10559,0.49,0.5,5,170,2,0,0,0,sales,medium
10560,0.92,0.4,2,238,3,0,0,0,accounting,low
10561,0.74,0.56,4,190,3,1,0,0,accounting,low
10562,0.37,0.37,5,173,2,0,0,0,accounting,low
10563,0.67,0.61,4,145,4,0,0,0,hr,low
10564,0.74,0.89,5,182,2,0,0,0,hr,low
10565,0.85,0.64,4,188,3,0,0,0,hr,low
10566,0.72,0.71,3,133,2,0,0,0,hr,low
10567,0.75,0.71,4,155,4,0,0,0,technical,low
10568,0.91,0.4,6,153,3,0,0,0,technical,low
10569,0.84,0.62,4,138,3,0,0,0,technical,low
10570,0.64,0.51,4,177,3,0,0,0,technical,low
10571,0.15,0.91,6,98,6,1,0,0,technical,low
10572,0.66,0.66,3,225,3,0,0,0,technical,low
10573,0.2,0.69,6,236,4,0,0,0,technical,low
10574,0.97,0.78,3,268,3,1,0,0,technical,low
10575,0.59,0.73,2,230,3,0,0,0,technical,low
10576,0.88,0.6,4,162,2,0,0,0,technical,low
10577,0.16,0.73,4,197,2,0,0,0,technical,low
10578,0.61,0.96,3,247,3,0,0,0,support,low
10579,0.52,0.79,4,234,3,0,0,0,support,low
10580,0.82,0.49,4,276,4,0,0,0,support,low
10581,0.75,0.94,5,217,2,0,0,0,support,medium
10582,0.62,0.5,4,156,2,0,0,0,support,medium
10583,0.91,0.88,3,189,2,0,0,0,support,medium
10584,0.61,0.98,2,238,4,0,0,0,support,medium
10585,0.79,0.77,3,201,6,1,0,0,support,medium
10586,0.9,0.93,4,263,3,1,0,0,support,medium
10587,0.75,0.83,3,146,3,0,0,0,support,medium
10588,0.81,0.64,4,213,3,0,0,0,support,medium
10589,0.59,0.88,3,159,2,0,0,0,technical,medium
10590,0.56,0.83,3,236,3,1,0,0,technical,medium
10591,0.98,0.79,5,257,4,0,0,0,technical,medium
10592,0.59,0.72,4,168,4,0,0,0,management,medium
10593,0.61,0.67,4,151,3,0,0,0,IT,high
10594,0.78,0.7,4,139,3,0,0,0,IT,low
10595,0.55,0.93,5,196,3,0,0,0,IT,medium
10596,0.2,0.97,4,237,5,0,0,0,IT,medium
10597,0.79,0.44,2,236,3,0,0,0,IT,medium
10598,0.52,0.98,4,265,3,0,0,0,product_mng,medium
10599,0.97,0.52,4,207,3,0,0,0,product_mng,low
10600,0.63,0.94,4,219,3,0,0,0,product_mng,low
10601,0.85,0.99,3,208,2,0,0,0,product_mng,low
10602,0.59,0.74,3,240,3,0,0,0,IT,low
10603,0.64,0.6,3,135,3,0,0,0,RandD,low
10604,0.8,0.67,3,236,3,1,0,0,RandD,low
10605,0.61,0.75,3,140,3,0,0,0,RandD,low
10606,0.87,0.61,3,162,2,0,0,0,RandD,low
10607,0.75,0.59,3,117,3,1,0,0,RandD,medium
10608,0.96,0.51,4,225,3,0,0,0,marketing,medium
10609,0.75,0.92,3,211,3,0,0,0,sales,medium
10610,0.19,0.58,4,173,5,0,0,0,accounting,medium
10611,0.52,0.97,4,170,3,0,0,0,support,medium
10612,0.6,0.6,3,242,3,0,0,0,technical,medium
10613,0.9,0.81,4,175,3,0,0,0,management,medium
10614,0.89,0.92,3,195,2,0,0,0,marketing,medium
10615,0.54,0.93,4,184,2,1,0,0,marketing,medium
10616,0.99,0.55,3,170,3,0,0,0,marketing,medium
10617,0.66,0.56,4,185,3,0,0,0,sales,medium
10618,0.92,0.64,4,259,2,0,0,0,sales,medium
10619,0.19,0.72,4,102,3,0,0,0,sales,medium
10620,0.39,0.37,5,156,4,0,0,0,sales,medium
10621,0.41,0.68,3,191,4,0,0,0,sales,medium
10622,0.6,0.49,3,239,2,0,0,0,sales,medium
10623,0.95,0.54,4,235,4,0,0,0,sales,medium
10624,0.51,0.87,2,130,4,0,0,0,sales,medium
10625,0.54,0.74,2,166,3,0,0,0,sales,medium
10626,0.16,0.54,5,206,5,0,0,0,sales,medium
10627,0.98,0.77,3,191,2,0,0,0,sales,medium
10628,0.65,0.75,3,214,3,0,0,0,sales,medium
10629,0.38,0.5,3,196,3,0,0,0,sales,medium
10630,0.95,0.71,4,151,4,0,0,0,sales,medium
10631,0.6,0.62,5,165,2,0,0,0,sales,medium
10632,0.78,0.91,3,177,2,0,0,0,sales,high
10633,0.19,0.63,6,241,6,0,0,0,sales,high
10634,0.56,0.99,4,230,3,0,0,0,sales,high
10635,0.21,0.71,4,270,2,0,0,0,sales,high
10636,0.83,0.71,3,234,4,0,0,0,accounting,high
10637,0.5,0.64,3,257,2,1,0,0,accounting,high
10638,0.74,0.87,5,264,3,0,0,0,accounting,high
10639,0.75,0.83,4,133,4,0,0,0,hr,high
10640,0.85,0.66,4,155,4,0,0,0,hr,high
10641,0.93,0.59,3,202,2,0,0,0,hr,high
10642,0.76,0.7,3,136,2,0,0,0,hr,high
10643,0.91,0.78,3,269,3,1,0,0,technical,high
10644,0.22,0.54,6,169,4,0,0,0,technical,low
10645,0.78,0.52,5,192,3,1,0,0,technical,low
10646,0.53,0.8,4,241,3,1,0,0,technical,low
10647,0.58,0.69,4,165,3,0,0,0,technical,low
10648,0.99,0.81,3,183,2,0,0,0,technical,low
10649,0.62,0.64,4,163,3,0,0,0,technical,low
10650,0.59,0.69,3,162,3,0,0,0,technical,low
10651,0.13,0.76,5,219,4,0,0,0,technical,low
10652,0.19,0.63,4,278,6,0,0,0,technical,low
10653,0.94,0.99,2,273,4,0,0,0,technical,low
10654,0.53,0.96,4,272,2,0,0,0,support,low
10655,0.96,0.85,5,168,2,0,0,0,support,low
10656,0.62,0.87,4,221,3,1,0,0,support,low
10657,0.81,0.86,4,213,3,0,0,0,support,low
10658,0.63,0.78,4,275,3,0,0,0,support,low
10659,0.92,0.68,5,177,4,0,0,0,support,medium
10660,0.83,0.74,4,249,2,0,0,0,support,medium
10661,0.49,0.37,5,246,3,0,0,0,support,medium
10662,0.8,0.66,4,223,3,0,0,0,support,medium
10663,0.54,0.76,4,244,2,0,0,0,support,medium
10664,0.37,0.72,3,169,2,1,0,0,support,medium
10665,0.93,0.56,5,140,3,0,0,0,technical,medium
10666,0.88,0.99,5,253,2,0,0,0,technical,medium
10667,0.79,0.87,3,194,2,0,0,0,technical,medium
10668,0.65,0.88,4,173,3,0,0,0,management,medium
10669,0.72,0.7,4,172,3,0,0,0,IT,medium
10670,0.58,0.49,3,167,3,0,0,0,IT,medium
10671,0.37,0.51,2,153,3,0,0,0,IT,high
10672,0.87,0.97,4,243,3,0,0,0,IT,high
10673,0.63,0.72,6,163,4,0,0,0,IT,high
10674,0.72,0.79,3,221,3,0,0,0,product_mng,high
10675,0.36,0.55,3,191,3,0,0,0,product_mng,high
10676,0.96,0.7,4,272,3,0,0,0,product_mng,high
10677,0.52,0.37,2,118,2,0,0,0,product_mng,high
10678,0.16,0.83,5,173,4,0,0,0,IT,high
10679,0.63,0.55,4,200,3,1,0,0,RandD,low
10680,0.92,0.76,5,132,3,1,0,0,RandD,low
10681,0.82,0.49,4,180,2,0,0,0,RandD,low
10682,0.18,0.54,4,145,5,0,0,0,RandD,low
10683,0.73,0.48,4,139,2,0,0,0,RandD,low
10684,0.44,0.61,5,230,6,0,0,0,marketing,low
10685,0.73,0.62,4,247,4,0,0,0,sales,low
10686,0.62,0.95,4,140,2,0,0,0,accounting,low
10687,0.94,0.8,4,266,3,1,0,0,support,medium
10688,0.76,0.74,4,261,3,0,0,0,technical,medium
10689,0.89,0.49,4,275,3,0,0,0,management,medium
10690,0.9,0.88,5,254,2,0,0,0,marketing,medium
10691,1.0,0.93,5,231,2,0,0,0,marketing,medium
10692,0.71,0.9,3,138,3,0,0,0,marketing,medium
10693,0.73,0.97,4,163,3,0,0,0,sales,medium
10694,0.97,0.9,5,262,3,0,0,0,sales,medium
10695,0.6,0.59,4,201,3,0,0,0,sales,medium
10696,0.82,0.67,3,229,3,0,0,0,sales,medium
10697,0.95,0.48,4,228,2,0,0,0,sales,medium
10698,0.88,0.65,5,228,3,0,0,0,sales,medium
10699,0.79,0.49,3,273,3,0,0,0,sales,medium
10700,0.52,0.96,4,171,2,0,0,0,sales,medium
10701,0.22,0.61,3,148,5,0,0,0,sales,medium
10702,0.59,0.96,5,211,3,0,0,0,sales,medium
10703,0.84,0.64,2,211,3,0,0,0,sales,medium
10704,0.54,0.41,3,175,3,0,0,0,sales,medium
10705,1.0,0.86,4,245,4,0,0,0,sales,medium
10706,0.93,0.59,3,273,2,1,0,0,sales,medium
10707,0.96,0.55,3,225,4,1,0,0,sales,medium
10708,0.56,0.41,5,152,3,0,0,0,sales,medium
10709,0.49,0.66,5,194,3,0,0,0,sales,medium
10710,0.89,0.51,4,185,3,1,0,0,sales,high
10711,0.57,0.91,3,193,2,0,0,0,sales,low
10712,0.96,0.64,3,166,2,0,0,0,accounting,medium
10713,0.65,0.89,5,223,3,1,0,0,accounting,medium
10714,0.14,0.66,5,281,4,1,0,0,accounting,medium
10715,0.64,0.49,3,241,3,0,0,0,hr,medium
10716,0.98,0.91,3,165,2,1,0,0,hr,medium
10717,0.71,0.59,4,143,2,0,0,0,hr,medium
10718,0.96,0.49,5,137,3,0,0,0,hr,medium
10719,0.9,0.57,4,185,3,1,0,0,technical,medium
10720,0.52,0.96,3,271,3,1,0,0,technical,medium
10721,0.78,0.98,4,207,2,1,0,0,technical,medium
10722,0.62,0.69,4,184,3,0,0,0,technical,low
10723,0.6,0.8,4,253,2,0,0,0,technical,low
10724,0.82,0.62,3,152,6,0,0,0,technical,low
10725,0.52,0.55,3,225,2,0,0,0,technical,low
10726,0.13,0.84,5,189,5,0,0,0,technical,low
10727,0.97,0.93,3,153,2,0,0,0,technical,low
10728,0.63,0.9,4,245,3,0,0,0,technical,low
10729,0.68,0.78,5,233,3,0,0,0,technical,high
10730,0.74,0.83,4,210,3,0,0,0,support,low
10731,0.89,0.57,4,176,4,0,0,0,support,high
10732,0.28,0.95,5,191,3,0,0,0,support,high
10733,0.61,0.9,3,224,3,0,0,0,support,low
10734,0.67,0.49,3,185,3,0,0,0,support,low
10735,0.86,0.64,3,245,4,0,0,0,support,high
10736,0.87,0.93,3,173,2,0,0,0,support,low
10737,0.7,0.95,4,231,3,0,0,0,support,medium
10738,0.68,0.84,3,270,3,0,0,0,support,high
10739,0.69,0.75,5,196,3,0,0,0,support,medium
10740,0.97,0.83,3,238,2,0,0,0,support,medium
10741,0.62,0.89,4,261,2,0,0,0,technical,medium
10742,0.55,0.87,3,201,2,0,0,0,technical,medium
10743,0.61,0.73,3,252,3,0,0,0,technical,high
10744,0.15,0.81,3,191,5,0,0,0,management,medium
10745,0.84,0.86,3,199,3,0,0,0,IT,medium
10746,0.87,0.64,5,234,2,1,0,0,IT,medium
10747,0.93,0.86,4,192,4,0,0,0,IT,high
10748,0.14,0.73,6,237,5,0,0,0,IT,medium
10749,0.96,0.7,3,207,3,0,0,0,IT,high
10750,0.41,0.63,2,145,2,0,0,0,product_mng,low
10751,0.84,0.96,6,155,5,0,0,0,product_mng,medium
10752,0.94,0.69,5,145,2,0,0,0,product_mng,medium
10753,0.6,0.86,6,247,6,0,0,0,product_mng,medium
10754,0.7,0.73,4,182,3,0,0,0,IT,medium
10755,0.29,0.91,4,183,4,0,0,0,RandD,low
10756,0.31,0.51,2,146,3,0,0,0,RandD,low
10757,0.73,0.99,3,241,3,0,0,0,RandD,low
10758,0.51,0.52,5,261,3,1,0,0,RandD,low
10759,0.58,0.77,4,140,3,0,0,0,RandD,low
10760,0.59,0.97,3,257,3,0,0,0,marketing,low
10761,0.95,0.9,3,186,2,0,0,0,marketing,low
10762,0.84,0.93,3,159,3,0,0,0,sales,low
10763,0.28,0.37,3,164,4,1,0,0,accounting,low
10764,0.94,0.52,4,217,6,1,0,0,support,low
10765,0.49,0.59,4,137,4,0,0,0,technical,high
10766,0.72,0.5,4,164,2,1,0,0,management,low
10767,0.19,0.85,5,249,3,0,0,0,marketing,low
10768,0.83,0.95,3,264,2,0,0,0,marketing,low
10769,0.79,0.92,4,208,2,1,0,0,marketing,low
10770,0.72,0.61,3,175,3,0,0,0,sales,high
10771,0.97,0.74,4,209,2,0,0,0,sales,low
10772,0.92,0.83,4,268,4,0,0,0,sales,low
10773,0.95,0.53,3,264,3,0,0,0,sales,low
10774,0.76,0.64,4,234,2,0,0,0,sales,high
10775,0.24,0.62,5,199,4,0,0,0,sales,low
10776,0.89,0.99,4,205,2,0,0,1,sales,medium
10777,0.69,0.63,5,140,4,0,0,1,sales,high
10778,0.92,0.98,3,257,3,0,0,1,sales,medium
10779,0.79,0.61,4,227,2,0,0,1,sales,high
10780,0.87,0.94,4,189,3,0,0,1,sales,medium
10781,0.89,0.88,5,241,2,1,0,0,sales,medium
10782,0.75,0.77,5,199,4,0,0,0,sales,medium
10783,0.78,0.6,4,206,3,0,0,0,sales,medium
10784,0.13,0.62,5,268,3,0,0,0,sales,medium
10785,0.94,0.86,3,221,3,1,0,0,sales,medium
10786,0.94,0.88,4,262,2,0,0,0,sales,medium
10787,0.67,0.6,5,253,6,0,0,0,sales,medium
10788,0.6,0.73,5,241,3,0,0,0,sales,high
10789,0.62,0.94,4,252,4,0,0,0,accounting,low
10790,0.38,0.52,2,171,3,0,0,0,accounting,medium
10791,0.8,0.77,4,194,3,0,0,0,accounting,medium
10792,0.61,0.42,3,104,2,0,0,0,hr,medium
10793,0.61,0.56,4,176,3,0,0,0,hr,medium
10794,0.66,0.8,4,192,3,0,0,0,hr,medium
10795,0.56,0.74,3,154,2,0,0,0,hr,medium
10796,1.0,0.55,4,186,4,1,0,0,technical,medium
10797,0.73,0.86,3,200,4,0,0,0,technical,medium
10798,0.6,0.66,4,132,4,0,0,0,technical,medium
10799,0.78,0.59,5,236,3,0,0,0,technical,high
10800,0.48,0.53,3,211,4,0,0,0,technical,low
10801,0.9,0.77,4,273,2,0,0,0,technical,low
10802,0.16,0.76,4,223,4,0,0,0,technical,low
10803,0.5,0.75,3,204,2,0,0,0,technical,high
10804,0.66,0.65,3,196,3,1,0,0,technical,low
10805,0.44,0.37,2,219,2,0,0,0,technical,low
10806,0.95,0.67,4,261,3,0,0,0,technical,low
10807,0.9,0.65,3,254,2,0,0,0,support,high
10808,0.27,0.48,4,185,2,0,0,0,support,low
10809,0.51,0.74,6,98,3,0,0,0,support,low
10810,0.68,0.76,3,260,4,0,0,0,support,low
10811,0.97,0.93,5,137,2,1,0,0,support,low
10812,0.91,0.75,4,159,3,1,0,0,support,low
10813,0.76,0.88,5,265,4,0,0,0,support,low
10814,0.88,0.61,4,177,4,1,0,0,support,low
10815,0.83,0.73,4,247,2,0,0,0,support,medium
10816,0.78,0.54,3,161,3,0,0,0,support,medium
10817,0.52,0.38,2,103,3,0,0,0,support,medium
10818,0.63,0.49,4,151,3,0,0,0,technical,medium
10819,0.9,0.74,3,193,3,0,0,0,technical,medium
10820,0.48,0.58,3,194,3,0,0,0,technical,medium
10821,0.7,0.6,5,208,3,0,0,0,management,medium
10822,0.68,0.66,4,229,3,0,0,0,IT,medium
10823,0.7,0.87,3,166,2,0,0,0,IT,medium
10824,0.77,0.5,3,141,3,0,0,0,IT,medium
10825,0.73,0.93,3,249,2,0,0,0,IT,medium
10826,0.87,0.48,4,264,3,0,0,0,IT,medium
10827,0.65,0.98,3,252,2,0,0,0,product_mng,high
10828,0.62,0.7,2,134,3,0,0,0,product_mng,low
10829,0.53,0.51,3,274,2,1,0,0,product_mng,medium
10830,0.59,0.39,5,200,4,0,0,0,product_mng,medium
10831,0.87,0.72,2,154,3,0,0,0,IT,medium
10832,0.47,0.53,3,111,4,0,0,0,RandD,medium
10833,0.96,0.81,3,247,3,0,0,0,RandD,low
10834,0.79,0.74,3,169,3,0,0,0,RandD,low
10835,0.84,0.6,3,250,3,1,0,0,RandD,low
10836,0.68,0.49,3,178,3,1,0,0,RandD,low
10837,0.86,0.66,4,251,3,0,0,0,RandD,low
10838,0.73,0.98,5,272,2,0,0,0,marketing,low
10839,0.9,0.67,2,229,4,0,0,0,sales,low
10840,0.63,0.64,3,180,3,0,0,0,accounting,low
10841,0.71,0.72,3,271,2,0,0,0,support,low
10842,0.71,0.68,5,226,3,0,0,0,technical,low
10843,0.95,0.62,4,150,2,0,0,0,management,low
10844,0.51,0.86,4,260,3,1,0,0,marketing,low
10845,0.77,0.91,4,161,3,0,0,0,marketing,low
10846,0.48,0.51,3,136,3,0,0,0,marketing,low
10847,0.93,0.91,2,238,2,1,0,0,sales,low
10848,0.83,0.86,4,98,4,0,0,0,sales,low
10849,0.61,0.73,5,156,4,0,0,0,sales,low
10850,0.97,0.89,4,248,2,0,0,0,sales,low
10851,0.5,0.81,3,170,2,0,0,0,sales,low
10852,0.84,0.54,3,245,3,0,0,0,sales,low
10853,0.58,0.38,4,203,5,0,0,0,sales,low
10854,0.59,0.72,3,182,3,0,0,0,sales,medium
10855,0.77,0.83,3,175,3,0,0,1,sales,medium
10856,0.78,0.4,4,145,5,1,0,1,sales,medium
10857,0.6,0.96,4,220,3,1,0,1,sales,medium
10858,0.53,0.77,4,259,2,1,0,1,sales,medium
10859,0.73,0.69,3,228,2,0,0,1,sales,medium
10860,0.76,0.94,3,189,3,0,0,0,sales,medium
10861,0.12,0.61,6,257,3,0,0,0,sales,medium
10862,0.2,0.98,3,180,6,0,0,0,sales,medium
10863,0.5,0.77,4,180,3,0,0,0,sales,medium
10864,0.79,0.65,5,215,2,1,0,0,sales,medium
10865,0.96,0.68,3,132,2,0,0,0,sales,medium
10866,0.26,0.69,5,213,2,0,0,0,accounting,high
10867,0.8,0.72,4,173,3,0,0,0,accounting,low
10868,0.43,0.71,3,186,2,0,0,0,accounting,medium
10869,0.87,0.71,4,157,2,0,0,0,hr,medium
10870,0.63,0.75,4,175,4,0,0,0,hr,medium
10871,0.58,0.48,3,135,3,1,0,0,hr,medium
10872,0.2,0.42,4,256,5,0,0,0,hr,low
10873,0.62,0.71,4,268,3,0,0,0,technical,low
10874,0.91,0.94,5,159,3,0,0,0,technical,low
10875,0.66,0.91,3,191,4,0,0,0,technical,low
10876,0.53,0.81,3,275,2,0,0,0,technical,low
10877,0.52,0.98,5,217,2,1,0,0,technical,low
10878,1.0,0.88,6,201,4,0,0,0,technical,low
10879,0.73,0.67,4,205,3,0,0,0,technical,low
10880,0.65,0.67,3,240,2,1,0,0,technical,low
10881,0.5,0.95,5,137,3,0,0,0,technical,low
10882,0.94,0.59,4,241,2,0,0,0,technical,low
10883,0.48,0.86,5,198,4,0,0,0,technical,low
10884,0.67,0.87,5,254,2,0,0,0,support,low
10885,0.73,0.94,4,262,3,0,0,0,support,low
10886,0.63,0.71,4,244,2,0,0,0,support,low
10887,0.84,0.84,4,266,3,0,0,0,support,low
10888,0.2,0.94,6,191,5,0,0,0,support,low
10889,0.76,0.57,3,148,3,1,0,0,support,low
10890,0.55,0.54,3,233,2,0,0,0,support,low
10891,0.8,0.55,4,178,2,1,0,0,support,low
10892,0.64,0.91,3,165,3,1,0,0,support,low
10893,0.59,0.97,5,179,6,0,0,0,support,medium
10894,0.92,0.98,3,149,3,0,0,0,support,medium
10895,0.75,0.76,3,269,2,1,0,0,technical,medium
10896,0.69,0.74,5,227,2,0,0,0,technical,medium
10897,0.82,0.93,3,247,3,0,0,0,technical,medium
10898,0.88,0.85,3,220,3,0,0,0,management,medium
10899,0.89,0.91,3,233,2,0,0,0,IT,medium
10900,1.0,0.79,5,171,5,0,0,0,IT,medium
10901,0.66,0.91,4,234,2,1,0,0,IT,medium
10902,0.76,0.92,3,176,2,0,0,0,IT,medium
10903,0.8,0.62,5,190,4,1,0,0,IT,medium
10904,0.58,0.86,4,168,2,0,0,0,product_mng,medium
10905,0.73,0.93,3,205,3,0,0,0,product_mng,high
10906,1.0,0.73,5,189,3,1,0,0,product_mng,low
10907,0.18,0.9,4,282,4,0,0,0,product_mng,medium
10908,0.47,0.46,2,152,2,0,0,0,IT,medium
10909,0.92,0.64,4,217,4,0,0,0,RandD,medium
10910,0.51,0.5,4,130,3,0,0,0,RandD,medium
10911,0.81,0.62,4,153,4,0,0,0,RandD,low
10912,0.52,0.57,3,270,3,0,0,0,RandD,low
10913,0.95,0.96,3,220,3,0,0,0,RandD,low
10914,0.93,0.64,4,253,3,0,0,0,RandD,low
10915,0.98,0.67,4,209,6,0,0,0,marketing,low
10916,0.79,0.79,4,231,2,0,0,0,sales,low
10917,0.99,0.73,4,240,4,0,0,0,accounting,low
10918,0.64,0.9,5,266,3,0,0,0,support,low
10919,0.54,0.44,3,153,2,0,0,0,technical,low
10920,0.79,0.59,4,187,2,0,0,0,management,low
10921,0.55,0.98,4,185,2,1,0,0,marketing,low
10922,0.18,0.81,4,147,4,0,0,0,marketing,low
10923,0.56,0.81,4,188,3,1,0,0,marketing,low
10924,0.92,0.67,2,252,2,0,0,0,sales,low
10925,0.99,0.75,4,163,2,0,0,0,sales,low
10926,0.77,0.85,4,189,2,0,0,0,sales,low
10927,0.49,0.52,3,156,2,0,0,0,sales,low
10928,0.98,0.58,3,183,3,0,0,0,sales,low
10929,0.18,0.54,6,209,5,1,0,0,sales,low
10930,0.8,0.82,4,271,4,0,0,0,sales,low
10931,0.81,0.77,5,251,2,0,0,0,sales,low
10932,0.13,0.61,5,198,5,0,0,0,sales,medium
10933,0.58,0.97,3,274,4,1,0,1,sales,medium
10934,0.75,0.63,4,209,3,0,0,1,sales,medium
10935,0.8,0.94,4,271,4,0,0,1,sales,medium
10936,0.78,0.6,4,143,2,0,0,1,sales,medium
10937,0.92,0.6,5,236,3,1,0,1,sales,medium
10938,0.85,0.98,5,222,3,0,0,1,sales,medium
10939,0.52,0.63,3,233,3,0,0,1,sales,medium
10940,0.95,0.84,3,270,3,1,0,1,sales,medium
10941,0.81,0.92,5,258,3,0,0,1,sales,medium
10942,0.16,0.82,6,202,4,1,0,1,sales,medium
10943,0.91,0.74,3,150,2,0,0,0,accounting,medium
10944,0.62,0.51,4,193,3,0,0,0,accounting,high
10945,0.24,0.42,5,210,5,0,0,0,accounting,low
10946,0.88,0.51,3,208,3,0,0,0,hr,medium
10947,0.94,0.73,3,196,3,0,0,0,hr,medium
10948,0.76,0.79,5,187,4,0,0,0,hr,medium
10949,0.49,0.67,3,140,2,0,0,0,hr,medium
10950,0.93,0.9,4,256,4,0,0,0,technical,low
10951,0.92,0.66,4,113,3,0,0,0,technical,low
10952,0.19,0.94,4,196,5,0,0,0,technical,low
10953,0.66,0.76,3,170,3,0,0,0,technical,low
10954,0.16,0.94,4,261,6,0,0,0,technical,low
10955,0.83,0.99,5,132,3,0,0,0,technical,low
10956,0.69,0.53,3,153,3,0,0,0,technical,low
10957,0.82,0.53,3,147,3,1,0,0,technical,low
10958,0.88,0.72,5,244,2,0,0,0,technical,low
10959,0.31,0.42,4,108,4,0,0,0,technical,low
10960,0.83,0.49,4,218,2,0,0,0,technical,low
10961,0.94,0.52,5,133,3,0,0,0,support,low
10962,0.65,0.79,5,233,3,0,0,0,support,low
10963,0.6,0.6,4,147,3,0,0,0,support,low
10964,0.52,0.43,3,176,3,0,0,0,support,low
10965,0.66,0.89,4,169,4,0,0,0,support,low
10966,0.87,0.87,4,144,3,0,0,0,support,low
10967,0.2,0.99,5,151,3,1,0,0,support,low
10968,0.63,0.91,4,252,3,1,0,0,support,medium
10969,0.69,0.98,4,180,3,0,0,0,support,medium
10970,0.48,0.61,3,251,3,0,0,0,support,medium
10971,0.8,0.8,4,263,4,0,0,0,support,medium
10972,0.89,0.74,5,260,6,0,0,0,technical,medium
10973,0.67,0.63,3,227,3,0,0,0,technical,medium
10974,0.37,0.86,6,260,3,0,0,0,technical,medium
10975,0.93,0.61,5,158,3,0,0,0,management,medium
10976,0.69,0.52,3,186,3,0,0,0,IT,medium
10977,0.16,0.61,4,171,6,0,0,0,IT,medium
10978,0.81,0.55,3,199,2,1,0,0,IT,medium
10979,0.97,0.63,5,258,2,0,0,0,IT,medium
10980,0.77,0.59,4,273,2,0,0,0,IT,high
10981,0.75,0.78,2,259,3,0,0,0,product_mng,low
10982,0.88,0.82,3,265,3,0,0,0,product_mng,medium
10983,0.43,0.51,5,168,4,0,0,0,product_mng,medium
10984,0.99,0.99,4,163,4,0,0,0,product_mng,medium
10985,0.59,0.65,5,265,3,0,0,0,IT,medium
10986,0.89,0.71,4,190,3,0,0,0,RandD,low
10987,0.54,0.73,3,157,3,0,0,0,RandD,low
10988,0.32,0.86,4,266,4,0,0,0,RandD,low
10989,0.17,0.55,6,240,6,0,0,0,RandD,low
10990,0.78,0.55,3,143,3,0,0,0,RandD,low
10991,0.73,0.68,3,121,5,0,0,0,RandD,low
10992,0.65,0.76,2,170,5,0,0,0,IT,low
10993,0.8,0.71,4,161,4,0,0,0,IT,low
10994,0.61,0.86,3,239,3,0,0,0,IT,low
10995,0.67,0.49,3,224,3,0,0,0,IT,low
10996,0.63,0.57,3,242,3,0,0,0,product_mng,low
10997,0.51,0.58,4,140,2,1,0,0,product_mng,low
10998,0.82,0.59,5,170,3,0,0,0,product_mng,low
10999,0.79,0.67,5,156,2,0,0,0,product_mng,low
11000,0.49,0.6,2,113,5,0,0,0,IT,low
11001,0.7,0.59,3,138,3,0,0,0,RandD,low
11002,0.13,0.5,3,137,5,0,0,0,RandD,low
11003,0.83,0.52,5,217,3,0,0,0,RandD,low
11004,0.83,0.91,3,155,3,0,0,0,RandD,low
11005,0.19,0.83,5,280,4,0,0,0,RandD,low
11006,0.8,0.81,5,248,2,1,0,0,RandD,low
11007,0.49,0.67,2,190,8,0,0,0,marketing,medium
11008,0.92,0.99,3,176,8,0,0,0,sales,medium
11009,0.81,0.55,4,217,8,0,0,0,accounting,medium
11010,0.62,0.91,3,269,8,0,0,0,support,medium
11011,0.21,0.7,3,238,8,0,0,0,technical,medium
11012,0.95,0.74,5,243,6,0,0,0,management,medium
11013,0.51,0.8,4,198,6,0,0,0,marketing,medium
11014,0.52,0.89,3,188,6,0,0,0,marketing,medium
11015,0.64,0.56,3,257,6,0,0,0,marketing,medium
11016,0.62,0.79,4,268,6,0,0,0,sales,medium
11017,0.73,0.88,5,233,4,1,0,0,sales,medium
11018,0.32,0.86,4,214,5,0,0,0,sales,medium
11019,0.78,0.96,2,285,3,0,0,0,sales,high
11020,0.65,0.91,4,224,2,1,0,0,sales,low
11021,0.56,0.92,4,224,3,0,0,0,sales,medium
11022,0.96,0.89,3,142,4,0,0,0,sales,medium
11023,0.79,0.82,4,220,3,0,0,0,sales,medium
11024,0.66,0.58,4,244,3,0,0,0,sales,medium
11025,0.67,0.68,4,171,3,0,0,0,sales,low
11026,0.86,0.82,4,274,2,1,0,0,sales,low
11027,0.57,0.72,4,214,2,1,0,0,sales,low
11028,0.86,0.87,5,171,2,0,0,0,sales,low
11029,0.52,0.59,5,150,2,0,0,0,sales,low
11030,0.73,0.61,4,260,2,1,0,0,sales,low
11031,0.78,0.63,5,259,3,0,0,0,sales,low
11032,0.95,0.63,3,153,2,0,0,0,sales,low
11033,0.75,0.61,3,263,3,0,0,0,sales,low
11034,0.83,0.52,2,149,2,1,0,0,sales,low
11035,0.48,1.0,4,261,3,0,0,0,accounting,low
11036,0.3,0.58,2,189,4,1,0,0,accounting,low
11037,0.72,0.85,5,237,4,0,0,0,accounting,low
11038,0.61,0.52,3,224,3,0,0,0,hr,low
11039,0.31,0.87,6,240,3,1,0,0,hr,low
11040,0.62,0.81,3,245,2,1,0,0,hr,low
11041,0.48,0.49,3,268,3,0,0,0,hr,low
11042,0.97,0.89,4,208,2,1,0,0,technical,low
11043,0.61,0.83,4,153,2,0,0,0,technical,low
11044,0.93,0.99,3,169,3,0,0,0,technical,low
11045,0.89,0.39,5,218,2,0,0,0,technical,low
11046,0.95,0.9,3,155,3,0,0,0,technical,medium
11047,0.36,0.44,5,155,3,0,0,0,technical,medium
11048,0.29,0.39,6,105,6,0,0,0,technical,medium
11049,0.65,0.83,4,251,2,0,0,0,technical,medium
11050,0.72,0.54,4,219,2,0,0,0,technical,medium
11051,0.51,0.56,4,198,2,1,0,0,technical,medium
11052,0.54,0.53,4,158,2,0,0,0,technical,medium
11053,0.66,0.58,3,157,2,0,0,0,support,medium
11054,0.59,0.54,4,178,2,0,0,0,support,medium
11055,0.45,0.48,3,145,2,0,0,0,support,medium
11056,0.15,0.91,5,230,3,0,0,0,support,medium
11057,0.95,0.53,3,174,3,0,0,0,support,medium
11058,0.49,0.59,5,140,3,0,0,0,support,high
11059,0.68,0.97,3,174,2,0,0,0,support,low
11060,0.7,0.76,4,173,2,0,0,0,support,medium
11061,0.9,0.73,2,203,4,0,0,0,support,medium
11062,0.94,0.95,5,170,3,0,0,0,support,medium
11063,0.8,0.86,3,203,3,0,0,0,support,medium
11064,0.59,0.53,5,169,3,0,0,0,technical,low
11065,0.43,0.96,3,109,6,0,0,0,technical,low
11066,0.7,0.54,5,263,3,0,0,0,technical,low
11067,0.51,0.62,4,185,3,0,0,0,management,low
11068,0.12,0.49,4,191,5,0,0,0,IT,low
11069,0.14,0.56,5,259,4,1,0,0,IT,low
11070,0.86,0.91,4,253,3,0,0,0,IT,low
11071,0.97,0.5,3,216,3,0,0,0,IT,low
11072,1.0,0.86,2,264,3,0,0,0,IT,medium
11073,0.49,0.63,3,181,3,1,0,0,product_mng,medium
11074,0.9,0.93,3,209,3,0,0,0,product_mng,medium
11075,0.82,0.89,4,239,2,0,0,0,product_mng,medium
11076,0.59,0.48,3,197,3,0,0,0,product_mng,medium
11077,0.97,0.57,4,150,2,0,0,0,IT,medium
11078,0.69,0.88,3,164,10,0,0,0,management,medium
11079,0.73,0.84,3,216,8,0,0,0,management,medium
11080,0.48,0.74,2,271,8,1,0,0,management,medium
11081,0.94,0.49,4,176,8,0,0,0,management,medium
11082,0.74,0.73,3,156,8,0,0,0,management,medium
11083,0.65,0.63,4,143,8,0,0,0,management,medium
11084,0.93,0.94,4,233,6,0,0,0,IT,medium
11085,0.57,0.67,3,138,6,1,0,0,IT,medium
11086,0.9,0.49,3,259,6,0,0,0,IT,medium
11087,0.55,0.86,4,169,6,0,0,0,IT,medium
11088,0.59,0.73,3,172,6,0,0,0,product_mng,medium
11089,0.72,0.98,4,156,3,0,0,0,product_mng,medium
11090,0.87,0.52,4,140,3,0,0,0,product_mng,medium
11091,0.86,0.82,4,212,2,0,0,0,product_mng,medium
11092,0.61,0.5,4,269,3,0,0,0,IT,medium
11093,0.45,0.63,5,111,5,0,0,0,management,medium
11094,0.51,0.63,4,198,2,0,0,0,management,medium
11095,0.87,0.92,4,263,3,0,0,0,management,medium
11096,0.29,0.38,5,191,5,0,0,0,management,medium
11097,0.57,0.64,3,188,3,0,0,0,management,medium
11098,0.69,0.83,4,252,3,0,0,0,management,medium
11099,0.61,0.9,2,142,3,0,0,0,marketing,high
11100,0.96,0.85,4,247,3,0,0,0,sales,high
11101,0.16,0.61,6,269,2,0,0,0,accounting,high
11102,0.96,0.82,4,244,3,0,0,0,support,high
11103,0.77,0.81,4,164,3,0,0,0,technical,high
11104,0.85,0.87,6,232,5,0,0,0,management,high
11105,0.37,0.49,3,177,3,0,0,0,marketing,high
11106,0.68,0.65,3,173,3,1,0,0,marketing,high
11107,0.87,0.6,5,165,2,1,0,0,marketing,high
11108,0.95,0.8,3,225,2,0,0,0,sales,high
11109,0.84,0.63,3,121,3,1,0,0,sales,low
11110,0.44,0.51,2,219,4,0,0,0,sales,low
11111,0.94,0.73,4,204,2,0,0,0,sales,low
11112,0.85,0.94,5,235,4,0,0,0,sales,low
11113,0.75,0.51,2,215,2,1,0,0,sales,low
11114,0.76,0.67,5,243,3,0,0,0,sales,low
11115,0.13,0.97,4,162,6,0,0,0,sales,low
11116,0.6,0.79,4,262,3,0,0,0,sales,low
11117,0.45,0.55,4,206,2,0,0,0,sales,low
11118,0.49,1.0,2,125,4,1,0,0,sales,low
11119,0.19,0.36,3,167,5,0,0,0,sales,low
11120,0.68,0.89,5,218,5,0,0,0,sales,low
11121,0.53,0.91,5,181,3,0,0,0,sales,low
11122,1.0,0.77,5,269,3,0,0,0,sales,low
11123,0.99,0.86,3,167,2,0,0,0,sales,low
11124,0.29,0.75,6,271,10,0,0,0,sales,medium
11125,0.54,0.83,4,201,8,1,0,0,sales,medium
11126,0.25,0.9,6,229,8,0,0,0,sales,medium
11127,0.71,0.76,4,148,8,0,0,0,accounting,medium
11128,0.96,0.84,3,147,8,0,0,0,accounting,medium
11129,0.8,0.9,4,211,8,0,0,0,accounting,medium
11130,0.82,0.87,5,145,6,0,0,0,hr,medium
11131,0.19,0.97,6,269,6,0,0,0,hr,medium
11132,0.43,0.74,4,129,6,0,0,0,hr,medium
11133,0.62,0.84,3,270,6,0,0,0,hr,medium
11134,0.75,0.85,3,250,6,0,0,0,technical,medium
11135,0.56,0.48,5,192,2,1,0,0,technical,medium
11136,0.88,0.91,4,233,4,0,0,0,technical,high
11137,0.63,0.57,4,192,3,0,0,0,technical,high
11138,0.75,0.93,3,247,2,0,0,0,technical,high
11139,0.74,1.0,4,192,4,0,0,0,technical,high
11140,0.55,0.68,3,178,3,1,0,0,technical,high
11141,0.87,0.55,4,197,3,0,0,0,technical,high
11142,0.13,0.9,5,264,6,0,0,0,technical,high
11143,0.33,0.64,2,274,3,1,0,0,technical,high
11144,0.89,0.97,4,147,2,0,0,0,technical,low
11145,0.56,0.94,3,154,3,1,0,0,support,low
11146,0.95,0.61,3,224,2,1,0,0,support,low
11147,0.57,0.59,4,250,2,0,0,0,support,low
11148,0.72,0.53,3,179,3,0,0,0,support,low
11149,0.28,0.44,4,170,2,0,0,0,support,low
11150,0.54,0.61,4,118,5,0,0,0,support,low
11151,0.54,0.95,4,256,3,0,0,0,support,low
11152,0.99,0.8,3,209,2,0,0,0,support,medium
11153,0.37,0.69,2,146,3,0,0,0,support,medium
11154,0.77,0.87,3,275,4,1,0,0,support,medium
11155,0.7,0.88,4,180,2,0,0,0,support,medium
11156,0.8,0.74,3,228,3,0,0,0,technical,medium
11157,0.52,0.63,3,204,3,0,0,0,technical,medium
11158,0.69,0.55,3,172,2,0,0,0,technical,medium
11159,0.6,0.62,5,274,3,0,0,0,management,medium
11160,0.74,0.64,3,136,2,0,0,0,IT,medium
11161,0.69,0.82,4,252,3,1,0,0,IT,medium
11162,0.78,0.89,4,137,3,0,0,0,IT,medium
11163,0.77,0.75,4,191,3,0,0,0,IT,medium
11164,0.91,0.68,4,132,4,0,0,0,IT,medium
11165,0.54,0.68,6,249,5,0,0,0,product_mng,medium
11166,0.48,0.77,6,274,6,0,0,0,product_mng,medium
11167,0.55,0.96,3,194,3,0,0,0,product_mng,medium
11168,0.17,0.36,6,191,2,0,0,0,product_mng,medium
11169,0.77,0.83,5,216,4,0,0,0,IT,medium
11170,0.93,0.98,3,241,3,0,0,0,IT,medium
11171,0.65,0.91,4,243,5,1,0,0,IT,medium
11172,0.67,0.52,4,207,3,0,0,0,IT,medium
11173,0.95,0.88,3,199,3,0,0,0,IT,medium
11174,0.61,0.97,6,286,4,0,0,0,product_mng,medium
11175,0.57,0.39,4,132,3,0,0,0,product_mng,high
11176,0.65,1.0,4,229,4,0,0,0,product_mng,low
11177,0.85,0.81,4,260,3,0,0,0,product_mng,medium
11178,0.61,0.96,3,214,2,0,0,0,IT,medium
11179,0.65,0.9,6,217,4,1,0,1,RandD,medium
11180,0.92,0.93,4,225,2,0,0,1,RandD,medium
11181,0.37,0.41,2,113,3,0,0,1,RandD,medium
11182,0.48,0.77,5,250,2,0,0,1,RandD,medium
11183,0.82,0.91,5,271,2,0,0,1,RandD,medium
11184,0.84,0.75,4,135,3,0,0,1,RandD,medium
11185,0.57,0.46,2,100,6,1,0,1,marketing,medium
11186,0.8,0.75,4,224,3,0,0,1,sales,medium
11187,0.49,0.91,4,134,4,0,0,0,accounting,low
11188,0.79,0.82,5,158,2,0,0,0,support,low
11189,0.48,0.67,3,183,2,0,0,0,technical,low
11190,0.28,0.89,4,97,6,0,0,0,management,low
11191,0.47,0.56,4,226,3,0,0,0,marketing,low
11192,0.91,0.6,4,235,4,1,0,0,marketing,low
11193,0.75,0.6,4,186,10,1,0,0,marketing,low
11194,0.61,0.89,3,242,10,0,0,0,sales,high
11195,0.47,0.79,3,284,10,0,0,0,sales,low
11196,0.22,0.7,2,274,10,0,0,0,sales,high
11197,0.5,0.48,4,130,10,0,0,0,sales,high
11198,0.56,0.87,3,146,10,0,0,0,sales,low
11199,0.84,0.85,4,207,10,0,0,0,sales,low
11200,0.69,0.72,4,210,2,1,0,0,sales,high
11201,0.53,0.64,3,143,2,0,0,0,sales,low
11202,0.17,0.57,4,116,3,0,0,0,sales,medium
11203,0.48,0.71,2,162,3,1,0,0,sales,high
11204,0.94,0.51,3,242,3,0,0,0,sales,medium
11205,0.77,0.89,4,153,7,0,0,0,sales,medium
11206,1.0,0.72,5,194,7,1,0,0,sales,medium
11207,0.49,0.65,4,233,7,0,0,0,sales,medium
11208,0.93,0.73,4,283,7,0,0,0,sales,high
11209,0.38,0.43,3,188,7,0,0,0,sales,medium
11210,0.6,0.54,4,182,6,0,0,0,sales,medium
11211,0.5,0.82,2,286,6,0,0,0,sales,medium
11212,0.97,0.55,5,212,6,0,0,0,sales,high
11213,0.93,0.95,5,176,6,0,0,1,accounting,medium
11214,0.5,1.0,5,264,8,0,0,1,accounting,high
11215,0.52,0.84,3,261,8,0,0,1,accounting,low
11216,0.5,0.71,4,163,8,0,0,1,hr,medium
11217,0.55,0.4,3,139,8,0,0,1,hr,medium
11218,0.95,0.84,3,261,8,1,0,1,hr,medium
11219,0.48,0.42,2,275,6,1,0,1,hr,medium
11220,0.51,0.39,5,132,6,1,0,1,technical,low
11221,0.96,0.48,3,202,6,0,0,0,technical,low
11222,0.97,0.84,4,177,6,0,0,0,technical,low
11223,0.97,0.66,5,234,6,0,0,0,technical,low
11224,0.71,0.54,4,188,6,0,0,0,technical,low
11225,0.82,0.49,5,203,6,0,0,0,technical,low
11226,0.57,1.0,4,227,10,0,0,0,technical,low
11227,0.48,0.93,3,150,10,0,0,0,technical,low
11228,0.71,0.64,3,267,3,0,0,0,technical,low
11229,0.63,0.61,5,186,10,0,0,0,technical,low
11230,0.99,0.84,4,142,10,0,0,0,technical,high
11231,0.79,0.83,3,126,10,1,0,0,support,low
11232,0.65,0.85,4,201,10,0,0,0,support,low
11233,0.7,0.85,4,142,2,0,0,0,support,low
11234,0.99,0.94,4,167,4,0,0,0,support,low
11235,0.65,0.62,4,258,2,0,0,0,support,high
11236,0.92,0.85,3,207,2,0,0,0,support,low
11237,0.24,0.5,4,282,4,1,0,0,support,low
11238,0.39,0.89,3,188,5,0,0,0,support,low
11239,0.82,0.85,3,214,2,0,0,0,support,high
11240,0.78,0.89,4,272,2,0,0,0,support,low
11241,0.62,0.79,3,259,3,0,0,0,support,medium
11242,0.6,0.61,5,191,2,1,0,0,technical,high
11243,0.49,0.57,3,192,3,0,0,0,technical,medium
11244,0.82,0.82,3,164,3,0,0,0,technical,high
11245,0.48,0.81,4,149,2,0,0,0,management,medium
11246,0.69,0.56,4,149,3,0,0,0,IT,medium
11247,0.4,0.89,2,165,3,0,0,0,IT,medium
11248,0.72,0.8,3,222,3,0,0,0,IT,medium
11249,0.75,0.84,5,222,3,1,0,0,IT,medium
11250,0.5,0.77,3,265,3,0,0,0,IT,medium
11251,0.78,0.5,5,247,4,0,0,0,product_mng,medium
11252,0.76,0.45,4,147,2,0,0,0,product_mng,medium
11253,0.94,0.52,3,273,3,0,0,0,product_mng,high
11254,0.24,0.94,6,144,4,0,0,0,product_mng,low
11255,0.99,0.66,3,181,2,0,0,0,IT,medium
11256,0.67,0.64,3,198,2,1,0,0,management,medium
11257,0.76,0.57,5,255,4,0,0,0,management,medium
11258,0.76,0.77,4,169,10,0,0,0,management,medium
11259,0.55,0.64,4,201,10,1,0,0,management,medium
11260,0.74,0.6,4,274,10,1,0,0,management,medium
11261,0.81,0.85,4,134,10,1,0,0,management,medium
11262,0.98,0.67,3,190,10,0,0,0,IT,medium
11263,0.98,0.98,4,170,10,0,0,0,IT,medium
11264,0.58,0.91,3,154,10,0,0,0,product_mng,high
11265,0.18,0.75,3,142,2,0,0,0,product_mng,low
11266,0.57,0.67,5,235,2,0,0,0,product_mng,low
11267,0.7,0.62,3,110,3,0,0,0,product_mng,low
11268,0.49,0.77,3,211,3,0,0,0,IT,high
11269,0.7,0.56,4,214,3,0,0,1,management,medium
11270,0.16,0.93,5,210,7,0,0,1,management,medium
11271,0.58,0.59,3,207,7,0,0,1,management,medium
11272,0.66,0.57,4,161,7,0,0,1,management,medium
11273,0.51,0.55,2,102,7,0,0,1,management,medium
11274,0.48,0.84,4,186,7,0,0,1,management,medium
11275,0.56,0.71,3,211,6,0,0,1,marketing,low
11276,0.81,0.62,3,240,6,0,0,1,sales,low
11277,0.57,0.7,4,237,6,0,0,0,accounting,low
11278,0.66,0.53,3,164,6,0,0,0,support,low
11279,0.22,0.91,6,222,8,0,0,0,technical,low
11280,0.96,0.71,3,205,8,1,0,0,management,medium
11281,0.87,0.88,4,140,8,0,0,0,marketing,medium
11282,0.61,0.42,2,103,8,0,0,0,marketing,medium
11283,0.66,0.85,3,178,8,1,0,0,marketing,medium
11284,0.9,0.51,4,137,6,0,0,0,sales,medium
11285,0.64,0.67,3,143,6,0,0,0,sales,medium
11286,0.76,0.82,4,170,6,0,0,0,sales,medium
11287,0.97,0.41,5,135,6,0,0,0,sales,medium
11288,0.69,0.76,3,174,6,0,0,0,sales,medium
11289,0.98,0.55,3,166,6,1,0,0,sales,medium
11290,0.18,0.61,5,174,6,0,0,0,sales,medium
11291,0.62,0.91,3,251,10,0,0,0,sales,medium
11292,0.29,0.37,6,187,10,1,0,0,sales,high
11293,0.87,0.48,5,170,3,0,0,0,sales,low
11294,0.91,0.64,3,241,10,0,0,0,sales,medium
11295,0.53,0.79,3,221,10,1,0,0,sales,medium
11296,0.69,0.73,4,257,10,1,0,0,sales,medium
11297,0.14,0.58,4,275,10,0,0,0,sales,medium
11298,0.7,0.77,4,245,2,0,0,0,sales,low
11299,0.77,0.75,6,246,6,0,0,0,sales,low
11300,0.77,0.76,6,263,6,0,0,0,sales,low
11301,0.76,0.99,3,133,4,0,0,0,sales,low
11302,0.66,0.49,4,157,3,0,0,0,sales,low
11303,0.5,0.95,3,198,4,0,0,0,accounting,low
11304,0.57,0.9,5,145,3,0,0,0,accounting,low
11305,0.97,0.62,6,118,2,0,0,0,accounting,low
11306,0.26,0.99,5,184,5,0,0,0,hr,low
11307,0.72,0.62,3,243,2,1,0,0,hr,low
11308,0.83,0.93,3,247,2,0,0,0,hr,low
11309,0.55,0.4,3,158,3,0,0,0,hr,low
11310,0.77,0.74,5,243,2,0,0,0,technical,low
11311,0.24,0.63,4,203,5,0,0,0,technical,low
11312,0.8,0.96,3,161,3,0,0,0,technical,low
11313,0.5,0.59,4,214,3,1,0,0,technical,low
11314,0.66,0.59,4,179,3,0,0,0,technical,low
11315,0.66,0.77,4,188,2,0,0,0,technical,low
11316,0.66,0.81,3,174,3,0,0,0,technical,low
11317,0.96,0.83,3,177,4,0,0,0,technical,low
11318,0.75,0.94,5,194,4,0,0,0,technical,low
11319,0.78,0.77,3,244,2,0,0,0,technical,medium
11320,0.57,0.82,4,269,2,0,0,0,technical,medium
11321,0.78,0.68,2,159,3,1,0,0,support,medium
11322,0.57,0.88,4,140,2,0,0,0,support,medium
11323,0.84,0.56,5,224,2,0,0,0,support,medium
11324,0.23,0.94,5,242,4,0,0,0,support,medium
11325,0.53,0.37,3,180,3,0,0,0,support,medium
11326,0.82,0.71,3,150,3,0,0,0,support,medium
11327,0.59,0.64,5,269,3,0,0,0,support,medium
11328,0.5,0.52,2,178,2,0,0,0,support,medium
11329,1.0,0.74,2,187,3,0,0,0,support,medium
11330,0.94,0.61,3,140,2,0,0,0,support,medium
11331,0.86,0.61,4,193,2,0,0,0,support,high
11332,0.73,0.49,4,243,2,0,0,0,technical,low
11333,0.49,0.94,3,144,3,1,0,0,technical,medium
11334,0.79,0.73,2,147,2,0,0,0,technical,medium
11335,0.83,0.5,6,165,3,0,0,0,management,medium
11336,0.85,0.67,3,176,2,0,0,0,IT,medium
11337,0.65,0.37,3,170,6,0,0,0,IT,low
11338,0.94,0.65,4,213,2,1,0,0,IT,low
11339,0.76,0.81,4,242,2,0,0,0,IT,low
11340,0.77,0.54,4,139,3,1,0,0,IT,low
11341,0.77,0.91,4,239,3,1,0,0,product_mng,low
11342,0.59,0.64,5,123,2,0,0,0,product_mng,low
11343,0.69,0.9,3,185,4,0,0,0,product_mng,low
11344,0.51,0.85,4,186,2,0,0,0,product_mng,low
11345,0.8,0.67,3,178,3,0,0,0,IT,low
11346,0.98,0.7,3,153,10,0,0,0,management,high
11347,0.69,0.72,4,185,10,1,0,0,management,high
11348,0.14,0.76,4,142,10,0,0,0,management,high
11349,0.95,0.9,4,221,10,1,0,0,management,high
11350,0.53,0.61,3,148,10,0,0,0,management,high
11351,0.64,0.52,5,258,10,1,0,0,management,high
11352,0.51,0.73,4,229,3,0,0,0,sales,low
11353,0.36,0.73,2,111,2,0,0,0,sales,low
11354,0.62,0.97,2,271,3,0,0,0,sales,low
11355,0.98,0.58,4,133,3,0,0,0,sales,low
11356,0.53,0.7,4,223,3,0,0,0,sales,low
11357,0.8,0.95,4,272,2,0,0,0,sales,low
11358,0.73,0.77,3,233,3,0,0,0,sales,medium
11359,0.82,0.8,3,162,3,0,0,0,sales,medium
11360,0.62,0.75,5,165,4,0,0,0,sales,medium
11361,0.87,0.48,5,242,3,0,0,0,sales,medium
11362,0.43,0.65,4,124,2,0,0,0,sales,medium
11363,0.57,0.6,2,163,3,0,0,0,sales,medium
11364,0.91,0.77,3,144,3,0,0,0,sales,medium
11365,0.75,0.59,5,149,4,0,0,0,sales,medium
11366,0.76,0.8,5,217,2,0,0,0,sales,medium
11367,0.85,0.49,4,139,2,0,0,0,sales,medium
11368,0.56,0.67,3,270,2,0,0,0,sales,medium
11369,0.86,0.84,3,177,3,0,0,0,sales,medium
11370,0.21,0.43,5,175,2,1,0,0,sales,high
11371,0.94,0.59,3,151,2,0,0,0,sales,low
11372,0.98,0.74,3,185,3,0,0,0,sales,medium
11373,0.42,0.45,3,227,3,0,0,0,sales,medium
11374,0.98,0.89,4,218,2,0,0,0,sales,medium
11375,1.0,0.93,5,167,3,0,0,0,sales,medium
11376,0.95,0.52,3,183,2,1,0,0,sales,low
11377,0.95,0.5,4,259,3,0,0,0,sales,low
11378,0.68,0.53,3,138,2,1,0,0,sales,low
11379,0.64,0.38,5,122,4,0,0,0,sales,low
11380,0.24,0.62,6,225,6,0,0,0,sales,low
11381,0.37,0.72,3,121,2,0,0,0,sales,low
11382,0.67,0.4,4,274,3,0,0,0,sales,low
11383,0.86,0.89,4,153,4,0,0,0,sales,low
11384,0.43,0.38,3,119,2,0,0,0,sales,low
11385,0.67,0.67,4,141,2,1,0,0,sales,low
11386,0.92,0.6,4,161,3,0,0,0,IT,low
11387,0.43,0.46,2,186,2,0,0,0,product_mng,low
11388,0.52,0.8,3,252,4,0,0,0,product_mng,low
11389,0.16,0.42,3,182,3,1,0,0,product_mng,low
11390,0.49,0.6,4,264,2,1,0,0,product_mng,low
11391,0.37,0.63,4,167,3,0,0,0,IT,low
11392,0.98,0.68,5,171,3,0,0,0,management,high
11393,0.33,0.97,5,130,4,0,0,0,management,high
11394,0.14,0.79,5,271,4,0,0,0,management,high
11395,0.54,0.79,5,249,3,1,0,0,management,high
11396,0.63,0.48,4,180,4,0,0,0,management,high
11397,0.55,0.69,4,220,3,1,0,0,management,high
11398,0.84,0.53,3,210,4,1,0,0,marketing,medium
11399,0.51,0.97,4,258,2,0,0,0,sales,medium
11400,0.15,0.75,3,150,4,0,0,1,accounting,medium
11401,0.97,0.79,5,259,3,0,0,1,support,medium
11402,0.67,0.69,3,231,3,0,0,1,technical,medium
11403,0.48,0.67,4,220,3,0,0,1,management,medium
11404,0.69,0.58,4,149,3,0,0,1,marketing,medium
11405,0.6,0.62,3,238,4,0,0,1,marketing,medium
11406,0.82,0.71,2,209,5,0,0,1,marketing,medium
11407,0.86,0.95,4,149,3,0,0,1,sales,medium
11408,0.69,0.59,4,264,3,0,0,0,sales,medium
11409,0.87,0.87,5,207,2,0,0,0,sales,high
11410,0.17,0.78,3,239,6,0,0,0,sales,low
11411,0.94,0.51,6,239,5,0,0,0,sales,medium
11412,0.5,1.0,4,258,3,0,0,0,sales,medium
11413,0.16,0.72,3,203,3,0,0,0,sales,medium
11414,0.89,0.99,2,258,3,0,0,0,sales,medium
11415,0.69,0.51,3,257,3,1,0,0,IT,low
11416,0.5,0.51,5,134,3,0,0,0,product_mng,low
11417,0.16,0.46,6,240,2,0,0,0,product_mng,low
11418,0.75,0.99,2,237,5,1,0,0,product_mng,low
11419,0.64,0.66,5,157,2,0,0,0,product_mng,low
11420,0.78,0.43,4,275,3,0,0,0,IT,low
11421,0.81,0.74,2,228,3,0,0,0,management,high
11422,0.55,0.58,3,254,2,0,0,0,management,high
11423,0.53,0.53,4,257,2,0,0,0,management,high
11424,0.69,0.73,3,231,2,1,0,0,management,high
11425,0.8,0.53,3,217,3,0,0,0,management,high
11426,0.77,0.98,3,286,6,0,0,0,management,high
11427,0.84,0.8,4,236,3,0,0,0,marketing,low
11428,0.64,0.55,4,215,2,0,0,0,sales,low
11429,0.78,0.57,4,157,3,0,0,0,accounting,low
11430,0.67,0.7,3,149,3,0,0,0,support,low
11431,0.81,0.77,3,221,2,0,0,0,technical,low
11432,0.91,0.82,4,238,2,0,0,0,management,low
11433,0.75,0.89,6,250,2,0,0,0,marketing,medium
11434,0.78,0.96,3,202,4,1,0,0,marketing,medium
11435,0.54,0.52,4,173,2,0,0,0,marketing,medium
11436,0.77,0.71,5,250,3,1,0,0,sales,medium
11437,0.89,0.63,4,270,3,1,0,0,sales,medium
11438,0.16,0.98,3,232,5,0,0,0,sales,medium
11439,0.77,0.99,4,260,3,0,0,0,sales,medium
11440,0.69,0.48,5,232,4,0,0,0,sales,medium
11441,0.61,0.81,4,134,3,0,0,0,sales,medium
11442,0.59,0.81,4,189,3,0,0,0,sales,medium
11443,0.58,0.8,4,113,3,0,0,0,IT,medium
11444,0.88,0.67,5,264,3,0,0,0,product_mng,medium
11445,0.51,0.63,5,260,2,0,0,0,product_mng,high
11446,0.31,0.7,3,132,3,0,0,0,product_mng,low
11447,0.52,0.52,4,168,3,0,0,0,product_mng,medium
11448,0.57,0.46,3,186,3,1,0,0,IT,medium
11449,0.5,0.77,3,267,2,0,0,0,management,high
11450,0.74,0.63,3,180,3,0,0,0,management,high
11451,0.74,0.77,3,211,3,0,0,0,management,high
11452,0.82,0.51,2,268,2,0,0,0,management,high
11453,0.74,0.71,3,206,3,0,0,0,management,high
11454,0.2,0.59,6,113,3,0,0,0,management,high
11455,0.63,0.48,4,179,3,0,0,0,marketing,low
11456,0.19,0.8,6,157,6,1,0,0,sales,low
11457,0.4,0.62,4,127,5,0,0,0,accounting,low
11458,0.71,0.37,2,179,5,0,0,1,support,low
11459,0.84,0.73,4,197,3,0,0,1,technical,low
11460,0.59,0.84,4,251,4,1,0,1,management,low
11461,0.57,0.85,4,250,3,1,0,1,marketing,low
11462,0.81,0.61,2,176,5,0,0,1,marketing,low
11463,0.8,0.7,4,246,3,0,0,1,marketing,low
11464,0.49,0.66,3,155,3,0,0,1,sales,low
11465,0.55,0.64,3,178,2,0,0,1,sales,low
11466,0.68,0.4,3,213,5,1,0,1,sales,low
11467,0.55,0.67,3,150,2,0,0,1,sales,low
11468,0.59,0.62,3,166,2,0,0,0,sales,low
11469,0.91,0.8,5,169,4,0,0,0,sales,low
11470,0.48,0.9,4,208,3,0,0,0,sales,low
11471,0.84,0.66,3,209,2,0,0,0,sales,low
11472,0.73,0.54,4,167,3,0,0,0,IT,medium
11473,0.28,0.59,6,281,3,0,0,0,product_mng,medium
11474,0.77,0.65,3,156,4,0,0,0,product_mng,medium
11475,0.67,0.65,3,265,3,0,0,0,product_mng,medium
11476,0.5,0.53,3,142,3,1,0,0,product_mng,medium
11477,0.32,0.47,3,143,4,0,0,0,IT,medium
11478,0.57,0.78,3,134,3,0,0,0,RandD,medium
11479,0.51,0.8,5,268,3,0,0,0,RandD,medium
11480,0.61,0.6,3,255,2,0,0,0,RandD,medium
11481,0.83,0.73,4,157,2,0,0,0,RandD,medium
11482,0.87,0.97,5,151,3,0,0,0,RandD,medium
11483,0.7,0.63,3,157,2,0,0,0,RandD,medium
11484,0.78,0.65,3,139,3,0,0,0,marketing,high
11485,0.71,0.53,4,196,2,1,0,0,sales,low
11486,0.68,0.99,3,159,2,0,0,0,accounting,medium
11487,0.75,0.53,4,224,4,1,0,0,support,medium
11488,0.7,0.53,3,215,7,1,0,0,technical,medium
11489,0.59,0.94,5,157,7,1,0,0,management,medium
11490,0.64,0.87,4,157,7,0,0,0,marketing,low
11491,0.61,0.88,5,146,7,1,0,0,marketing,low
11492,0.77,0.49,2,286,7,0,0,0,marketing,low
11493,0.51,0.64,3,203,3,0,0,0,sales,low
11494,0.49,0.49,3,168,7,0,0,0,sales,low
11495,0.77,0.75,3,170,7,0,0,0,sales,low
11496,0.31,0.86,3,266,7,0,0,0,sales,low
11497,0.54,0.76,3,183,3,0,0,0,sales,low
11498,0.56,0.66,4,264,3,0,0,0,sales,low
11499,0.65,0.77,4,205,3,0,0,0,sales,low
11500,0.49,0.36,2,192,3,0,0,0,sales,low
11501,0.82,0.79,3,176,3,0,0,0,technical,low
11502,0.6,0.52,3,183,2,0,0,0,support,low
11503,0.64,0.63,3,156,6,1,0,0,support,low
11504,0.7,0.68,3,150,3,0,0,0,support,low
11505,0.65,0.89,4,204,8,1,0,0,support,low
11506,0.69,0.78,5,131,8,0,0,0,support,low
11507,0.93,0.74,5,248,8,1,0,0,support,low
11508,0.55,0.52,4,168,8,0,0,0,support,low
11509,0.75,0.87,4,146,8,1,0,0,support,low
11510,0.47,0.43,4,246,3,0,0,0,support,low
11511,0.72,0.88,5,216,10,1,0,0,support,medium
11512,0.59,0.92,3,203,10,0,0,0,support,medium
11513,0.98,0.49,3,199,10,0,0,0,technical,medium
11514,0.39,0.52,2,102,8,0,0,0,technical,medium
11515,0.93,0.87,4,139,8,0,0,0,technical,medium
11516,0.71,0.97,5,208,8,1,0,0,management,medium
11517,0.49,0.54,4,215,4,0,0,0,IT,medium
11518,0.63,0.93,4,233,3,0,0,0,IT,medium
11519,0.45,0.64,3,169,10,0,0,0,IT,medium
11520,0.77,0.64,3,190,10,1,0,0,IT,medium
11521,0.77,0.63,4,236,7,0,0,0,IT,medium
11522,0.5,0.92,4,266,7,0,0,0,product_mng,medium
11523,0.45,0.42,4,156,7,0,0,0,product_mng,high
11524,0.81,0.47,4,153,7,0,0,0,product_mng,low
11525,0.83,0.67,3,175,3,0,0,0,product_mng,medium
11526,0.47,0.76,6,174,10,0,0,0,IT,medium
11527,0.25,0.89,4,154,10,0,0,0,management,high
11528,0.89,0.55,5,251,10,0,0,0,management,high
11529,0.97,0.57,3,164,10,0,0,0,management,high
11530,0.6,0.65,2,225,10,0,0,0,management,high
11531,0.67,0.72,2,134,10,0,0,0,management,high
11532,0.89,0.77,3,144,3,0,0,0,management,high
11533,0.6,0.91,5,211,3,0,0,0,sales,low
11534,0.64,0.79,4,139,3,0,0,0,sales,low
11535,0.57,0.66,3,268,3,0,0,0,sales,low
11536,0.56,0.98,5,171,3,1,0,0,sales,low
11537,0.6,0.9,4,260,2,0,0,0,sales,medium
11538,0.17,0.66,6,224,3,0,0,0,sales,medium
11539,0.74,0.49,4,233,3,0,0,0,sales,medium
11540,0.44,0.41,3,125,7,0,0,0,sales,medium
11541,0.51,0.89,4,233,7,0,0,0,sales,medium
11542,0.86,0.57,3,162,7,0,0,0,sales,medium
11543,0.96,0.48,4,198,7,0,0,0,sales,medium
11544,0.87,0.82,4,198,7,0,0,0,sales,medium
11545,0.58,0.79,3,243,3,1,0,0,sales,medium
11546,0.24,0.56,4,281,7,0,0,0,sales,medium
11547,0.42,0.8,4,259,7,1,0,0,sales,medium
11548,0.65,0.94,4,184,7,0,0,0,sales,medium
11549,0.73,0.92,6,189,3,1,0,0,sales,medium
11550,0.63,0.6,4,258,3,0,0,0,sales,medium
11551,0.95,0.48,4,225,3,0,0,0,sales,medium
11552,0.52,0.83,5,145,3,0,0,0,sales,medium
11553,0.96,0.55,3,164,3,0,0,0,sales,medium
11554,0.66,0.51,4,254,2,0,0,0,sales,medium
11555,0.98,0.44,4,154,6,1,0,0,sales,medium
11556,0.56,0.79,5,248,3,0,0,0,sales,medium
11557,0.97,0.54,3,154,8,1,0,0,sales,medium
11558,0.72,0.92,3,242,8,0,0,0,sales,medium
11559,0.74,0.78,4,194,8,0,0,0,sales,medium
11560,0.2,0.6,5,261,8,0,0,0,sales,medium
11561,0.73,0.56,3,245,8,0,0,0,sales,medium
11562,0.76,0.79,3,247,3,0,0,0,sales,low
11563,0.65,0.54,4,147,10,0,0,0,sales,low
11564,0.66,0.5,3,139,10,1,0,0,sales,low
11565,0.96,0.97,6,137,10,0,0,0,sales,low
11566,0.57,0.55,4,177,8,0,0,0,sales,low
11567,0.61,0.82,4,184,8,0,0,0,IT,low
11568,0.57,0.69,3,212,8,0,0,0,product_mng,low
11569,0.59,0.47,3,159,4,0,0,0,product_mng,low
11570,0.92,0.68,4,178,3,0,0,0,product_mng,low
11571,0.79,0.56,3,149,10,0,0,0,product_mng,low
11572,0.95,0.66,4,223,10,0,0,0,IT,low
11573,0.24,0.81,6,263,7,0,0,0,management,high
11574,0.49,0.52,4,161,7,0,0,0,management,high
11575,0.49,0.68,3,192,7,0,0,0,management,high
11576,0.97,0.51,5,215,7,0,0,0,management,high
11577,0.55,0.78,4,261,3,0,0,0,management,high
11578,0.76,0.56,5,222,10,0,0,0,management,high
11579,0.53,0.99,3,223,10,0,0,0,marketing,low
11580,0.51,0.86,3,182,10,0,0,0,sales,low
11581,0.57,0.93,2,204,10,0,0,0,accounting,low
11582,0.58,0.91,3,195,10,0,0,0,support,low
11583,0.6,0.98,4,146,10,0,0,0,technical,low
11584,0.65,0.74,4,233,4,1,0,0,management,low
11585,0.91,0.75,2,147,3,0,0,0,marketing,low
11586,0.65,0.55,3,156,5,0,0,0,marketing,low
11587,0.18,0.49,3,240,2,1,0,0,marketing,low
11588,0.66,0.9,4,177,7,0,0,0,sales,low
11589,0.78,0.8,3,135,7,0,0,0,sales,medium
11590,0.82,0.65,5,178,7,1,0,0,sales,medium
11591,0.54,0.64,3,190,7,0,0,0,sales,medium
11592,0.95,0.84,3,240,7,0,0,0,sales,medium
11593,0.65,0.85,4,172,3,0,0,0,sales,medium
11594,0.83,0.55,3,271,7,0,0,0,sales,medium
11595,0.15,0.6,5,188,7,0,0,0,sales,medium
11596,0.59,0.59,4,197,7,0,0,0,IT,medium
11597,0.99,0.94,5,151,3,0,0,0,product_mng,medium
11598,0.76,0.72,3,263,3,0,0,0,product_mng,medium
11599,0.64,0.67,2,223,3,0,0,0,product_mng,medium
11600,0.95,0.75,4,151,3,0,0,0,product_mng,medium
11601,0.53,0.66,3,191,3,0,0,0,IT,high
11602,0.59,0.5,2,162,2,0,0,0,management,high
11603,0.69,0.86,5,195,6,0,0,0,management,high
11604,0.5,0.49,4,222,3,0,0,0,management,high
11605,0.89,0.96,3,179,8,0,0,0,management,high
11606,0.56,0.39,3,106,8,0,0,0,management,high
11607,0.77,0.68,3,214,8,1,0,0,management,high
11608,0.15,0.75,3,259,8,1,0,0,marketing,high
11609,0.88,0.58,3,145,8,0,0,0,sales,low
11610,0.89,0.86,4,153,3,0,0,0,accounting,low
11611,0.65,0.52,2,117,10,1,0,0,support,low
11612,0.58,0.99,3,207,10,0,0,0,technical,low
11613,0.56,0.85,3,265,10,1,0,0,management,low
11614,0.25,0.72,5,279,8,0,0,0,marketing,low
11615,0.87,0.89,4,225,8,0,0,0,marketing,low
11616,0.62,0.4,3,158,8,1,0,0,marketing,low
11617,0.72,0.75,4,211,4,0,0,0,sales,medium
11618,0.49,0.94,4,175,3,0,0,0,sales,medium
11619,0.57,0.91,4,224,10,0,0,0,sales,medium
11620,0.63,0.65,3,190,10,0,0,0,sales,medium
11621,0.91,0.63,5,240,7,0,0,0,sales,medium
11622,0.7,0.68,5,225,7,0,0,0,sales,medium
11623,0.66,0.95,5,192,7,0,0,0,sales,medium
11624,0.77,0.48,5,262,7,0,0,0,IT,medium
11625,0.68,0.97,3,250,3,1,0,0,product_mng,medium
11626,0.34,0.46,3,155,10,0,0,0,product_mng,medium
11627,0.97,0.64,4,238,10,1,0,0,product_mng,medium
11628,0.57,0.75,4,249,10,0,0,0,product_mng,medium
11629,0.66,0.65,3,272,10,0,0,0,IT,medium
11630,0.68,0.67,4,162,10,0,0,0,management,high
11631,0.49,0.78,4,254,10,0,0,0,management,high
11632,0.72,0.66,4,184,3,0,0,0,management,high
11633,0.77,0.89,4,269,10,0,0,0,management,high
11634,0.77,0.73,3,201,10,0,0,0,management,high
11635,0.59,0.73,4,247,10,0,0,0,management,high
11636,0.41,0.67,6,221,10,0,0,0,marketing,medium
11637,0.94,0.64,5,247,10,0,0,0,sales,medium
11638,0.91,0.61,4,135,10,0,0,0,accounting,medium
11639,0.7,0.84,3,260,4,1,0,0,support,medium
11640,0.51,0.52,3,188,3,0,0,0,technical,high
11641,0.22,0.7,4,159,5,0,0,0,management,low
11642,0.69,0.65,3,153,2,0,0,0,marketing,medium
11643,0.2,0.68,5,167,7,0,0,0,marketing,medium
11644,0.9,0.85,3,158,7,0,0,0,marketing,medium
11645,0.76,0.85,3,180,7,0,0,0,sales,medium
11646,0.88,0.51,3,211,7,0,0,0,sales,medium
11647,0.31,0.63,4,104,7,1,0,0,sales,medium
11648,0.17,0.66,6,174,3,0,0,0,sales,medium
11649,0.91,0.77,3,195,7,0,0,0,sales,medium
11650,0.97,0.38,5,211,7,1,0,0,sales,medium
11651,0.61,0.77,5,232,7,0,0,0,sales,medium
11652,0.74,0.67,5,216,3,0,0,0,sales,low
11653,0.65,0.82,5,265,3,0,0,0,IT,low
11654,0.87,0.73,5,184,3,0,0,0,product_mng,low
11655,0.56,0.71,5,244,3,0,0,0,product_mng,low
11656,0.78,0.69,4,202,3,0,0,0,product_mng,low
11657,0.73,0.57,3,146,2,0,0,0,product_mng,low
11658,0.66,0.78,4,161,6,0,0,0,IT,low
11659,0.15,0.81,5,280,3,1,0,0,RandD,high
11660,0.52,0.69,5,208,8,1,0,0,RandD,low
11661,0.44,0.66,6,134,8,0,0,0,RandD,high
11662,0.7,0.7,3,162,8,0,0,0,RandD,high
11663,0.63,0.52,5,209,8,1,0,0,RandD,low
11664,0.89,0.59,3,265,8,0,0,0,RandD,low
11665,0.96,0.85,4,173,3,0,0,0,marketing,high
11666,0.98,0.99,4,261,10,1,0,0,sales,low
11667,0.62,0.82,3,204,10,0,0,0,accounting,medium
11668,0.62,0.73,3,144,10,1,0,0,support,high
11669,0.69,0.43,5,113,8,0,0,0,technical,medium
11670,0.5,0.91,4,144,8,0,0,0,management,medium
11671,0.71,0.93,5,140,8,0,0,0,marketing,medium
11672,0.5,0.68,3,245,4,0,0,0,marketing,medium
11673,0.93,0.6,3,188,3,0,0,0,marketing,high
11674,0.95,0.77,5,199,10,1,0,0,sales,medium
11675,0.17,0.61,6,154,10,1,0,0,sales,medium
11676,0.92,0.68,4,138,7,0,0,0,sales,medium
11677,0.64,0.48,3,147,7,0,0,0,sales,high
11678,0.27,0.42,6,173,7,0,0,0,sales,medium
11679,0.66,0.87,3,223,7,0,0,0,sales,high
11680,0.59,0.69,3,200,3,0,0,0,sales,low
11681,0.93,0.98,4,189,10,0,0,0,sales,medium
11682,0.58,0.67,5,133,10,0,0,0,technical,medium
11683,0.96,0.6,3,160,10,0,0,0,support,medium
11684,0.69,0.85,3,153,10,0,0,0,support,medium
11685,0.41,0.38,4,142,10,1,0,0,support,low
11686,0.36,0.41,3,167,10,0,0,0,support,low
11687,0.71,0.78,4,227,2,0,0,0,support,low
11688,0.94,0.9,4,144,4,0,0,0,support,low
11689,0.51,0.76,4,140,3,0,0,0,support,low
11690,0.83,0.48,4,220,3,1,0,0,support,low
11691,0.22,0.62,3,180,3,0,0,0,support,low
11692,0.66,0.89,4,173,4,0,0,0,support,low
11693,0.14,0.58,3,179,5,0,0,0,support,low
11694,0.16,0.96,5,137,5,1,0,0,technical,low
11695,0.81,0.78,3,165,3,0,0,0,technical,high
11696,0.73,0.94,3,177,3,0,0,0,technical,low
11697,0.7,0.58,5,168,3,0,0,0,management,low
11698,0.62,0.73,3,245,4,0,0,0,IT,low
11699,0.5,0.83,5,258,2,0,0,0,IT,low
11700,0.7,0.88,3,159,2,0,0,0,IT,high
11701,0.53,0.73,3,163,3,1,0,0,IT,low
11702,0.87,0.9,3,174,2,0,0,0,IT,low
11703,0.59,0.6,3,214,2,1,0,0,product_mng,low
11704,0.94,0.67,4,191,3,1,0,0,product_mng,high
11705,0.2,0.53,5,272,5,0,0,0,product_mng,low
11706,0.42,0.44,3,183,2,0,0,0,product_mng,medium
11707,0.43,0.66,4,135,2,0,0,0,IT,high
11708,0.43,0.76,6,154,2,0,0,0,management,high
11709,0.77,0.86,5,238,3,0,0,0,management,high
11710,0.76,0.98,2,235,3,0,0,0,management,high
11711,0.82,0.9,3,215,4,0,0,0,management,high
11712,0.75,0.66,5,234,2,0,0,0,management,high
11713,0.63,0.98,4,187,3,0,0,0,management,high
11714,0.51,0.75,3,133,3,0,0,0,sales,medium
11715,0.23,0.7,3,123,5,0,0,0,sales,medium
11716,0.77,0.58,4,202,3,0,0,0,sales,medium
11717,0.54,0.63,4,140,3,0,0,0,sales,medium
11718,0.63,0.85,4,182,3,1,0,0,sales,high
11719,0.55,0.45,3,179,2,1,0,0,sales,low
11720,0.31,0.63,3,150,3,1,0,0,sales,medium
11721,0.98,0.74,4,151,3,0,0,0,sales,medium
11722,0.16,0.95,6,117,7,0,0,0,sales,medium
11723,0.54,0.78,3,156,7,0,0,0,sales,medium
11724,0.73,0.48,3,211,7,0,0,0,sales,medium
11725,0.16,0.63,6,286,7,0,0,1,sales,medium
11726,0.57,0.82,5,233,7,0,0,1,sales,medium
11727,0.88,0.88,4,222,3,1,0,1,sales,medium
11728,0.95,0.81,4,258,7,0,0,1,sales,medium
11729,0.93,0.7,5,231,7,0,0,1,sales,high
11730,0.91,0.58,3,220,7,0,0,1,sales,low
11731,0.77,0.82,4,134,3,0,0,1,sales,low
11732,0.24,0.94,6,141,3,1,0,0,sales,low
11733,0.74,0.74,5,160,3,1,0,0,sales,high
11734,0.53,0.59,4,259,3,0,0,0,sales,low
11735,0.89,0.77,5,232,3,0,0,0,sales,low
11736,0.23,0.77,5,272,2,0,0,0,sales,low
11737,0.69,0.66,3,215,6,0,0,0,sales,high
11738,0.52,0.72,4,222,3,0,0,0,sales,low
11739,0.9,0.58,3,244,8,0,0,0,sales,low
11740,0.92,0.63,5,224,8,1,0,0,sales,low
11741,0.72,0.59,5,200,8,1,0,0,sales,low
11742,0.92,0.61,4,143,8,0,0,0,sales,low
11743,0.79,0.86,5,238,8,0,0,0,sales,low
11744,0.48,0.89,4,145,3,0,0,0,sales,low
11745,0.27,0.76,4,108,10,0,0,0,sales,medium
11746,0.67,0.49,3,247,10,0,0,0,sales,medium
11747,0.48,0.7,3,213,10,0,0,0,sales,medium
11748,0.99,0.6,4,209,8,1,0,0,IT,medium
11749,0.49,0.88,4,240,8,0,0,0,product_mng,medium
11750,0.39,0.45,3,100,8,1,0,0,product_mng,medium
11751,0.99,0.92,4,265,4,1,0,0,product_mng,medium
11752,0.78,0.57,3,209,3,0,0,0,product_mng,medium
11753,0.5,0.73,3,154,10,0,0,0,IT,medium
11754,0.61,0.79,5,230,10,0,0,0,management,high
11755,0.88,0.6,4,208,7,0,0,1,management,high
11756,0.44,0.44,2,141,7,1,0,1,management,high
11757,0.73,0.78,3,262,7,1,0,1,management,high
11758,0.58,0.84,4,206,7,0,0,1,management,high
11759,0.74,0.98,3,166,3,1,0,1,management,high
11760,0.32,0.48,4,117,10,0,0,1,marketing,medium
11761,0.88,0.83,4,273,10,0,0,0,sales,medium
11762,0.81,0.9,4,270,10,0,0,0,accounting,medium
11763,0.59,0.92,3,138,10,0,0,0,support,low
11764,0.79,0.65,3,235,10,0,0,0,technical,low
11765,0.92,0.64,4,190,10,1,0,0,management,low
11766,0.76,0.85,3,192,3,0,0,0,marketing,low
11767,0.91,0.65,5,214,3,1,0,0,marketing,low
11768,0.8,0.84,4,242,2,1,0,0,marketing,low
11769,0.73,0.72,4,233,2,0,0,0,sales,low
11770,0.88,0.53,3,218,4,0,0,0,sales,low
11771,0.65,0.4,5,125,4,0,0,0,sales,low
11772,0.84,0.5,4,178,2,0,0,0,sales,low
11773,0.93,0.5,5,272,3,0,0,0,sales,low
11774,0.64,0.6,3,265,4,0,0,0,sales,low
11775,0.66,0.72,4,271,3,0,0,0,sales,low
11776,0.76,0.56,3,179,3,1,0,0,sales,low
11777,0.34,0.72,3,118,4,0,0,0,IT,low
11778,0.48,0.8,4,196,5,0,0,0,product_mng,low
11779,0.79,0.61,4,173,2,0,0,0,product_mng,low
11780,0.82,0.67,4,156,3,0,0,0,product_mng,low
11781,0.51,0.71,2,180,3,0,0,0,product_mng,low
11782,0.84,0.78,4,263,3,0,0,0,IT,low
11783,0.66,0.79,5,134,3,0,0,0,management,high
11784,0.72,0.88,3,189,3,1,0,0,management,high
11785,0.53,0.91,4,167,4,0,0,0,management,high
11786,0.81,0.8,5,132,2,1,0,0,management,high
11787,0.58,0.9,3,209,2,0,0,0,management,high
11788,0.82,0.56,2,227,5,1,0,0,management,high
11789,0.72,0.99,4,239,3,0,0,0,marketing,medium
11790,0.9,0.54,4,172,4,0,0,0,sales,medium
11791,0.98,0.91,3,188,4,0,0,0,accounting,medium
11792,0.56,0.74,3,265,3,0,0,0,support,medium
11793,0.77,0.82,3,153,3,1,0,0,technical,medium
11794,0.61,0.89,4,242,2,0,0,0,management,medium
11795,0.97,0.61,4,262,3,1,0,1,marketing,medium
11796,0.64,0.55,3,246,2,0,0,1,marketing,high
11797,0.99,0.97,4,211,2,0,0,1,marketing,low
11798,0.61,0.42,3,145,4,0,0,1,sales,medium
11799,0.72,0.71,4,256,3,0,0,1,sales,medium
11800,0.67,0.91,2,245,2,1,0,1,sales,medium
11801,0.9,0.56,3,151,3,0,0,0,sales,medium
11802,0.9,0.73,4,245,2,0,0,0,sales,low
11803,0.63,0.61,4,171,3,0,0,0,sales,low
11804,0.64,0.88,3,252,2,0,0,0,sales,low
11805,0.44,0.65,3,175,2,0,0,0,IT,low
11806,0.64,0.94,4,210,3,0,0,0,product_mng,low
11807,0.65,0.95,2,180,2,0,0,0,product_mng,low
11808,0.69,0.9,5,103,5,0,0,0,product_mng,low
11809,0.93,0.51,4,110,3,0,0,0,product_mng,low
11810,0.73,0.9,5,184,3,0,0,0,IT,low
11811,0.83,0.6,4,161,2,0,0,0,management,high
11812,0.82,0.49,5,210,3,0,0,0,management,high
11813,0.39,0.91,2,212,2,0,0,0,management,high
11814,0.53,0.47,6,106,6,0,0,0,management,high
11815,0.88,0.81,4,179,3,0,0,0,management,high
11816,0.8,0.6,5,217,3,0,0,0,management,high
11817,0.68,0.79,4,184,3,0,0,0,marketing,low
11818,0.66,0.6,3,210,2,0,0,0,sales,low
11819,0.61,0.61,4,246,2,0,0,0,accounting,low
11820,0.74,0.55,4,262,3,0,0,0,support,low
11821,0.61,0.83,4,245,3,1,0,1,technical,low
11822,0.57,0.99,3,222,3,1,0,1,management,low
11823,0.68,0.54,4,146,4,0,0,1,marketing,medium
11824,0.75,0.79,4,263,3,0,0,1,marketing,medium
11825,0.29,0.57,5,134,2,0,0,1,marketing,medium
11826,0.81,0.81,5,250,4,0,0,1,sales,medium
11827,0.53,0.68,4,173,3,0,0,0,sales,medium
11828,0.42,0.96,6,173,3,0,0,0,sales,medium
11829,0.64,0.67,4,252,3,1,0,0,sales,medium
11830,0.63,0.5,2,230,4,0,0,0,sales,medium
11831,0.81,0.81,4,212,2,1,0,0,sales,medium
11832,0.71,0.66,5,187,2,0,0,0,sales,medium
11833,0.7,0.83,5,241,2,0,0,0,sales,medium
11834,0.53,1.0,3,164,4,0,0,0,IT,medium
11835,0.16,0.93,6,218,6,1,0,0,product_mng,high
11836,0.17,0.55,4,194,3,0,0,0,product_mng,low
11837,0.7,0.95,3,158,2,0,0,0,product_mng,medium
11838,0.43,0.88,2,149,4,0,0,0,product_mng,medium
11839,0.49,0.62,4,161,2,0,0,0,IT,medium
11840,0.5,0.9,5,226,2,0,0,0,management,high
11841,0.57,0.59,2,111,2,0,0,0,management,high
11842,0.68,0.75,4,258,3,0,0,0,management,high
11843,0.62,0.61,3,266,2,0,0,0,management,high
11844,0.69,0.75,3,253,3,0,0,0,management,high
11845,0.63,0.7,5,160,3,0,0,0,management,high
11846,0.76,0.62,5,230,3,1,0,0,marketing,low
11847,0.62,0.76,5,198,3,0,0,0,sales,low
11848,0.82,0.69,3,250,3,0,0,0,accounting,low
11849,0.2,0.7,4,225,5,0,0,0,support,low
11850,0.16,0.7,3,178,3,1,0,0,technical,low
11851,0.2,0.78,4,196,3,0,0,0,management,low
11852,0.53,0.51,4,240,2,0,0,0,marketing,low
11853,0.71,0.63,3,204,3,0,0,0,marketing,low
11854,0.7,0.93,3,250,3,0,0,0,marketing,low
11855,0.92,0.94,2,224,2,0,0,0,sales,low
11856,0.81,0.92,4,268,3,0,0,0,sales,low
11857,0.79,0.62,5,167,3,0,0,0,sales,low
11858,0.53,0.64,3,168,3,0,0,0,sales,low
11859,0.51,0.56,4,168,2,0,0,0,sales,low
11860,0.78,0.9,5,158,3,0,0,0,sales,low
11861,0.5,0.91,3,240,3,0,0,0,sales,low
11862,0.92,1.0,4,261,4,0,0,0,sales,medium
11863,0.59,0.54,4,176,2,0,0,0,technical,medium
11864,0.77,0.55,3,217,3,0,0,0,support,medium
11865,0.74,0.87,5,224,2,0,0,0,support,medium
11866,0.67,0.97,4,196,3,0,0,0,support,medium
11867,0.56,0.59,3,223,3,0,0,0,support,medium
11868,0.84,0.44,5,131,5,1,0,0,support,medium
11869,0.53,0.77,2,167,2,0,0,0,support,medium
11870,0.86,0.71,5,273,3,0,0,0,support,medium
11871,0.77,0.68,3,98,3,0,0,0,support,medium
11872,0.97,0.94,4,253,3,0,0,0,support,medium
11873,0.69,0.87,5,174,3,0,0,0,support,medium
11874,0.73,0.9,3,274,2,0,0,0,support,high
11875,0.42,0.47,6,174,5,0,0,0,technical,low
11876,0.4,0.47,5,173,5,0,0,0,technical,medium
11877,0.33,0.41,2,198,4,0,0,0,technical,medium
11878,0.68,0.66,3,238,2,0,0,0,management,medium
11879,0.78,0.8,3,256,2,0,0,0,IT,medium
11880,0.92,0.6,3,179,2,0,0,0,IT,low
11881,0.66,0.66,4,273,4,1,0,0,IT,low
11882,0.6,0.45,3,104,4,0,0,0,IT,low
11883,0.86,0.83,4,208,3,1,0,0,IT,low
11884,0.61,0.49,3,275,2,0,0,0,product_mng,low
11885,0.71,0.68,3,231,2,1,0,0,product_mng,low
11886,0.86,0.62,4,186,3,0,0,0,product_mng,low
11887,0.96,0.59,3,241,3,0,0,0,product_mng,low
11888,0.7,0.54,3,194,2,1,0,0,IT,low
11889,0.38,0.49,4,196,3,0,0,1,management,high
11890,0.39,0.75,6,185,3,0,0,1,management,high
11891,0.49,0.4,2,148,2,1,0,1,management,high
11892,0.78,0.62,4,150,3,0,0,1,management,high
11893,0.74,0.79,5,121,5,0,0,1,management,high
11894,0.82,0.76,4,266,3,0,0,1,management,high
11895,0.6,0.42,2,109,6,0,0,0,sales,low
11896,0.72,0.99,3,143,4,0,0,0,sales,low
11897,0.73,0.97,3,174,3,0,0,0,sales,low
11898,0.89,0.55,4,159,2,0,0,0,sales,medium
11899,0.74,0.94,4,157,2,0,0,0,sales,medium
11900,0.83,0.57,2,222,2,0,0,0,sales,medium
11901,0.24,0.88,5,199,5,1,0,0,sales,medium
11902,0.93,0.89,3,255,7,1,0,0,sales,medium
11903,0.96,0.62,4,253,7,0,0,0,sales,medium
11904,0.16,0.68,5,149,7,1,0,0,sales,medium
11905,0.21,0.85,6,285,7,0,0,0,sales,medium
11906,0.69,0.54,3,164,7,0,0,0,sales,medium
11907,0.66,0.96,3,243,3,1,0,0,sales,medium
11908,0.67,0.39,2,207,7,0,0,0,sales,medium
11909,0.85,0.58,4,186,7,0,0,0,sales,medium
11910,0.37,0.92,4,211,7,0,0,0,sales,high
11911,0.64,0.64,2,190,3,0,0,0,sales,low
11912,0.91,0.82,2,241,3,0,0,0,sales,medium
11913,0.96,0.68,3,206,3,0,0,0,sales,medium
11914,0.74,0.7,4,273,3,0,0,0,sales,medium
11915,0.94,0.99,2,157,3,0,0,0,sales,medium
11916,0.37,0.72,3,183,2,0,0,0,sales,low
11917,0.92,0.85,3,151,6,1,0,0,sales,low
11918,0.86,0.72,3,217,3,0,0,0,sales,low
11919,0.66,0.49,5,235,8,1,0,0,sales,low
11920,0.19,0.61,4,127,8,0,0,0,sales,low
11921,0.65,0.61,5,167,8,0,0,0,sales,low
11922,0.92,0.44,3,260,8,0,0,0,sales,low
11923,0.83,0.8,3,240,8,0,0,0,sales,low
11924,0.94,0.82,4,187,3,0,0,0,sales,low
11925,0.42,0.69,3,126,2,0,0,0,sales,low
11926,0.78,0.53,6,168,3,0,0,0,sales,low
11927,0.58,0.76,4,197,5,0,0,0,sales,low
11928,0.5,0.64,2,170,8,0,0,0,sales,low
11929,0.82,0.76,3,219,8,1,0,0,IT,low
11930,0.97,0.92,6,137,8,1,0,0,product_mng,low
11931,0.8,0.93,3,225,4,0,0,0,product_mng,low
11932,0.82,0.84,3,194,3,0,0,0,product_mng,low
11933,0.95,0.99,5,251,4,0,0,0,product_mng,low
11934,0.88,0.51,5,195,4,0,0,0,IT,low
11935,0.5,0.86,3,180,7,0,0,1,management,high
11936,0.53,0.8,2,225,7,1,0,1,management,high
11937,0.82,0.74,3,229,7,0,0,1,management,high
11938,0.15,0.74,6,144,7,0,0,1,management,high
11939,0.92,0.7,3,129,3,0,0,1,management,high
11940,0.53,0.74,3,172,10,0,0,1,management,high
11941,0.58,1.0,4,220,10,0,0,0,marketing,medium
11942,0.88,0.74,3,273,10,0,0,0,sales,medium
11943,0.85,0.72,3,245,10,0,0,0,accounting,medium
11944,0.99,0.68,5,264,10,1,0,0,support,medium
11945,0.94,0.73,3,268,10,0,0,0,technical,medium
11946,0.63,0.94,3,172,3,0,0,0,management,medium
11947,0.85,0.9,3,245,3,0,0,0,marketing,medium
11948,0.95,0.66,5,192,3,0,0,0,marketing,medium
11949,0.71,0.66,3,268,4,0,0,0,marketing,high
11950,0.49,0.88,4,244,3,0,0,0,sales,low
11951,0.71,0.69,4,222,4,0,0,0,sales,medium
11952,0.52,0.62,5,239,2,0,0,0,sales,medium
11953,0.48,0.72,3,143,4,0,0,0,sales,medium
11954,0.82,0.79,3,160,3,0,0,0,sales,medium
11955,0.83,0.76,2,255,7,0,0,0,sales,low
11956,0.85,0.87,4,152,7,0,0,0,sales,low
11957,0.57,0.64,4,226,7,0,0,0,sales,low
11958,0.16,0.63,5,266,7,0,0,0,IT,low
11959,0.85,0.64,5,256,7,0,0,0,product_mng,low
11960,0.82,0.67,3,198,3,1,0,0,product_mng,low
11961,0.9,0.89,4,254,7,0,0,0,product_mng,low
11962,0.92,0.64,2,104,7,0,0,0,product_mng,low
11963,0.9,0.48,4,136,7,0,0,0,IT,low
11964,0.82,0.8,5,205,3,0,0,0,IT,low
11965,0.84,0.81,4,236,3,1,0,0,IT,low
11966,0.92,0.65,3,176,3,0,0,0,IT,low
11967,0.82,0.82,3,148,3,0,0,0,IT,low
11968,0.8,0.8,4,146,3,1,0,0,IT,low
11969,0.6,0.85,3,242,2,0,0,0,IT,low
11970,0.14,0.38,5,115,6,1,0,0,marketing,high
11971,0.85,0.89,4,150,3,0,0,0,accounting,high
11972,0.55,0.81,3,239,8,0,0,0,accounting,high
11973,0.49,0.71,4,178,8,0,0,0,IT,medium
11974,0.82,0.58,5,263,8,0,0,0,IT,medium
11975,0.59,0.77,3,272,8,0,0,0,management,high
11976,0.9,0.82,3,133,8,0,0,0,marketing,medium
11977,0.62,0.72,3,149,3,1,0,0,marketing,medium
11978,0.61,0.68,3,193,2,0,0,0,marketing,medium
11979,0.52,0.55,5,174,3,1,0,0,sales,medium
11980,0.79,0.87,4,223,5,0,0,0,sales,medium
11981,0.49,0.89,4,201,8,0,0,0,sales,medium
11982,0.73,0.67,2,139,8,0,0,0,sales,medium
11983,0.67,0.49,5,241,8,0,0,0,sales,medium
11984,0.52,0.61,4,187,4,1,0,0,sales,medium
11985,0.72,0.64,4,192,3,0,0,0,sales,medium
11986,0.48,0.5,5,142,4,0,0,0,IT,medium
11987,0.19,0.79,4,229,4,0,0,0,product_mng,medium
11988,0.49,0.49,3,104,7,0,0,0,product_mng,high
11989,0.9,0.76,3,255,7,0,0,0,product_mng,low
11990,0.49,0.49,4,212,7,0,0,0,product_mng,medium
11991,0.6,0.53,2,235,7,0,0,0,IT,medium
11992,0.62,0.85,3,237,3,1,0,0,IT,medium
11993,0.64,0.5,4,253,10,0,0,1,management,high
11994,0.22,0.94,3,193,10,0,0,1,management,high
11995,0.9,0.55,3,259,10,1,0,1,management,high
11996,0.74,0.95,5,266,10,0,0,1,management,high
11997,0.85,0.54,3,185,10,0,0,1,management,high
11998,0.33,0.65,3,172,10,0,0,1,marketing,high
11999,0.5,0.73,4,180,3,0,0,0,IT,low
12000,0.38,0.53,2,157,3,0,1,0,sales,low
12001,0.8,0.86,5,262,6,0,1,0,sales,medium
12002,0.11,0.88,7,272,4,0,1,0,sales,medium
12003,0.72,0.87,5,223,5,0,1,0,sales,low
12004,0.37,0.52,2,159,3,0,1,0,sales,low
12005,0.41,0.5,2,153,3,0,1,0,sales,low
12006,0.1,0.77,6,247,4,0,1,0,sales,low
12007,0.92,0.85,5,259,5,0,1,0,sales,low
12008,0.89,1.0,5,224,5,0,1,0,sales,low
12009,0.42,0.53,2,142,3,0,1,0,sales,low
12010,0.45,0.54,2,135,3,0,1,0,sales,low
12011,0.11,0.81,6,305,4,0,1,0,sales,low
12012,0.84,0.92,4,234,5,0,1,0,sales,low
12013,0.41,0.55,2,148,3,0,1,0,sales,low
12014,0.36,0.56,2,137,3,0,1,0,sales,low
12015,0.38,0.54,2,143,3,0,1,0,sales,low
12016,0.45,0.47,2,160,3,0,1,0,sales,low
12017,0.78,0.99,4,255,6,0,1,0,sales,low
12018,0.45,0.51,2,160,3,1,1,1,sales,low
12019,0.76,0.89,5,262,5,0,1,0,sales,low
12020,0.11,0.83,6,282,4,0,1,0,sales,low
12021,0.38,0.55,2,147,3,0,1,0,sales,low
12022,0.09,0.95,6,304,4,0,1,0,sales,low
12023,0.46,0.57,2,139,3,0,1,0,sales,low
12024,0.4,0.53,2,158,3,0,1,0,sales,low
12025,0.89,0.92,5,242,5,0,1,0,sales,low
12026,0.82,0.87,4,239,5,0,1,0,sales,low
12027,0.4,0.49,2,135,3,0,1,0,sales,low
12028,0.41,0.46,2,128,3,0,1,0,accounting,low
12029,0.38,0.5,2,132,3,0,1,0,accounting,low
12030,0.09,0.62,6,294,4,0,1,0,accounting,low
12031,0.45,0.57,2,134,3,0,1,0,hr,low
12032,0.4,0.51,2,145,3,0,1,0,hr,low
12033,0.45,0.55,2,140,3,0,1,0,hr,low
12034,0.84,0.87,4,246,6,0,1,0,hr,low
12035,0.1,0.94,6,255,4,0,1,0,technical,low
12036,0.38,0.46,2,137,3,0,1,0,technical,low
12037,0.45,0.5,2,126,3,0,1,0,technical,low
12038,0.11,0.89,6,306,4,0,1,0,technical,low
12039,0.41,0.54,2,152,3,0,1,0,technical,low
12040,0.87,0.88,5,269,5,0,1,0,technical,low
12041,0.45,0.48,2,158,3,0,1,0,technical,low
12042,0.4,0.46,2,127,3,0,1,0,technical,low
12043,0.1,0.8,7,281,4,0,1,0,technical,low
12044,0.09,0.89,6,276,4,0,1,0,technical,low
12045,0.84,0.74,3,182,4,0,1,0,technical,low
12046,0.4,0.55,2,147,3,0,1,0,support,low
12047,0.57,0.7,3,273,6,0,1,0,support,low
12048,0.4,0.54,2,148,3,0,1,0,support,low
12049,0.43,0.47,2,147,3,0,1,0,support,low
12050,0.13,0.78,6,152,2,0,1,0,support,low
12051,0.44,0.55,2,135,3,0,1,0,support,low
12052,0.38,0.55,2,134,3,0,1,0,support,low
12053,0.39,0.54,2,132,3,0,1,0,support,low
12054,0.1,0.92,7,307,4,0,1,0,support,low
12055,0.37,0.46,2,140,3,0,1,0,support,low
12056,0.11,0.94,7,255,4,0,1,0,support,low
12057,0.1,0.81,6,309,4,0,1,0,technical,low
12058,0.38,0.54,2,128,3,0,1,0,technical,low
12059,0.85,1.0,4,225,5,0,1,0,technical,low
12060,0.85,0.91,5,226,5,0,1,0,management,medium
12061,0.11,0.93,7,308,4,0,1,0,IT,medium
12062,0.1,0.95,6,244,5,0,1,0,IT,medium
12063,0.36,0.56,2,132,3,0,1,0,IT,medium
12064,0.11,0.94,6,286,4,0,1,0,IT,medium
12065,0.81,0.7,6,161,4,0,1,0,IT,medium
12066,0.43,0.54,2,153,3,0,1,0,product_mng,medium
12067,0.9,0.98,4,264,6,0,1,0,product_mng,medium
12068,0.76,0.86,5,223,5,1,1,0,product_mng,medium
12069,0.43,0.5,2,135,3,0,1,0,product_mng,medium
12070,0.74,0.99,2,277,3,0,1,0,IT,medium
12071,0.09,0.77,5,275,4,0,1,0,product_mng,medium
12072,0.45,0.49,2,149,3,0,1,0,product_mng,high
12073,0.09,0.87,7,295,4,0,1,0,product_mng,low
12074,0.11,0.97,6,277,4,0,1,0,product_mng,medium
12075,0.11,0.79,7,306,4,0,1,0,product_mng,medium
12076,0.1,0.83,6,295,4,0,1,0,product_mng,medium
12077,0.4,0.54,2,137,3,0,1,0,marketing,medium
12078,0.43,0.56,2,157,3,0,1,0,sales,low
12079,0.39,0.56,2,142,3,0,1,0,accounting,low
12080,0.45,0.54,2,140,3,0,1,0,support,low
12081,0.38,0.49,2,151,3,0,1,0,technical,low
12082,0.79,0.59,4,139,3,0,1,1,management,low
12083,0.84,0.85,4,249,6,0,1,0,marketing,low
12084,0.11,0.77,6,291,4,0,1,0,marketing,low
12085,0.11,0.87,6,305,4,0,1,0,marketing,low
12086,0.17,0.84,5,232,3,0,1,0,sales,low
12087,0.44,0.45,2,132,3,0,1,0,sales,low
12088,0.37,0.57,2,130,3,0,1,0,sales,low
12089,0.1,0.79,6,291,4,0,1,0,sales,low
12090,0.4,0.5,2,130,3,0,1,0,sales,low
12091,0.89,1.0,5,246,5,0,1,0,sales,low
12092,0.42,0.48,2,143,3,0,1,0,sales,low
12093,0.46,0.55,2,129,3,0,1,0,sales,low
12094,0.09,0.83,6,255,4,0,1,0,sales,low
12095,0.37,0.51,2,155,3,0,1,0,sales,low
12096,0.1,0.77,6,265,4,0,1,0,sales,low
12097,0.1,0.84,6,279,4,0,1,0,sales,low
12098,0.11,0.97,6,284,4,0,1,0,sales,low
12099,0.9,1.0,5,221,6,0,1,0,sales,medium
12100,0.38,0.52,2,154,3,0,1,0,sales,medium
12101,0.36,0.52,2,147,3,0,1,0,sales,medium
12102,0.42,0.46,2,150,3,0,1,0,sales,medium
12103,0.09,0.94,7,267,4,0,1,0,sales,medium
12104,0.43,0.52,2,158,3,0,1,0,sales,medium
12105,0.24,0.46,7,224,5,0,1,0,accounting,medium
12106,0.91,1.0,4,257,5,0,1,0,accounting,medium
12107,0.44,0.5,2,148,3,0,1,0,accounting,medium
12108,0.71,0.87,3,177,4,0,1,0,hr,medium
12109,0.4,0.49,2,155,3,0,1,0,hr,medium
12110,0.43,0.47,2,144,3,0,1,0,hr,medium
12111,0.09,0.85,6,289,4,0,1,0,hr,high
12112,0.43,0.52,2,160,3,0,1,0,technical,low
12113,0.9,0.96,4,258,5,0,1,0,technical,medium
12114,0.84,1.0,5,234,5,0,1,0,technical,medium
12115,0.37,0.48,2,137,3,0,1,0,technical,medium
12116,0.86,0.68,5,263,2,0,1,0,technical,medium
12117,0.11,0.84,6,251,4,0,1,0,technical,low
12118,0.37,0.57,2,133,3,0,1,0,technical,low
12119,0.4,0.46,2,132,3,0,1,0,technical,low
12120,0.14,0.62,4,158,4,1,1,0,technical,low
12121,0.4,0.46,2,135,3,0,1,0,technical,low
12122,0.75,1.0,4,216,6,0,1,0,technical,low
12123,0.11,0.84,6,300,5,1,1,0,support,low
12124,0.46,0.49,2,138,3,0,1,0,support,low
12125,0.11,0.92,6,260,4,0,1,0,support,low
12126,0.38,0.49,2,132,3,0,1,0,support,low
12127,0.7,0.89,3,183,5,0,1,0,support,low
12128,0.09,0.82,6,250,4,0,1,0,support,low
12129,0.37,0.45,2,151,3,0,1,0,support,low
12130,0.1,0.83,6,292,4,0,1,0,support,low
12131,0.38,0.57,2,140,3,0,1,0,support,low
12132,0.9,1.0,5,221,5,0,1,0,support,low
12133,0.44,0.51,2,138,3,0,1,0,support,low
12134,0.36,0.5,2,132,3,0,1,0,technical,low
12135,0.31,0.84,7,133,5,0,1,0,technical,low
12136,0.1,0.84,6,283,4,1,1,0,technical,low
12137,0.42,0.48,2,129,3,0,1,0,management,low
12138,0.74,1.0,4,249,5,0,1,0,IT,low
12139,0.73,0.87,5,257,5,0,1,0,IT,low
12140,0.09,0.96,6,245,4,0,1,0,IT,low
12141,0.45,0.53,2,155,3,0,1,0,IT,low
12142,0.11,0.8,6,256,4,0,1,0,IT,low
12143,0.37,0.47,2,152,3,0,1,0,product_mng,low
12144,0.84,0.99,4,267,5,0,1,0,product_mng,low
12145,0.41,0.46,2,151,3,0,1,0,product_mng,low
12146,0.76,0.92,4,239,5,0,1,0,product_mng,low
12147,0.11,0.87,6,306,4,0,1,0,IT,low
12148,0.84,0.88,4,263,5,1,1,0,marketing,low
12149,0.39,0.5,2,147,3,0,1,0,marketing,low
12150,0.11,0.91,6,278,4,0,1,0,marketing,low
12151,0.45,0.56,2,154,3,0,1,0,marketing,low
12152,0.37,0.52,2,143,3,0,1,0,marketing,low
12153,0.4,0.52,2,155,3,0,1,0,marketing,low
12154,0.39,0.48,2,160,3,0,1,0,sales,low
12155,0.11,0.8,6,304,4,0,1,0,accounting,low
12156,0.83,1.0,5,240,5,0,1,0,support,low
12157,0.11,0.92,6,305,4,0,1,0,technical,low
12158,0.39,0.5,2,136,3,0,1,0,management,low
12159,0.45,0.45,2,132,3,0,1,0,marketing,low
12160,0.1,0.95,7,301,4,0,1,0,marketing,low
12161,0.9,0.98,5,243,6,0,1,0,marketing,low
12162,0.45,0.51,2,147,3,0,1,0,sales,low
12163,0.79,0.89,5,239,5,0,1,0,sales,low
12164,0.9,0.99,5,260,5,0,1,0,sales,low
12165,0.11,0.84,7,296,4,0,1,0,sales,low
12166,0.43,0.55,2,129,3,0,1,0,sales,low
12167,0.31,0.54,5,132,5,0,1,0,sales,low
12168,0.32,0.5,2,135,5,0,1,0,sales,low
12169,0.45,0.57,2,158,3,0,1,0,sales,low
12170,0.81,0.99,4,259,5,0,1,0,sales,low
12171,0.41,0.46,2,160,3,0,1,1,sales,low
12172,0.11,0.78,7,278,4,0,1,0,sales,low
12173,0.1,0.88,6,284,4,0,1,0,sales,low
12174,0.7,0.53,2,274,4,0,1,0,sales,low
12175,0.54,0.74,4,164,2,0,1,0,sales,low
12176,0.41,0.48,2,148,3,0,1,0,sales,low
12177,0.38,0.5,2,140,3,0,1,0,sales,medium
12178,0.37,0.51,2,127,3,0,1,0,sales,medium
12179,0.11,0.85,6,308,5,0,1,0,sales,medium
12180,0.4,0.47,2,146,3,0,1,0,sales,medium
12181,0.1,0.84,6,261,4,0,1,0,accounting,medium
12182,0.89,0.99,5,257,5,0,1,0,accounting,medium
12183,0.11,0.8,6,285,4,0,1,0,accounting,medium
12184,0.36,0.55,2,141,3,0,1,0,hr,medium
12185,0.4,0.46,2,127,3,0,1,0,hr,medium
12186,0.09,0.85,6,297,4,0,1,0,hr,medium
12187,0.4,0.46,2,143,3,0,1,0,hr,medium
12188,0.37,0.55,2,152,3,0,1,0,technical,medium
12189,0.44,0.51,2,156,3,0,1,0,technical,high
12190,0.09,0.8,7,283,5,0,1,0,technical,low
12191,0.92,0.87,4,226,6,1,1,0,technical,medium
12192,0.74,0.91,4,232,5,0,1,0,technical,medium
12193,0.09,0.82,6,249,4,0,1,0,technical,medium
12194,0.89,0.95,4,275,5,0,1,0,technical,medium
12195,0.09,0.8,6,304,4,0,1,0,technical,low
12196,0.27,0.54,7,278,3,0,1,0,technical,low
12197,0.1,0.91,6,287,4,0,1,0,technical,low
12198,0.1,0.89,7,285,4,0,1,0,technical,low
12199,0.77,0.94,5,226,6,0,1,0,support,low
12200,0.9,0.82,5,259,5,0,1,0,support,low
12201,0.39,0.5,2,135,3,0,1,0,support,low
12202,0.76,1.0,5,219,5,0,1,0,support,low
12203,0.1,0.93,6,256,4,0,1,0,support,low
12204,0.87,0.9,5,254,6,0,1,0,support,low
12205,0.38,0.5,2,153,3,0,1,0,support,low
12206,0.77,0.99,5,228,5,0,1,0,support,low
12207,0.78,0.87,4,228,5,0,1,0,support,low
12208,0.44,0.5,2,128,3,0,1,0,support,low
12209,0.38,0.52,2,153,3,0,1,0,support,low
12210,0.43,0.46,2,156,3,0,1,0,technical,low
12211,0.39,0.5,4,294,3,0,1,0,technical,low
12212,0.88,1.0,5,219,5,0,1,0,technical,low
12213,0.45,0.46,2,153,3,0,1,0,management,low
12214,0.4,0.53,2,151,3,0,1,0,IT,low
12215,0.36,0.51,2,155,3,0,1,0,IT,low
12216,0.36,0.48,2,158,3,0,1,0,IT,low
12217,0.9,0.98,5,245,5,0,1,0,IT,low
12218,0.43,0.53,2,131,3,0,1,0,IT,low
12219,0.89,0.87,5,225,5,0,1,0,product_mng,low
12220,0.1,0.84,6,286,4,0,1,0,product_mng,low
12221,0.37,0.5,2,135,3,0,1,0,product_mng,low
12222,0.37,0.51,2,153,3,0,1,0,product_mng,low
12223,0.87,0.9,5,252,5,0,1,0,IT,low
12224,0.4,0.56,2,149,3,0,1,0,accounting,low
12225,0.9,0.97,4,258,5,0,1,0,accounting,low
12226,0.37,0.46,2,158,3,0,1,0,hr,low
12227,0.44,0.54,2,149,3,0,1,0,hr,low
12228,0.85,0.95,5,236,5,0,1,0,hr,low
12229,0.78,0.98,5,239,6,0,1,0,marketing,low
12230,0.42,0.47,2,159,3,0,1,0,marketing,low
12231,0.92,0.99,5,255,6,0,1,0,sales,low
12232,0.11,0.83,6,244,4,0,1,0,accounting,low
12233,0.42,0.56,2,134,3,0,1,0,support,low
12234,0.48,0.57,4,270,4,0,1,0,technical,low
12235,0.83,0.85,4,255,5,0,1,0,management,low
12236,0.4,0.53,2,151,3,0,1,0,marketing,low
12237,0.43,0.45,2,135,3,0,1,0,marketing,low
12238,0.43,0.53,2,146,3,0,1,0,marketing,low
12239,0.1,0.97,7,254,4,0,1,0,sales,low
12240,0.1,0.87,7,289,4,0,1,0,sales,low
12241,0.37,0.46,2,156,3,0,1,0,sales,low
12242,0.38,0.53,2,156,3,0,1,0,sales,low
12243,0.4,0.5,2,128,3,0,1,0,sales,low
12244,0.89,0.86,5,275,5,0,1,0,sales,low
12245,0.45,0.46,2,155,3,0,1,0,sales,low
12246,0.37,0.48,2,159,3,0,1,0,sales,low
12247,0.46,0.49,2,148,3,0,1,0,sales,low
12248,0.87,0.91,4,228,5,0,1,0,sales,low
12249,0.11,0.84,6,298,4,0,1,0,sales,low
12250,0.79,0.87,5,261,5,0,1,0,sales,low
12251,0.79,0.92,5,254,6,0,1,0,sales,low
12252,0.19,0.59,7,192,3,0,1,0,sales,low
12253,0.87,0.98,4,248,5,0,1,0,sales,low
12254,0.6,0.92,2,258,5,0,1,0,sales,low
12255,0.44,0.45,2,156,3,0,1,0,sales,medium
12256,0.11,0.81,6,266,4,1,1,0,sales,medium
12257,0.42,0.54,2,156,3,0,1,0,sales,medium
12258,0.88,0.88,5,232,5,1,1,0,accounting,medium
12259,0.11,0.84,6,287,4,0,1,0,accounting,medium
12260,0.46,0.46,2,154,3,0,1,0,accounting,medium
12261,0.82,0.97,5,263,5,0,1,0,hr,medium
12262,0.44,0.56,2,131,3,0,1,0,hr,medium
12263,0.11,0.78,6,260,4,0,1,0,hr,medium
12264,0.42,0.5,2,139,3,0,1,0,hr,medium
12265,0.84,0.93,4,251,5,0,1,0,technical,medium
12266,0.11,0.95,6,286,4,0,1,0,technical,medium
12267,0.45,0.53,2,129,3,0,1,0,technical,high
12268,0.38,0.56,2,156,3,0,1,0,technical,low
12269,0.38,0.86,6,139,6,0,1,0,technical,medium
12270,0.44,0.51,2,127,3,0,1,0,technical,medium
12271,0.11,0.84,6,251,4,0,1,0,technical,medium
12272,0.81,0.93,5,270,5,0,1,0,technical,medium
12273,0.09,0.96,6,296,4,0,1,0,technical,low
12274,0.11,0.9,6,254,4,0,1,0,technical,low
12275,0.81,0.95,5,238,6,0,1,0,technical,low
12276,0.1,0.97,6,267,4,1,1,0,support,low
12277,0.74,0.89,5,229,6,0,1,0,support,low
12278,0.09,0.78,6,254,4,0,1,0,support,low
12279,0.82,0.81,4,233,4,1,1,0,support,low
12280,0.1,0.98,6,268,4,0,1,0,support,low
12281,0.27,0.56,3,301,3,0,1,0,support,low
12282,0.83,0.92,5,267,6,0,1,0,support,low
12283,0.1,0.93,6,289,4,1,1,0,support,low
12284,0.38,0.47,2,144,3,0,1,0,support,low
12285,0.4,0.56,2,148,3,0,1,0,support,low
12286,0.11,0.83,6,306,4,0,1,0,support,low
12287,0.11,0.79,6,292,4,0,1,1,technical,low
12288,0.82,0.91,5,232,5,0,1,0,technical,low
12289,0.36,0.48,2,137,3,0,1,0,technical,low
12290,0.4,0.46,2,128,3,0,1,0,management,low
12291,0.87,0.84,5,231,5,0,1,0,IT,low
12292,0.41,0.49,2,146,3,0,1,0,IT,low
12293,0.11,0.91,6,308,4,1,1,0,IT,low
12294,0.1,0.93,6,253,4,0,1,0,IT,medium
12295,0.38,0.51,2,146,3,0,1,0,IT,medium
12296,0.39,0.55,2,156,3,0,1,0,product_mng,medium
12297,0.4,0.52,2,147,3,0,1,0,product_mng,medium
12298,0.45,0.48,2,136,3,0,1,0,product_mng,medium
12299,0.74,0.84,5,249,5,0,1,0,product_mng,medium
12300,0.45,0.55,2,151,3,0,1,0,IT,medium
12301,0.12,1.0,3,278,4,0,1,0,RandD,medium
12302,0.1,0.77,7,250,5,0,1,0,RandD,medium
12303,0.37,0.55,2,127,3,0,1,0,RandD,medium
12304,0.89,0.87,5,255,5,0,1,0,RandD,medium
12305,0.45,0.47,2,135,3,0,1,0,RandD,medium
12306,0.37,0.46,2,149,3,0,1,0,marketing,high
12307,0.11,0.81,5,287,4,0,1,0,sales,low
12308,0.41,0.48,2,145,3,0,1,0,accounting,medium
12309,0.1,0.94,6,285,4,0,1,0,support,medium
12310,0.1,0.93,7,305,4,0,1,0,technical,medium
12311,0.11,0.95,7,300,4,0,1,0,management,medium
12312,0.4,0.54,2,139,3,0,1,0,marketing,low
12313,0.41,0.49,2,130,3,0,1,0,marketing,low
12314,0.1,0.81,6,268,4,0,1,0,marketing,low
12315,0.73,0.86,4,245,6,0,1,0,sales,low
12316,0.43,0.47,2,135,3,0,1,0,sales,low
12317,0.37,0.46,2,153,3,0,1,0,sales,low
12318,0.11,0.94,6,276,4,0,1,0,sales,low
12319,0.4,0.46,2,130,3,0,1,0,sales,low
12320,0.41,0.54,2,153,3,1,1,0,sales,low
12321,0.82,0.84,5,244,5,0,1,0,sales,low
12322,0.61,0.47,2,253,3,0,1,0,sales,low
12323,0.11,0.91,7,287,4,0,1,0,sales,low
12324,0.37,0.45,2,131,3,0,1,0,sales,low
12325,0.41,0.52,2,135,3,0,1,0,sales,low
12326,0.37,0.52,2,157,3,0,1,0,sales,low
12327,0.88,0.99,5,262,6,0,1,0,sales,low
12328,0.1,0.85,6,266,4,0,1,0,sales,low
12329,0.44,0.48,2,148,3,0,1,0,sales,low
12330,0.38,0.57,2,140,3,0,1,0,sales,low
12331,0.11,0.85,7,302,4,0,1,0,sales,low
12332,0.09,0.98,6,271,4,0,1,0,sales,low
12333,0.45,0.52,2,145,3,0,1,0,sales,medium
12334,0.1,0.81,6,290,4,0,1,0,accounting,medium
12335,0.45,0.47,2,151,3,0,1,0,accounting,medium
12336,0.77,0.87,5,266,5,0,1,0,accounting,medium
12337,0.44,0.51,2,140,3,0,1,0,hr,medium
12338,0.39,0.5,2,142,3,0,1,0,hr,medium
12339,0.1,0.91,6,246,4,0,1,0,hr,medium
12340,0.09,0.89,7,308,5,0,1,0,hr,medium
12341,0.37,0.47,2,141,3,0,1,0,technical,medium
12342,0.9,1.0,5,232,5,0,1,0,technical,medium
12343,0.41,0.56,2,143,3,0,1,0,technical,medium
12344,0.37,0.52,2,155,3,0,1,0,technical,medium
12345,0.1,0.86,6,278,4,0,1,0,technical,high
12346,0.81,1.0,4,253,5,0,1,0,technical,low
12347,0.11,0.8,6,282,4,0,1,0,technical,medium
12348,0.11,0.84,7,264,4,0,1,0,technical,medium
12349,0.4,0.46,2,149,3,0,1,0,technical,medium
12350,0.09,0.8,6,304,5,0,1,0,technical,medium
12351,0.48,0.93,3,219,6,0,1,0,technical,low
12352,0.91,0.91,4,262,6,0,1,0,support,low
12353,0.43,0.57,2,135,3,0,1,0,support,low
12354,0.33,0.88,6,219,5,0,1,0,support,low
12355,0.41,0.57,2,136,3,0,1,0,support,low
12356,0.41,0.55,2,154,3,0,1,0,support,low
12357,0.37,0.54,2,149,3,0,1,0,support,low
12358,0.31,0.62,6,135,5,0,1,0,support,low
12359,0.09,0.91,6,275,4,0,1,0,support,low
12360,0.1,0.87,6,290,4,0,1,0,support,low
12361,0.76,0.9,4,263,5,0,1,0,support,low
12362,0.41,0.54,2,145,3,0,1,0,support,low
12363,0.72,0.96,5,267,5,0,1,0,technical,low
12364,0.4,0.5,2,141,3,1,1,0,technical,low
12365,0.91,0.87,4,235,5,0,1,0,technical,low
12366,0.1,0.83,6,258,4,0,1,0,management,low
12367,0.4,0.56,2,131,3,0,1,0,IT,low
12368,0.82,0.86,5,243,5,0,1,0,IT,low
12369,0.1,0.82,6,266,4,0,1,0,IT,low
12370,0.37,0.45,2,142,3,0,1,0,IT,low
12371,0.36,0.51,2,135,3,0,1,0,IT,low
12372,0.39,0.48,2,141,3,0,1,0,product_mng,medium
12373,0.36,0.57,2,142,3,0,1,0,product_mng,medium
12374,0.86,0.84,5,254,5,0,1,0,product_mng,medium
12375,0.73,0.99,5,262,5,0,1,0,product_mng,medium
12376,0.56,0.71,4,296,2,0,1,0,IT,medium
12377,0.44,0.56,2,158,3,0,1,0,accounting,medium
12378,0.31,0.56,4,238,2,0,1,0,accounting,medium
12379,0.77,0.93,4,231,5,0,1,0,hr,medium
12380,0.44,0.45,2,156,3,0,1,0,hr,medium
12381,0.38,0.46,2,145,3,0,1,0,hr,medium
12382,0.45,0.48,2,144,3,0,1,0,marketing,medium
12383,0.38,0.51,2,159,3,0,1,0,sales,medium
12384,0.36,0.48,2,156,3,0,1,0,accounting,high
12385,0.75,0.9,5,256,5,0,1,0,support,low
12386,0.1,0.93,6,298,4,0,1,0,technical,medium
12387,0.1,0.97,6,247,4,0,1,0,management,medium
12388,0.45,0.5,2,157,3,0,1,0,marketing,medium
12389,0.42,0.57,2,154,3,1,1,0,marketing,medium
12390,0.78,1.0,4,253,5,0,1,0,marketing,low
12391,0.45,0.55,2,148,3,0,1,0,sales,low
12392,0.84,1.0,4,261,5,0,1,0,sales,low
12393,0.11,0.93,6,282,4,0,1,0,sales,low
12394,0.42,0.56,2,133,3,0,1,0,sales,low
12395,0.45,0.46,2,128,3,0,1,0,sales,low
12396,0.46,0.57,2,139,3,0,1,0,sales,low
12397,0.09,0.79,6,293,5,0,1,0,sales,low
12398,0.87,0.83,4,265,6,0,1,0,sales,low
12399,0.1,0.87,6,250,4,0,1,0,sales,low
12400,0.91,1.0,5,251,6,0,1,0,sales,low
12401,0.76,0.92,4,246,5,0,1,0,sales,low
12402,0.74,1.0,5,275,5,0,1,0,sales,low
12403,0.92,0.93,5,240,5,0,1,0,sales,low
12404,0.76,0.87,5,245,5,0,1,0,sales,low
12405,0.47,0.5,4,254,4,0,1,0,sales,low
12406,0.73,0.99,5,241,5,0,1,0,sales,low
12407,0.09,0.94,6,257,4,0,1,0,sales,low
12408,0.91,0.92,4,246,5,0,1,0,sales,low
12409,0.82,0.98,4,233,5,0,1,0,sales,low
12410,0.28,0.45,6,218,4,0,1,0,accounting,low
12411,0.84,0.99,4,262,6,0,1,0,accounting,medium
12412,0.45,0.53,2,138,3,0,1,0,accounting,medium
12413,0.45,0.54,2,142,3,0,1,0,hr,medium
12414,0.91,0.97,5,233,5,0,1,0,hr,medium
12415,0.42,0.48,2,155,3,0,1,0,hr,medium
12416,0.82,1.0,4,229,6,0,1,0,hr,medium
12417,0.11,0.9,6,264,4,0,1,0,technical,medium
12418,0.42,0.53,3,199,4,0,1,0,technical,medium
12419,0.82,0.85,4,223,5,0,1,0,technical,medium
12420,0.09,0.96,6,268,4,0,1,0,technical,medium
12421,0.1,0.94,6,287,4,0,1,0,technical,medium
12422,0.86,1.0,5,257,5,0,1,0,technical,medium
12423,0.4,0.46,2,143,3,0,1,0,technical,high
12424,0.45,0.46,2,130,3,0,1,0,technical,low
12425,0.42,0.51,2,136,3,0,1,0,technical,medium
12426,0.74,0.92,4,261,5,0,1,0,technical,medium
12427,0.55,0.6,3,180,4,0,1,0,technical,medium
12428,0.37,0.45,2,126,3,0,1,0,support,medium
12429,0.41,0.52,2,127,3,1,1,0,support,low
12430,0.89,0.65,5,195,6,0,1,0,support,low
12431,0.41,0.57,2,160,3,0,1,0,support,low
12432,0.44,0.51,2,150,3,0,1,0,support,low
12433,0.87,0.84,4,264,6,0,1,0,support,low
12434,0.1,0.84,6,309,4,0,1,0,support,low
12435,0.41,0.47,2,135,3,0,1,0,support,low
12436,0.11,0.85,6,261,4,0,1,0,support,low
12437,0.43,0.53,2,160,3,0,1,0,support,low
12438,0.77,0.9,4,237,5,0,1,0,support,low
12439,0.41,0.52,2,136,3,0,1,0,technical,low
12440,0.41,0.48,2,139,3,0,1,0,technical,low
12441,0.36,0.78,2,151,4,0,1,0,technical,low
12442,0.77,1.0,5,229,5,0,1,0,management,low
12443,0.81,0.98,5,245,5,0,1,0,IT,low
12444,0.39,0.54,2,127,3,0,1,0,IT,low
12445,0.09,0.94,6,283,5,0,1,0,IT,low
12446,0.44,0.46,2,143,3,0,1,0,IT,low
12447,0.1,0.84,5,298,4,0,1,0,IT,low
12448,0.36,0.48,2,159,3,0,1,0,product_mng,low
12449,0.81,0.92,5,239,5,0,1,0,product_mng,low
12450,0.81,0.9,4,226,5,0,1,0,product_mng,medium
12451,0.85,0.98,5,248,5,0,1,0,product_mng,medium
12452,0.1,0.87,6,286,4,0,1,0,IT,medium
12453,0.37,0.54,2,145,3,0,1,0,RandD,medium
12454,0.09,0.97,7,254,4,1,1,0,RandD,medium
12455,0.44,0.53,2,127,3,0,1,0,RandD,medium
12456,0.86,0.93,5,223,5,0,1,0,RandD,medium
12457,0.77,1.0,4,255,5,0,1,0,RandD,medium
12458,0.41,0.48,2,136,3,0,1,0,marketing,medium
12459,0.4,0.48,2,137,3,0,1,0,sales,medium
12460,0.43,0.49,2,135,3,0,1,0,accounting,medium
12461,0.43,0.5,2,137,3,0,1,0,support,medium
12462,0.8,0.53,3,255,5,0,1,0,technical,high
12463,0.8,0.85,4,273,5,0,1,0,management,low
12464,0.82,0.98,5,234,5,0,1,0,marketing,medium
12465,0.37,0.54,2,152,3,0,1,0,marketing,medium
12466,0.37,0.48,2,134,3,0,1,0,marketing,medium
12467,0.09,0.95,6,292,4,0,1,0,sales,medium
12468,0.9,0.92,5,245,5,0,1,0,sales,low
12469,0.41,0.52,2,159,3,0,1,0,sales,low
12470,0.1,0.85,6,260,4,0,1,0,sales,low
12471,0.44,0.53,2,149,3,0,1,0,sales,low
12472,0.89,0.85,5,266,5,0,1,0,sales,low
12473,0.42,0.56,2,149,3,0,1,0,sales,low
12474,0.87,1.0,5,242,5,0,1,0,sales,low
12475,0.45,0.57,2,134,3,0,1,0,sales,low
12476,0.11,0.87,5,271,4,0,1,0,sales,low
12477,0.09,0.79,6,275,4,0,1,0,sales,low
12478,0.76,0.83,5,227,5,0,1,0,sales,low
12479,0.11,0.96,7,277,5,0,1,0,sales,low
12480,0.37,0.49,2,151,3,0,1,0,sales,low
12481,0.1,0.79,6,274,4,0,1,0,sales,low
12482,0.77,0.87,4,242,6,0,1,0,sales,low
12483,0.42,0.54,2,143,3,1,1,0,sales,low
12484,0.38,0.52,2,145,3,0,1,0,sales,low
12485,0.32,0.95,5,172,2,0,1,0,sales,low
12486,0.38,0.49,2,135,3,0,1,0,accounting,low
12487,0.19,1.0,4,192,4,0,1,0,accounting,low
12488,0.1,0.83,7,276,4,0,1,0,accounting,low
12489,0.76,0.88,4,206,4,0,1,0,hr,medium
12490,0.53,0.56,4,281,6,0,1,0,hr,medium
12491,0.39,0.51,2,151,3,0,1,0,hr,medium
12492,0.11,0.83,6,244,4,0,1,0,hr,medium
12493,0.1,0.94,6,309,4,0,1,0,technical,medium
12494,0.84,1.0,5,218,5,0,1,0,technical,medium
12495,0.82,0.99,4,263,6,0,1,0,technical,medium
12496,0.1,0.82,6,244,4,0,1,0,technical,medium
12497,0.59,0.49,7,263,4,0,1,0,technical,medium
12498,0.44,0.48,2,143,3,0,1,0,technical,medium
12499,0.89,0.95,2,181,5,0,1,0,technical,medium
12500,0.91,0.84,5,265,5,0,1,0,technical,medium
12501,0.66,0.57,5,161,5,0,1,0,technical,high
12502,0.11,0.87,7,282,5,0,1,0,technical,low
12503,0.43,0.51,2,155,3,0,1,0,technical,medium
12504,0.78,0.83,4,217,6,0,1,0,support,medium
12505,0.11,0.97,6,289,5,0,1,0,support,medium
12506,0.83,0.98,4,259,5,0,1,0,support,medium
12507,0.39,0.54,2,158,3,0,1,0,support,low
12508,0.38,0.55,2,158,3,0,1,0,support,low
12509,0.37,0.57,2,155,3,0,1,0,support,low
12510,0.44,0.48,2,146,3,0,1,0,support,low
12511,0.53,0.85,2,164,5,0,1,0,support,low
12512,0.09,0.96,6,259,4,0,1,0,support,low
12513,0.11,0.89,6,293,4,0,1,0,support,low
12514,0.83,0.96,5,275,5,0,1,0,support,low
12515,0.88,1.0,5,219,6,1,1,0,technical,low
12516,0.1,0.89,6,247,4,0,1,0,technical,low
12517,0.09,0.86,7,309,4,0,1,0,technical,low
12518,0.44,0.54,2,151,3,0,1,0,management,low
12519,0.39,0.51,2,129,3,0,1,0,IT,low
12520,0.87,0.94,4,274,5,0,1,0,IT,low
12521,0.74,0.99,4,233,5,0,1,0,IT,low
12522,0.1,0.95,7,289,4,0,1,0,IT,low
12523,0.74,0.82,4,239,6,0,1,0,IT,low
12524,0.75,0.99,5,221,5,0,1,0,product_mng,low
12525,0.41,0.56,2,150,3,0,1,0,product_mng,low
12526,0.41,0.45,2,144,3,1,1,0,product_mng,low
12527,0.09,0.9,7,289,4,0,1,0,product_mng,low
12528,0.09,0.8,6,301,5,0,1,0,IT,medium
12529,0.39,0.57,2,145,3,0,1,0,accounting,medium
12530,0.4,0.56,2,137,3,0,1,0,accounting,medium
12531,0.37,0.54,2,131,3,1,1,0,hr,medium
12532,0.1,0.84,6,246,4,0,1,0,hr,medium
12533,0.43,0.51,2,136,3,0,1,0,hr,medium
12534,0.75,0.85,5,240,6,1,1,0,marketing,medium
12535,0.37,0.56,2,156,3,0,1,0,sales,medium
12536,0.11,0.85,6,305,4,0,1,0,accounting,medium
12537,0.45,0.45,2,154,3,1,1,0,support,medium
12538,0.87,1.0,5,261,5,1,1,0,technical,medium
12539,0.11,0.94,7,244,4,0,1,0,management,medium
12540,0.45,0.54,2,129,3,0,1,0,marketing,high
12541,0.81,0.87,4,254,5,0,1,0,marketing,low
12542,0.77,0.91,5,236,5,0,1,0,marketing,medium
12543,0.89,0.92,5,237,5,0,1,0,sales,medium
12544,0.43,0.49,2,135,3,0,1,0,sales,medium
12545,0.78,1.0,5,236,5,0,1,0,sales,medium
12546,0.37,0.47,2,149,3,0,1,0,sales,low
12547,0.37,0.5,2,141,3,0,1,0,sales,low
12548,0.85,0.82,4,270,5,0,1,0,sales,low
12549,0.41,0.47,2,138,3,0,1,0,sales,low
12550,0.11,0.96,6,298,4,0,1,0,sales,low
12551,0.75,0.99,5,254,5,0,1,0,sales,low
12552,0.82,0.85,5,248,5,0,1,0,sales,low
12553,0.79,1.0,5,257,6,0,1,0,sales,low
12554,0.43,0.53,2,150,3,0,1,0,sales,low
12555,0.1,0.9,7,281,4,0,1,0,sales,low
12556,0.46,0.48,2,141,3,1,1,0,sales,low
12557,0.43,0.57,2,157,3,0,1,0,sales,low
12558,0.43,0.55,2,136,3,0,1,0,sales,low
12559,0.11,0.8,7,296,4,0,1,0,sales,low
12560,0.09,0.86,6,279,4,0,1,0,sales,low
12561,0.37,0.53,2,131,3,0,1,0,sales,low
12562,0.4,0.57,2,160,3,0,1,0,accounting,low
12563,0.1,0.77,7,291,4,0,1,0,accounting,low
12564,0.41,0.53,2,157,3,0,1,0,accounting,low
12565,0.79,0.58,3,294,4,0,1,0,hr,low
12566,0.11,0.79,7,310,4,0,1,0,hr,low
12567,0.1,0.97,6,282,4,0,1,0,hr,medium
12568,0.44,0.51,2,134,3,0,1,0,hr,medium
12569,0.25,0.46,4,214,4,0,1,0,technical,medium
12570,0.44,0.52,2,137,3,0,1,0,technical,medium
12571,0.73,1.0,4,252,5,0,1,0,technical,medium
12572,0.75,0.97,5,243,6,0,1,0,technical,medium
12573,0.36,0.47,2,148,3,0,1,0,technical,medium
12574,0.37,0.49,2,151,3,0,1,0,technical,medium
12575,0.39,0.49,2,129,3,0,1,0,technical,medium
12576,0.48,0.78,2,198,2,0,1,0,technical,medium
12577,0.57,0.72,4,275,6,0,1,0,technical,medium
12578,0.9,0.96,5,243,5,0,1,0,technical,medium
12579,0.39,0.55,2,159,3,0,1,0,technical,high
12580,0.44,0.51,2,145,3,0,1,0,support,low
12581,0.81,0.88,5,242,5,0,1,0,support,medium
12582,0.74,0.87,5,242,5,0,1,0,support,medium
12583,0.44,0.56,2,145,3,0,1,0,support,medium
12584,0.41,0.56,2,154,3,0,1,1,support,medium
12585,0.4,0.51,2,139,3,0,1,0,support,low
12586,0.46,0.57,2,152,3,0,1,0,support,low
12587,0.8,0.83,2,211,3,0,1,0,support,low
12588,0.87,0.9,5,258,5,0,1,0,support,low
12589,0.39,0.54,2,155,3,0,1,0,support,low
12590,0.38,0.55,2,148,3,0,1,0,support,low
12591,0.66,0.67,2,255,3,0,1,0,technical,low
12592,0.1,0.8,6,264,4,0,1,0,technical,low
12593,0.37,0.54,2,132,3,0,1,0,technical,low
12594,0.1,0.77,6,255,4,0,1,0,management,low
12595,0.09,0.87,5,263,4,0,1,0,IT,low
12596,0.86,0.84,5,222,5,0,1,0,IT,low
12597,0.11,0.9,6,263,4,0,1,0,IT,low
12598,0.37,0.46,2,157,3,0,1,0,IT,low
12599,0.11,0.92,7,307,4,0,1,0,IT,low
12600,0.77,0.98,5,259,6,0,1,0,product_mng,low
12601,0.84,0.94,5,222,6,0,1,0,product_mng,low
12602,0.1,0.84,7,250,4,0,1,0,product_mng,low
12603,0.83,0.9,5,245,5,0,1,0,product_mng,low
12604,0.11,0.79,6,292,4,0,1,0,IT,low
12605,0.86,0.92,5,252,5,0,1,0,RandD,low
12606,0.38,0.56,2,161,3,0,1,0,RandD,medium
12607,0.11,0.88,5,250,4,0,1,0,RandD,medium
12608,0.45,0.49,2,134,3,0,1,0,RandD,medium
12609,0.1,0.85,7,279,4,0,1,0,RandD,medium
12610,0.09,0.95,7,256,4,0,1,0,marketing,medium
12611,0.39,0.53,2,127,3,0,1,0,sales,medium
12612,0.37,0.47,2,138,3,1,1,0,accounting,medium
12613,0.81,0.97,5,243,5,0,1,0,support,medium
12614,0.09,0.9,7,296,4,0,1,0,technical,medium
12615,0.1,0.88,7,267,4,0,1,0,management,medium
12616,0.39,0.49,2,144,3,0,1,0,marketing,medium
12617,0.83,0.95,4,251,5,0,1,0,marketing,medium
12618,0.45,0.57,2,148,3,0,1,0,marketing,high
12619,0.43,0.51,2,141,3,0,1,0,sales,low
12620,0.8,0.75,3,268,2,0,1,0,sales,medium
12621,0.1,0.86,6,247,4,0,1,0,sales,medium
12622,0.1,0.55,2,247,4,0,1,0,sales,medium
12623,0.36,0.52,2,146,3,0,1,0,sales,medium
12624,0.38,0.5,2,140,3,0,1,0,sales,low
12625,0.78,0.98,5,263,6,0,1,0,sales,low
12626,0.44,0.49,2,145,3,0,1,0,sales,low
12627,0.41,0.46,2,156,3,1,1,0,sales,low
12628,0.72,0.85,5,244,6,0,1,0,sales,low
12629,0.46,0.54,2,144,3,0,1,0,sales,low
12630,0.1,0.9,7,286,4,0,1,0,sales,low
12631,0.34,0.67,4,141,2,0,1,0,sales,low
12632,0.11,0.89,6,260,5,0,1,0,sales,low
12633,0.38,0.56,2,154,3,0,1,0,sales,low
12634,0.82,0.92,5,225,5,0,1,0,sales,low
12635,0.39,0.57,2,127,3,0,1,0,sales,low
12636,0.44,0.53,2,140,3,0,1,0,sales,low
12637,0.43,0.52,2,147,3,0,1,0,sales,low
12638,0.84,0.83,4,227,5,0,1,0,accounting,low
12639,0.43,0.48,2,153,3,0,1,0,accounting,low
12640,0.37,0.52,2,128,3,0,1,0,accounting,low
12641,0.74,0.97,4,228,5,0,1,0,hr,low
12642,0.73,0.97,5,235,5,0,1,0,hr,low
12643,0.37,0.47,2,148,3,0,1,0,hr,low
12644,0.58,0.62,4,238,3,0,1,0,hr,low
12645,0.4,0.54,2,141,3,0,1,0,technical,medium
12646,0.51,0.83,5,249,4,0,1,0,technical,medium
12647,0.46,0.5,2,151,3,0,1,0,technical,medium
12648,0.45,0.54,2,129,3,0,1,0,technical,medium
12649,0.46,0.5,2,156,3,0,1,0,technical,medium
12650,0.39,0.45,2,134,3,0,1,0,technical,medium
12651,0.09,0.88,6,269,4,0,1,0,technical,medium
12652,0.09,0.77,6,290,4,0,1,0,technical,medium
12653,0.37,0.51,2,132,3,0,1,0,technical,medium
12654,0.1,0.89,7,308,4,0,1,0,technical,medium
12655,0.77,1.0,4,232,5,0,1,0,technical,medium
12656,0.79,0.86,5,235,5,0,1,0,support,medium
12657,0.43,0.55,2,130,3,0,1,0,support,high
12658,0.38,0.53,2,146,3,0,1,0,support,low
12659,0.77,0.91,5,221,6,0,1,0,support,medium
12660,0.44,0.5,2,130,3,0,1,0,support,medium
12661,0.39,0.46,2,136,3,0,1,0,support,medium
12662,0.78,0.89,5,274,6,0,1,0,support,medium
12663,0.1,0.79,6,256,5,0,1,0,support,low
12664,0.1,0.77,5,276,4,0,1,0,support,low
12665,0.75,0.85,5,267,5,0,1,0,support,low
12666,0.46,0.62,6,213,3,0,1,0,support,low
12667,0.91,0.97,4,274,6,0,1,0,technical,low
12668,0.1,0.92,6,258,4,0,1,0,technical,low
12669,0.72,0.6,3,153,5,0,1,0,technical,low
12670,0.11,0.95,6,245,4,0,1,0,management,low
12671,0.11,0.94,6,264,4,0,1,0,IT,low
12672,0.46,0.57,2,154,3,0,1,0,IT,low
12673,0.37,0.46,2,149,3,0,1,0,IT,low
12674,0.46,0.5,2,157,3,0,1,0,IT,low
12675,0.43,0.57,2,127,3,0,1,0,IT,low
12676,0.11,0.82,6,270,4,0,1,0,product_mng,low
12677,0.73,0.89,5,236,6,0,1,0,product_mng,low
12678,0.43,0.47,2,158,3,0,1,0,product_mng,low
12679,0.86,1.0,5,229,5,0,1,0,product_mng,low
12680,0.1,0.83,6,269,4,0,1,0,IT,low
12681,0.4,0.49,2,128,3,0,1,0,sales,low
12682,0.11,0.87,7,278,4,0,1,0,sales,low
12683,0.86,0.98,3,158,5,0,1,0,sales,low
12684,0.42,1.0,3,202,3,0,1,0,sales,medium
12685,0.79,0.84,4,240,5,0,1,0,sales,medium
12686,0.1,0.96,7,255,4,0,1,0,marketing,medium
12687,0.09,0.92,7,254,4,0,1,0,sales,medium
12688,0.09,0.82,6,257,4,0,1,0,accounting,medium
12689,0.87,1.0,4,228,5,0,1,0,support,medium
12690,0.36,0.49,2,145,3,0,1,0,technical,medium
12691,0.42,0.75,3,218,4,0,1,0,management,medium
12692,0.84,0.86,5,268,5,0,1,0,marketing,medium
12693,0.1,0.83,6,278,4,0,1,0,marketing,medium
12694,0.78,0.71,3,249,5,0,1,0,marketing,medium
12695,0.35,0.99,3,236,4,0,1,0,sales,medium
12696,0.1,0.81,7,291,4,0,1,0,sales,high
12697,0.11,0.8,6,306,4,0,1,0,sales,low
12698,0.43,0.48,2,135,3,0,1,0,sales,medium
12699,0.38,0.45,2,156,3,0,1,0,sales,medium
12700,0.46,0.54,2,143,3,0,1,0,sales,medium
12701,0.89,0.82,4,243,5,0,1,0,sales,medium
12702,0.45,0.5,2,147,3,0,1,0,sales,low
12703,0.44,0.53,2,159,3,0,1,0,sales,low
12704,0.74,0.54,5,216,3,0,1,0,sales,low
12705,0.45,0.54,2,152,3,0,1,0,sales,low
12706,0.79,0.93,4,226,5,0,1,0,sales,low
12707,0.79,0.91,5,271,5,0,1,0,sales,low
12708,0.11,0.87,6,255,4,0,1,0,sales,low
12709,0.42,0.48,2,140,3,0,1,0,sales,low
12710,0.64,0.9,6,252,2,0,1,0,sales,low
12711,0.4,0.55,2,159,3,0,1,0,sales,low
12712,0.84,0.98,5,270,5,0,1,0,sales,low
12713,0.73,0.92,5,232,5,0,1,0,sales,low
12714,0.4,0.51,2,144,3,0,1,0,accounting,low
12715,0.36,0.45,2,127,3,0,1,0,accounting,low
12716,0.43,0.47,2,131,3,0,1,0,accounting,low
12717,0.11,0.78,6,243,4,0,1,0,hr,low
12718,0.91,1.0,5,244,6,0,1,0,hr,low
12719,0.8,1.0,5,260,5,0,1,0,hr,low
12720,0.42,0.49,2,139,3,0,1,0,hr,low
12721,0.31,0.87,4,184,3,0,1,0,technical,low
12722,0.44,0.47,2,130,3,0,1,0,technical,low
12723,0.38,0.54,2,135,3,0,1,0,technical,medium
12724,0.45,0.56,2,146,3,0,1,0,technical,medium
12725,0.43,0.46,2,149,3,0,1,0,technical,medium
12726,0.45,0.46,2,153,3,1,1,0,technical,medium
12727,0.43,0.57,2,160,3,0,1,0,technical,medium
12728,0.43,0.49,2,160,3,0,1,0,technical,medium
12729,0.09,0.83,6,282,4,0,1,0,technical,medium
12730,0.43,0.47,2,128,3,0,1,0,technical,medium
12731,0.79,0.94,4,232,5,0,1,0,technical,medium
12732,0.85,0.58,3,226,2,0,1,0,support,medium
12733,0.38,0.45,2,129,3,0,1,0,support,medium
12734,0.11,0.92,7,255,4,0,1,0,support,medium
12735,0.83,0.99,5,258,5,0,1,0,support,high
12736,0.81,0.91,4,229,5,0,1,0,support,low
12737,0.42,0.56,2,143,3,0,1,0,support,medium
12738,0.11,0.87,6,257,4,0,1,0,support,medium
12739,0.11,0.85,7,275,4,0,1,0,support,medium
12740,0.1,0.89,7,291,4,0,1,0,support,medium
12741,0.5,0.54,5,153,4,0,1,0,support,low
12742,0.44,0.49,2,154,3,0,1,0,support,low
12743,0.11,0.9,6,301,4,0,1,0,technical,low
12744,0.39,0.52,2,134,3,0,1,0,technical,low
12745,0.11,0.78,6,245,4,0,1,0,technical,low
12746,0.36,0.5,2,132,3,0,1,0,management,low
12747,0.43,0.51,2,130,3,0,1,0,IT,low
12748,0.4,0.5,2,127,3,0,1,0,IT,low
12749,0.86,0.84,4,246,6,0,1,0,IT,low
12750,0.38,0.49,2,145,3,0,1,0,IT,low
12751,0.46,0.45,2,138,3,0,1,1,IT,low
12752,0.37,0.57,2,129,3,0,1,0,product_mng,low
12753,0.43,0.52,2,150,3,0,1,0,product_mng,low
12754,0.66,0.93,5,253,5,0,1,0,product_mng,low
12755,0.37,0.48,2,160,3,0,1,0,product_mng,low
12756,0.77,0.92,5,235,5,0,1,0,IT,low
12757,0.38,0.55,2,151,3,0,1,0,sales,low
12758,0.39,0.54,2,127,3,0,1,0,sales,low
12759,0.41,0.55,2,151,3,0,1,0,sales,low
12760,0.1,0.9,7,290,4,0,1,0,sales,low
12761,0.09,0.93,6,249,4,0,1,0,sales,low
12762,0.41,0.47,2,131,3,0,1,0,marketing,medium
12763,0.39,0.46,2,159,3,0,1,0,sales,medium
12764,0.83,0.99,4,223,5,0,1,0,accounting,medium
12765,0.09,0.87,3,214,2,0,1,0,support,medium
12766,0.75,0.81,5,227,5,0,1,0,technical,medium
12767,0.44,0.54,2,127,3,0,1,0,management,medium
12768,0.1,0.84,6,293,5,0,1,0,marketing,medium
12769,0.42,0.46,2,141,3,0,1,0,marketing,medium
12770,0.1,0.83,6,300,4,0,1,0,marketing,medium
12771,0.1,0.86,6,309,4,0,1,0,sales,medium
12772,0.31,0.77,4,149,3,0,1,0,sales,medium
12773,0.42,0.54,2,159,3,0,1,0,sales,medium
12774,0.38,0.5,2,152,3,0,1,0,sales,high
12775,0.39,0.57,2,158,3,0,1,0,sales,low
12776,0.1,0.97,6,254,5,0,1,0,sales,medium
12777,0.11,0.93,6,294,4,0,1,0,sales,medium
12778,0.1,0.92,7,269,4,0,1,0,sales,medium
12779,0.11,0.9,7,247,4,0,1,0,sales,medium
12780,0.44,0.65,3,271,4,0,1,0,sales,low
12781,0.91,0.96,4,232,5,0,1,0,sales,low
12782,0.72,1.0,4,245,5,0,1,0,sales,low
12783,0.66,0.66,3,225,3,0,0,0,technical,low
12784,0.2,0.69,6,236,4,0,0,0,technical,low
12785,0.97,0.78,3,268,3,1,0,0,technical,low
12786,0.59,0.73,2,230,3,0,0,0,technical,low
12787,0.88,0.6,4,162,2,0,0,0,technical,low
12788,0.16,0.73,4,197,2,0,0,0,technical,low
12789,0.61,0.96,3,247,3,0,0,0,support,low
12790,0.52,0.79,4,234,3,0,0,0,support,low
12791,0.82,0.49,4,276,4,0,0,0,support,low
12792,0.75,0.94,5,217,2,0,0,0,support,medium
12793,0.62,0.5,4,156,2,0,0,0,support,medium
12794,0.91,0.88,3,189,2,0,0,0,support,medium
12795,0.61,0.98,2,238,4,0,0,0,support,medium
12796,0.79,0.77,3,201,6,1,0,0,support,medium
12797,0.9,0.93,4,263,3,1,0,0,support,medium
12798,0.75,0.83,3,146,3,0,0,0,support,medium
12799,0.81,0.64,4,213,3,0,0,0,support,medium
12800,0.59,0.88,3,159,2,0,0,0,technical,medium
12801,0.56,0.83,3,236,3,1,0,0,technical,medium
12802,0.98,0.79,5,257,4,0,0,0,technical,medium
12803,0.59,0.72,4,168,4,0,0,0,management,medium
12804,0.61,0.67,4,151,3,0,0,0,IT,high
12805,0.78,0.7,4,139,3,0,0,0,IT,low
12806,0.55,0.93,5,196,3,0,0,0,IT,medium
12807,0.2,0.97,4,237,5,0,0,0,IT,medium
12808,0.79,0.44,2,236,3,0,0,0,IT,medium
12809,0.52,0.98,4,265,3,0,0,0,product_mng,medium
12810,0.97,0.52,4,207,3,0,0,0,product_mng,low
12811,0.63,0.94,4,219,3,0,0,0,product_mng,low
12812,0.85,0.99,3,208,2,0,0,0,product_mng,low
12813,0.59,0.74,3,240,3,0,0,0,IT,low
12814,0.64,0.6,3,135,3,0,0,0,RandD,low
12815,0.8,0.67,3,236,3,1,0,0,RandD,low
12816,0.61,0.75,3,140,3,0,0,0,RandD,low
12817,0.87,0.61,3,162,2,0,0,0,RandD,low
12818,0.75,0.59,3,117,3,1,0,0,RandD,medium
12819,0.96,0.51,4,225,3,0,0,0,marketing,medium
12820,0.75,0.92,3,211,3,0,0,0,sales,medium
12821,0.19,0.58,4,173,5,0,0,0,accounting,medium
12822,0.52,0.97,4,170,3,0,0,0,support,medium
12823,0.6,0.6,3,242,3,0,0,0,technical,medium
12824,0.9,0.81,4,175,3,0,0,0,management,medium
12825,0.89,0.92,3,195,2,0,0,0,marketing,medium
12826,0.54,0.93,4,184,2,1,0,0,marketing,medium
12827,0.99,0.55,3,170,3,0,0,0,marketing,medium
12828,0.66,0.56,4,185,3,0,0,0,sales,medium
12829,0.92,0.64,4,259,2,0,0,0,sales,medium
12830,0.19,0.72,4,102,3,0,0,0,sales,medium
12831,0.39,0.37,5,156,4,0,0,0,sales,medium
12832,0.41,0.68,3,191,4,0,0,0,sales,medium
12833,0.6,0.49,3,239,2,0,0,0,sales,medium
12834,0.95,0.54,4,235,4,0,0,0,sales,medium
12835,0.51,0.87,2,130,4,0,0,0,sales,medium
12836,0.54,0.74,2,166,3,0,0,0,sales,medium
12837,0.16,0.54,5,206,5,0,0,0,sales,medium
12838,0.98,0.77,3,191,2,0,0,0,sales,medium
12839,0.65,0.75,3,214,3,0,0,0,sales,medium
12840,0.38,0.5,3,196,3,0,0,0,sales,medium
12841,0.95,0.71,4,151,4,0,0,0,sales,medium
12842,0.6,0.62,5,165,2,0,0,0,sales,medium
12843,0.78,0.91,3,177,2,0,0,0,sales,high
12844,0.19,0.63,6,241,6,0,0,0,sales,high
12845,0.56,0.99,4,230,3,0,0,0,sales,high
12846,0.21,0.71,4,270,2,0,0,0,sales,high
12847,0.83,0.71,3,234,4,0,0,0,accounting,high
12848,0.5,0.64,3,257,2,1,0,0,accounting,high
12849,0.74,0.87,5,264,3,0,0,0,accounting,high
12850,0.75,0.83,4,133,4,0,0,0,hr,high
12851,0.85,0.66,4,155,4,0,0,0,hr,high
12852,0.93,0.59,3,202,2,0,0,0,hr,high
12853,0.76,0.7,3,136,2,0,0,0,hr,high
12854,0.91,0.78,3,269,3,1,0,0,technical,high
12855,0.22,0.54,6,169,4,0,0,0,technical,low
12856,0.78,0.52,5,192,3,1,0,0,technical,low
12857,0.53,0.8,4,241,3,1,0,0,technical,low
12858,0.58,0.69,4,165,3,0,0,0,technical,low
12859,0.99,0.81,3,183,2,0,0,0,technical,low
12860,0.62,0.64,4,163,3,0,0,0,technical,low
12861,0.59,0.69,3,162,3,0,0,0,technical,low
12862,0.13,0.76,5,219,4,0,0,0,technical,low
12863,0.19,0.63,4,278,6,0,0,0,technical,low
12864,0.94,0.99,2,273,4,0,0,0,technical,low
12865,0.53,0.96,4,272,2,0,0,0,support,low
12866,0.96,0.85,5,168,2,0,0,0,support,low
12867,0.62,0.87,4,221,3,1,0,0,support,low
12868,0.81,0.86,4,213,3,0,0,0,support,low
12869,0.63,0.78,4,275,3,0,0,0,support,low
12870,0.92,0.68,5,177,4,0,0,0,support,medium
12871,0.83,0.74,4,249,2,0,0,0,support,medium
12872,0.49,0.37,5,246,3,0,0,0,support,medium
12873,0.8,0.66,4,223,3,0,0,0,support,medium
12874,0.54,0.76,4,244,2,0,0,0,support,medium
12875,0.37,0.72,3,169,2,1,0,0,support,medium
12876,0.93,0.56,5,140,3,0,0,0,technical,medium
12877,0.88,0.99,5,253,2,0,0,0,technical,medium
12878,0.79,0.87,3,194,2,0,0,0,technical,medium
12879,0.65,0.88,4,173,3,0,0,0,management,medium
12880,0.72,0.7,4,172,3,0,0,0,IT,medium
12881,0.58,0.49,3,167,3,0,0,0,IT,medium
12882,0.37,0.51,2,153,3,0,0,0,IT,high
12883,0.87,0.97,4,243,3,0,0,0,IT,high
12884,0.63,0.72,6,163,4,0,0,0,IT,high
12885,0.72,0.79,3,221,3,0,0,0,product_mng,high
12886,0.36,0.55,3,191,3,0,0,0,product_mng,high
12887,0.96,0.7,4,272,3,0,0,0,product_mng,high
12888,0.52,0.37,2,118,2,0,0,0,product_mng,high
12889,0.16,0.83,5,173,4,0,0,0,IT,high
12890,0.63,0.55,4,200,3,1,0,0,RandD,low
12891,0.92,0.76,5,132,3,1,0,0,RandD,low
12892,0.82,0.49,4,180,2,0,0,0,RandD,low
12893,0.18,0.54,4,145,5,0,0,0,RandD,low
12894,0.73,0.48,4,139,2,0,0,0,RandD,low
12895,0.44,0.61,5,230,6,0,0,0,marketing,low
12896,0.73,0.62,4,247,4,0,0,0,sales,low
12897,0.62,0.95,4,140,2,0,0,0,accounting,low
12898,0.94,0.8,4,266,3,1,0,0,support,medium
12899,0.76,0.74,4,261,3,0,0,0,technical,medium
12900,0.89,0.49,4,275,3,0,0,0,management,medium
12901,0.9,0.88,5,254,2,0,0,0,marketing,medium
12902,1.0,0.93,5,231,2,0,0,0,marketing,medium
12903,0.71,0.9,3,138,3,0,0,0,marketing,medium
12904,0.73,0.97,4,163,3,0,0,0,sales,medium
12905,0.97,0.9,5,262,3,0,0,0,sales,medium
12906,0.6,0.59,4,201,3,0,0,0,sales,medium
12907,0.82,0.67,3,229,3,0,0,0,sales,medium
12908,0.95,0.48,4,228,2,0,0,0,sales,medium
12909,0.88,0.65,5,228,3,0,0,0,sales,medium
12910,0.79,0.49,3,273,3,0,0,0,sales,medium
12911,0.52,0.96,4,171,2,0,0,0,sales,medium
12912,0.22,0.61,3,148,5,0,0,0,sales,medium
12913,0.59,0.96,5,211,3,0,0,0,sales,medium
12914,0.84,0.64,2,211,3,0,0,0,sales,medium
12915,0.54,0.41,3,175,3,0,0,0,sales,medium
12916,1.0,0.86,4,245,4,0,0,0,sales,medium
12917,0.93,0.59,3,273,2,1,0,0,sales,medium
12918,0.96,0.55,3,225,4,1,0,0,sales,medium
12919,0.56,0.41,5,152,3,0,0,0,sales,medium
12920,0.49,0.66,5,194,3,0,0,0,sales,medium
12921,0.89,0.51,4,185,3,1,0,0,sales,high
12922,0.57,0.91,3,193,2,0,0,0,sales,low
12923,0.96,0.64,3,166,2,0,0,0,accounting,medium
12924,0.65,0.89,5,223,3,1,0,0,accounting,medium
12925,0.14,0.66,5,281,4,1,0,0,accounting,medium
12926,0.64,0.49,3,241,3,0,0,0,hr,medium
12927,0.98,0.91,3,165,2,1,0,0,hr,medium
12928,0.71,0.59,4,143,2,0,0,0,hr,medium
12929,0.96,0.49,5,137,3,0,0,0,hr,medium
12930,0.9,0.57,4,185,3,1,0,0,technical,medium
12931,0.52,0.96,3,271,3,1,0,0,technical,medium
12932,0.78,0.98,4,207,2,1,0,0,technical,medium
12933,0.62,0.69,4,184,3,0,0,0,technical,low
12934,0.6,0.8,4,253,2,0,0,0,technical,low
12935,0.82,0.62,3,152,6,0,0,0,technical,low
12936,0.52,0.55,3,225,2,0,0,0,technical,low
12937,0.13,0.84,5,189,5,0,0,0,technical,low
12938,0.97,0.93,3,153,2,0,0,0,technical,low
12939,0.63,0.9,4,245,3,0,0,0,technical,low
12940,0.68,0.78,5,233,3,0,0,0,technical,high
12941,0.74,0.83,4,210,3,0,0,0,support,low
12942,0.89,0.57,4,176,4,0,0,0,support,high
12943,0.28,0.95,5,191,3,0,0,0,support,high
12944,0.61,0.9,3,224,3,0,0,0,support,low
12945,0.67,0.49,3,185,3,0,0,0,support,low
12946,0.86,0.64,3,245,4,0,0,0,support,high
12947,0.87,0.93,3,173,2,0,0,0,support,low
12948,0.7,0.95,4,231,3,0,0,0,support,medium
12949,0.68,0.84,3,270,3,0,0,0,support,high
12950,0.69,0.75,5,196,3,0,0,0,support,medium
12951,0.97,0.83,3,238,2,0,0,0,support,medium
12952,0.62,0.89,4,261,2,0,0,0,technical,medium
12953,0.55,0.87,3,201,2,0,0,0,technical,medium
12954,0.61,0.73,3,252,3,0,0,0,technical,high
12955,0.15,0.81,3,191,5,0,0,0,management,medium
12956,0.84,0.86,3,199,3,0,0,0,IT,medium
12957,0.87,0.64,5,234,2,1,0,0,IT,medium
12958,0.93,0.86,4,192,4,0,0,0,IT,high
12959,0.14,0.73,6,237,5,0,0,0,IT,medium
12960,0.96,0.7,3,207,3,0,0,0,IT,high
12961,0.41,0.63,2,145,2,0,0,0,product_mng,low
12962,0.84,0.96,6,155,5,0,0,0,product_mng,medium
12963,0.94,0.69,5,145,2,0,0,0,product_mng,medium
12964,0.6,0.86,6,247,6,0,0,0,product_mng,medium
12965,0.7,0.73,4,182,3,0,0,0,IT,medium
12966,0.29,0.91,4,183,4,0,0,0,RandD,low
12967,0.31,0.51,2,146,3,0,0,0,RandD,low
12968,0.73,0.99,3,241,3,0,0,0,RandD,low
12969,0.51,0.52,5,261,3,1,0,0,RandD,low
12970,0.58,0.77,4,140,3,0,0,0,RandD,low
12971,0.59,0.97,3,257,3,0,0,0,marketing,low
12972,0.95,0.9,3,186,2,0,0,0,marketing,low
12973,0.84,0.93,3,159,3,0,0,0,sales,low
12974,0.28,0.37,3,164,4,1,0,0,accounting,low
12975,0.94,0.52,4,217,6,1,0,0,support,low
12976,0.49,0.59,4,137,4,0,0,0,technical,high
12977,0.72,0.5,4,164,2,1,0,0,management,low
12978,0.19,0.85,5,249,3,0,0,0,marketing,low
12979,0.83,0.95,3,264,2,0,0,0,marketing,low
12980,0.79,0.92,4,208,2,1,0,0,marketing,low
12981,0.72,0.61,3,175,3,0,0,0,sales,high
12982,0.97,0.74,4,209,2,0,0,0,sales,low
12983,0.92,0.83,4,268,4,0,0,0,sales,low
12984,0.95,0.53,3,264,3,0,0,0,sales,low
12985,0.76,0.64,4,234,2,0,0,0,sales,high
12986,0.24,0.62,5,199,4,0,0,0,sales,low
12987,0.89,0.99,4,205,2,0,0,1,sales,medium
12988,0.69,0.63,5,140,4,0,0,1,sales,high
12989,0.92,0.98,3,257,3,0,0,1,sales,medium
12990,0.79,0.61,4,227,2,0,0,1,sales,high
12991,0.87,0.94,4,189,3,0,0,1,sales,medium
12992,0.89,0.88,5,241,2,1,0,0,sales,medium
12993,0.75,0.77,5,199,4,0,0,0,sales,medium
12994,0.78,0.6,4,206,3,0,0,0,sales,medium
12995,0.13,0.62,5,268,3,0,0,0,sales,medium
12996,0.94,0.86,3,221,3,1,0,0,sales,medium
12997,0.94,0.88,4,262,2,0,0,0,sales,medium
12998,0.67,0.6,5,253,6,0,0,0,sales,medium
12999,0.6,0.73,5,241,3,0,0,0,sales,high
13000,0.62,0.94,4,252,4,0,0,0,accounting,low
13001,0.38,0.52,2,171,3,0,0,0,accounting,medium
13002,0.8,0.77,4,194,3,0,0,0,accounting,medium
13003,0.61,0.42,3,104,2,0,0,0,hr,medium
13004,0.61,0.56,4,176,3,0,0,0,hr,medium
13005,0.66,0.8,4,192,3,0,0,0,hr,medium
13006,0.56,0.74,3,154,2,0,0,0,hr,medium
13007,1.0,0.55,4,186,4,1,0,0,technical,medium
13008,0.73,0.86,3,200,4,0,0,0,technical,medium
13009,0.6,0.66,4,132,4,0,0,0,technical,medium
13010,0.78,0.59,5,236,3,0,0,0,technical,high
13011,0.48,0.53,3,211,4,0,0,0,technical,low
13012,0.9,0.77,4,273,2,0,0,0,technical,low
13013,0.16,0.76,4,223,4,0,0,0,technical,low
13014,0.5,0.75,3,204,2,0,0,0,technical,high
13015,0.66,0.65,3,196,3,1,0,0,technical,low
13016,0.44,0.37,2,219,2,0,0,0,technical,low
13017,0.95,0.67,4,261,3,0,0,0,technical,low
13018,0.9,0.65,3,254,2,0,0,0,support,high
13019,0.27,0.48,4,185,2,0,0,0,support,low
13020,0.51,0.74,6,98,3,0,0,0,support,low
13021,0.68,0.76,3,260,4,0,0,0,support,low
13022,0.97,0.93,5,137,2,1,0,0,support,low
13023,0.91,0.75,4,159,3,1,0,0,support,low
13024,0.76,0.88,5,265,4,0,0,0,support,low
13025,0.88,0.61,4,177,4,1,0,0,support,low
13026,0.83,0.73,4,247,2,0,0,0,support,medium
13027,0.78,0.54,3,161,3,0,0,0,support,medium
13028,0.52,0.38,2,103,3,0,0,0,support,medium
13029,0.63,0.49,4,151,3,0,0,0,technical,medium
13030,0.9,0.74,3,193,3,0,0,0,technical,medium
13031,0.48,0.58,3,194,3,0,0,0,technical,medium
13032,0.7,0.6,5,208,3,0,0,0,management,medium
13033,0.68,0.66,4,229,3,0,0,0,IT,medium
13034,0.7,0.87,3,166,2,0,0,0,IT,medium
13035,0.77,0.5,3,141,3,0,0,0,IT,medium
13036,0.73,0.93,3,249,2,0,0,0,IT,medium
13037,0.87,0.48,4,264,3,0,0,0,IT,medium
13038,0.65,0.98,3,252,2,0,0,0,product_mng,high
13039,0.62,0.7,2,134,3,0,0,0,product_mng,low
13040,0.53,0.51,3,274,2,1,0,0,product_mng,medium
13041,0.59,0.39,5,200,4,0,0,0,product_mng,medium
13042,0.87,0.72,2,154,3,0,0,0,IT,medium
13043,0.47,0.53,3,111,4,0,0,0,RandD,medium
13044,0.96,0.81,3,247,3,0,0,0,RandD,low
13045,0.79,0.74,3,169,3,0,0,0,RandD,low
13046,0.84,0.6,3,250,3,1,0,0,RandD,low
13047,0.68,0.49,3,178,3,1,0,0,RandD,low
13048,0.86,0.66,4,251,3,0,0,0,RandD,low
13049,0.73,0.98,5,272,2,0,0,0,marketing,low
13050,0.9,0.67,2,229,4,0,0,0,sales,low
13051,0.63,0.64,3,180,3,0,0,0,accounting,low
13052,0.71,0.72,3,271,2,0,0,0,support,low
13053,0.71,0.68,5,226,3,0,0,0,technical,low
13054,0.95,0.62,4,150,2,0,0,0,management,low
13055,0.51,0.86,4,260,3,1,0,0,marketing,low
13056,0.77,0.91,4,161,3,0,0,0,marketing,low
13057,0.48,0.51,3,136,3,0,0,0,marketing,low
13058,0.93,0.91,2,238,2,1,0,0,sales,low
13059,0.83,0.86,4,98,4,0,0,0,sales,low
13060,0.61,0.73,5,156,4,0,0,0,sales,low
13061,0.97,0.89,4,248,2,0,0,0,sales,low
13062,0.5,0.81,3,170,2,0,0,0,sales,low
13063,0.84,0.54,3,245,3,0,0,0,sales,low
13064,0.58,0.38,4,203,5,0,0,0,sales,low
13065,0.59,0.72,3,182,3,0,0,0,sales,medium
13066,0.77,0.83,3,175,3,0,0,1,sales,medium
13067,0.78,0.4,4,145,5,1,0,1,sales,medium
13068,0.6,0.96,4,220,3,1,0,1,sales,medium
13069,0.53,0.77,4,259,2,1,0,1,sales,medium
13070,0.73,0.69,3,228,2,0,0,1,sales,medium
13071,0.76,0.94,3,189,3,0,0,0,sales,medium
13072,0.12,0.61,6,257,3,0,0,0,sales,medium
13073,0.2,0.98,3,180,6,0,0,0,sales,medium
13074,0.5,0.77,4,180,3,0,0,0,sales,medium
13075,0.79,0.65,5,215,2,1,0,0,sales,medium
13076,0.96,0.68,3,132,2,0,0,0,sales,medium
13077,0.26,0.69,5,213,2,0,0,0,accounting,high
13078,0.8,0.72,4,173,3,0,0,0,accounting,low
13079,0.43,0.71,3,186,2,0,0,0,accounting,medium
13080,0.87,0.71,4,157,2,0,0,0,hr,medium
13081,0.63,0.75,4,175,4,0,0,0,hr,medium
13082,0.58,0.48,3,135,3,1,0,0,hr,medium
13083,0.2,0.42,4,256,5,0,0,0,hr,low
13084,0.62,0.71,4,268,3,0,0,0,technical,low
13085,0.91,0.94,5,159,3,0,0,0,technical,low
13086,0.66,0.91,3,191,4,0,0,0,technical,low
13087,0.53,0.81,3,275,2,0,0,0,technical,low
13088,0.52,0.98,5,217,2,1,0,0,technical,low
13089,1.0,0.88,6,201,4,0,0,0,technical,low
13090,0.73,0.67,4,205,3,0,0,0,technical,low
13091,0.65,0.67,3,240,2,1,0,0,technical,low
13092,0.5,0.95,5,137,3,0,0,0,technical,low
13093,0.94,0.59,4,241,2,0,0,0,technical,low
13094,0.48,0.86,5,198,4,0,0,0,technical,low
13095,0.67,0.87,5,254,2,0,0,0,support,low
13096,0.73,0.94,4,262,3,0,0,0,support,low
13097,0.63,0.71,4,244,2,0,0,0,support,low
13098,0.84,0.84,4,266,3,0,0,0,support,low
13099,0.2,0.94,6,191,5,0,0,0,support,low
13100,0.76,0.57,3,148,3,1,0,0,support,low
13101,0.55,0.54,3,233,2,0,0,0,support,low
13102,0.8,0.55,4,178,2,1,0,0,support,low
13103,0.64,0.91,3,165,3,1,0,0,support,low
13104,0.59,0.97,5,179,6,0,0,0,support,medium
13105,0.92,0.98,3,149,3,0,0,0,support,medium
13106,0.75,0.76,3,269,2,1,0,0,technical,medium
13107,0.69,0.74,5,227,2,0,0,0,technical,medium
13108,0.82,0.93,3,247,3,0,0,0,technical,medium
13109,0.88,0.85,3,220,3,0,0,0,management,medium
13110,0.89,0.91,3,233,2,0,0,0,IT,medium
13111,1.0,0.79,5,171,5,0,0,0,IT,medium
13112,0.66,0.91,4,234,2,1,0,0,IT,medium
13113,0.76,0.92,3,176,2,0,0,0,IT,medium
13114,0.8,0.62,5,190,4,1,0,0,IT,medium
13115,0.58,0.86,4,168,2,0,0,0,product_mng,medium
13116,0.73,0.93,3,205,3,0,0,0,product_mng,high
13117,1.0,0.73,5,189,3,1,0,0,product_mng,low
13118,0.18,0.9,4,282,4,0,0,0,product_mng,medium
13119,0.47,0.46,2,152,2,0,0,0,IT,medium
13120,0.92,0.64,4,217,4,0,0,0,RandD,medium
13121,0.51,0.5,4,130,3,0,0,0,RandD,medium
13122,0.81,0.62,4,153,4,0,0,0,RandD,low
13123,0.52,0.57,3,270,3,0,0,0,RandD,low
13124,0.95,0.96,3,220,3,0,0,0,RandD,low
13125,0.93,0.64,4,253,3,0,0,0,RandD,low
13126,0.98,0.67,4,209,6,0,0,0,marketing,low
13127,0.79,0.79,4,231,2,0,0,0,sales,low
13128,0.99,0.73,4,240,4,0,0,0,accounting,low
13129,0.64,0.9,5,266,3,0,0,0,support,low
13130,0.54,0.44,3,153,2,0,0,0,technical,low
13131,0.79,0.59,4,187,2,0,0,0,management,low
13132,0.55,0.98,4,185,2,1,0,0,marketing,low
13133,0.18,0.81,4,147,4,0,0,0,marketing,low
13134,0.56,0.81,4,188,3,1,0,0,marketing,low
13135,0.92,0.67,2,252,2,0,0,0,sales,low
13136,0.99,0.75,4,163,2,0,0,0,sales,low
13137,0.77,0.85,4,189,2,0,0,0,sales,low
13138,0.49,0.52,3,156,2,0,0,0,sales,low
13139,0.98,0.58,3,183,3,0,0,0,sales,low
13140,0.18,0.54,6,209,5,1,0,0,sales,low
13141,0.8,0.82,4,271,4,0,0,0,sales,low
13142,0.81,0.77,5,251,2,0,0,0,sales,low
13143,0.13,0.61,5,198,5,0,0,0,sales,medium
13144,0.58,0.97,3,274,4,1,0,1,sales,medium
13145,0.75,0.63,4,209,3,0,0,1,sales,medium
13146,0.8,0.94,4,271,4,0,0,1,sales,medium
13147,0.78,0.6,4,143,2,0,0,1,sales,medium
13148,0.92,0.6,5,236,3,1,0,1,sales,medium
13149,0.85,0.98,5,222,3,0,0,1,sales,medium
13150,0.52,0.63,3,233,3,0,0,1,sales,medium
13151,0.95,0.84,3,270,3,1,0,1,sales,medium
13152,0.81,0.92,5,258,3,0,0,1,sales,medium
13153,0.16,0.82,6,202,4,1,0,1,sales,medium
13154,0.91,0.74,3,150,2,0,0,0,accounting,medium
13155,0.62,0.51,4,193,3,0,0,0,accounting,high
13156,0.24,0.42,5,210,5,0,0,0,accounting,low
13157,0.88,0.51,3,208,3,0,0,0,hr,medium
13158,0.94,0.73,3,196,3,0,0,0,hr,medium
13159,0.76,0.79,5,187,4,0,0,0,hr,medium
13160,0.49,0.67,3,140,2,0,0,0,hr,medium
13161,0.93,0.9,4,256,4,0,0,0,technical,low
13162,0.92,0.66,4,113,3,0,0,0,technical,low
13163,0.19,0.94,4,196,5,0,0,0,technical,low
13164,0.66,0.76,3,170,3,0,0,0,technical,low
13165,0.16,0.94,4,261,6,0,0,0,technical,low
13166,0.83,0.99,5,132,3,0,0,0,technical,low
13167,0.69,0.53,3,153,3,0,0,0,technical,low
13168,0.82,0.53,3,147,3,1,0,0,technical,low
13169,0.88,0.72,5,244,2,0,0,0,technical,low
13170,0.31,0.42,4,108,4,0,0,0,technical,low
13171,0.83,0.49,4,218,2,0,0,0,technical,low
13172,0.94,0.52,5,133,3,0,0,0,support,low
13173,0.65,0.79,5,233,3,0,0,0,support,low
13174,0.6,0.6,4,147,3,0,0,0,support,low
13175,0.52,0.43,3,176,3,0,0,0,support,low
13176,0.66,0.89,4,169,4,0,0,0,support,low
13177,0.87,0.87,4,144,3,0,0,0,support,low
13178,0.2,0.99,5,151,3,1,0,0,support,low
13179,0.63,0.91,4,252,3,1,0,0,support,medium
13180,0.69,0.98,4,180,3,0,0,0,support,medium
13181,0.48,0.61,3,251,3,0,0,0,support,medium
13182,0.8,0.8,4,263,4,0,0,0,support,medium
13183,0.89,0.74,5,260,6,0,0,0,technical,medium
13184,0.67,0.63,3,227,3,0,0,0,technical,medium
13185,0.37,0.86,6,260,3,0,0,0,technical,medium
13186,0.93,0.61,5,158,3,0,0,0,management,medium
13187,0.69,0.52,3,186,3,0,0,0,IT,medium
13188,0.16,0.61,4,171,6,0,0,0,IT,medium
13189,0.81,0.55,3,199,2,1,0,0,IT,medium
13190,0.97,0.63,5,258,2,0,0,0,IT,medium
13191,0.77,0.59,4,273,2,0,0,0,IT,high
13192,0.75,0.78,2,259,3,0,0,0,product_mng,low
13193,0.88,0.82,3,265,3,0,0,0,product_mng,medium
13194,0.43,0.51,5,168,4,0,0,0,product_mng,medium
13195,0.99,0.99,4,163,4,0,0,0,product_mng,medium
13196,0.59,0.65,5,265,3,0,0,0,IT,medium
13197,0.89,0.71,4,190,3,0,0,0,RandD,low
13198,0.54,0.73,3,157,3,0,0,0,RandD,low
13199,0.32,0.86,4,266,4,0,0,0,RandD,low
13200,0.17,0.55,6,240,6,0,0,0,RandD,low
13201,0.78,0.55,3,143,3,0,0,0,RandD,low
13202,0.73,0.68,3,121,5,0,0,0,RandD,low
13203,0.65,0.76,2,170,5,0,0,0,IT,low
13204,0.8,0.71,4,161,4,0,0,0,IT,low
13205,0.61,0.86,3,239,3,0,0,0,IT,low
13206,0.67,0.49,3,224,3,0,0,0,IT,low
13207,0.63,0.57,3,242,3,0,0,0,product_mng,low
13208,0.51,0.58,4,140,2,1,0,0,product_mng,low
13209,0.82,0.59,5,170,3,0,0,0,product_mng,low
13210,0.79,0.67,5,156,2,0,0,0,product_mng,low
13211,0.49,0.6,2,113,5,0,0,0,IT,low
13212,0.7,0.59,3,138,3,0,0,0,RandD,low
13213,0.13,0.5,3,137,5,0,0,0,RandD,low
13214,0.83,0.52,5,217,3,0,0,0,RandD,low
13215,0.83,0.91,3,155,3,0,0,0,RandD,low
13216,0.19,0.83,5,280,4,0,0,0,RandD,low
13217,0.8,0.81,5,248,2,1,0,0,RandD,low
13218,0.49,0.67,2,190,8,0,0,0,marketing,medium
13219,0.92,0.99,3,176,8,0,0,0,sales,medium
13220,0.81,0.55,4,217,8,0,0,0,accounting,medium
13221,0.62,0.91,3,269,8,0,0,0,support,medium
13222,0.21,0.7,3,238,8,0,0,0,technical,medium
13223,0.95,0.74,5,243,6,0,0,0,management,medium
13224,0.51,0.8,4,198,6,0,0,0,marketing,medium
13225,0.52,0.89,3,188,6,0,0,0,marketing,medium
13226,0.64,0.56,3,257,6,0,0,0,marketing,medium
13227,0.62,0.79,4,268,6,0,0,0,sales,medium
13228,0.73,0.88,5,233,4,1,0,0,sales,medium
13229,0.32,0.86,4,214,5,0,0,0,sales,medium
13230,0.78,0.96,2,285,3,0,0,0,sales,high
13231,0.65,0.91,4,224,2,1,0,0,sales,low
13232,0.56,0.92,4,224,3,0,0,0,sales,medium
13233,0.96,0.89,3,142,4,0,0,0,sales,medium
13234,0.79,0.82,4,220,3,0,0,0,sales,medium
13235,0.66,0.58,4,244,3,0,0,0,sales,medium
13236,0.67,0.68,4,171,3,0,0,0,sales,low
13237,0.86,0.82,4,274,2,1,0,0,sales,low
13238,0.57,0.72,4,214,2,1,0,0,sales,low
13239,0.86,0.87,5,171,2,0,0,0,sales,low
13240,0.52,0.59,5,150,2,0,0,0,sales,low
13241,0.73,0.61,4,260,2,1,0,0,sales,low
13242,0.78,0.63,5,259,3,0,0,0,sales,low
13243,0.95,0.63,3,153,2,0,0,0,sales,low
13244,0.75,0.61,3,263,3,0,0,0,sales,low
13245,0.83,0.52,2,149,2,1,0,0,sales,low
13246,0.48,1.0,4,261,3,0,0,0,accounting,low
13247,0.3,0.58,2,189,4,1,0,0,accounting,low
13248,0.72,0.85,5,237,4,0,0,0,accounting,low
13249,0.61,0.52,3,224,3,0,0,0,hr,low
13250,0.31,0.87,6,240,3,1,0,0,hr,low
13251,0.62,0.81,3,245,2,1,0,0,hr,low
13252,0.48,0.49,3,268,3,0,0,0,hr,low
13253,0.97,0.89,4,208,2,1,0,0,technical,low
13254,0.61,0.83,4,153,2,0,0,0,technical,low
13255,0.93,0.99,3,169,3,0,0,0,technical,low
13256,0.89,0.39,5,218,2,0,0,0,technical,low
13257,0.95,0.9,3,155,3,0,0,0,technical,medium
13258,0.36,0.44,5,155,3,0,0,0,technical,medium
13259,0.29,0.39,6,105,6,0,0,0,technical,medium
13260,0.65,0.83,4,251,2,0,0,0,technical,medium
13261,0.72,0.54,4,219,2,0,0,0,technical,medium
13262,0.51,0.56,4,198,2,1,0,0,technical,medium
13263,0.54,0.53,4,158,2,0,0,0,technical,medium
13264,0.66,0.58,3,157,2,0,0,0,support,medium
13265,0.59,0.54,4,178,2,0,0,0,support,medium
13266,0.45,0.48,3,145,2,0,0,0,support,medium
13267,0.15,0.91,5,230,3,0,0,0,support,medium
13268,0.95,0.53,3,174,3,0,0,0,support,medium
13269,0.49,0.59,5,140,3,0,0,0,support,high
13270,0.68,0.97,3,174,2,0,0,0,support,low
13271,0.7,0.76,4,173,2,0,0,0,support,medium
13272,0.9,0.73,2,203,4,0,0,0,support,medium
13273,0.94,0.95,5,170,3,0,0,0,support,medium
13274,0.8,0.86,3,203,3,0,0,0,support,medium
13275,0.59,0.53,5,169,3,0,0,0,technical,low
13276,0.43,0.96,3,109,6,0,0,0,technical,low
13277,0.7,0.54,5,263,3,0,0,0,technical,low
13278,0.51,0.62,4,185,3,0,0,0,management,low
13279,0.12,0.49,4,191,5,0,0,0,IT,low
13280,0.14,0.56,5,259,4,1,0,0,IT,low
13281,0.86,0.91,4,253,3,0,0,0,IT,low
13282,0.97,0.5,3,216,3,0,0,0,IT,low
13283,1.0,0.86,2,264,3,0,0,0,IT,medium
13284,0.49,0.63,3,181,3,1,0,0,product_mng,medium
13285,0.9,0.93,3,209,3,0,0,0,product_mng,medium
13286,0.82,0.89,4,239,2,0,0,0,product_mng,medium
13287,0.59,0.48,3,197,3,0,0,0,product_mng,medium
13288,0.97,0.57,4,150,2,0,0,0,IT,medium
13289,0.69,0.88,3,164,10,0,0,0,management,medium
13290,0.73,0.84,3,216,8,0,0,0,management,medium
13291,0.48,0.74,2,271,8,1,0,0,management,medium
13292,0.94,0.49,4,176,8,0,0,0,management,medium
13293,0.74,0.73,3,156,8,0,0,0,management,medium
13294,0.65,0.63,4,143,8,0,0,0,management,medium
13295,0.93,0.94,4,233,6,0,0,0,IT,medium
13296,0.57,0.67,3,138,6,1,0,0,IT,medium
13297,0.9,0.49,3,259,6,0,0,0,IT,medium
13298,0.55,0.86,4,169,6,0,0,0,IT,medium
13299,0.59,0.73,3,172,6,0,0,0,product_mng,medium
13300,0.72,0.98,4,156,3,0,0,0,product_mng,medium
13301,0.87,0.52,4,140,3,0,0,0,product_mng,medium
13302,0.86,0.82,4,212,2,0,0,0,product_mng,medium
13303,0.61,0.5,4,269,3,0,0,0,IT,medium
13304,0.45,0.63,5,111,5,0,0,0,management,medium
13305,0.51,0.63,4,198,2,0,0,0,management,medium
13306,0.87,0.92,4,263,3,0,0,0,management,medium
13307,0.29,0.38,5,191,5,0,0,0,management,medium
13308,0.57,0.64,3,188,3,0,0,0,management,medium
13309,0.69,0.83,4,252,3,0,0,0,management,medium
13310,0.61,0.9,2,142,3,0,0,0,marketing,high
13311,0.96,0.85,4,247,3,0,0,0,sales,high
13312,0.16,0.61,6,269,2,0,0,0,accounting,high
13313,0.96,0.82,4,244,3,0,0,0,support,high
13314,0.77,0.81,4,164,3,0,0,0,technical,high
13315,0.85,0.87,6,232,5,0,0,0,management,high
13316,0.37,0.49,3,177,3,0,0,0,marketing,high
13317,0.68,0.65,3,173,3,1,0,0,marketing,high
13318,0.87,0.6,5,165,2,1,0,0,marketing,high
13319,0.95,0.8,3,225,2,0,0,0,sales,high
13320,0.84,0.63,3,121,3,1,0,0,sales,low
13321,0.44,0.51,2,219,4,0,0,0,sales,low
13322,0.94,0.73,4,204,2,0,0,0,sales,low
13323,0.85,0.94,5,235,4,0,0,0,sales,low
13324,0.75,0.51,2,215,2,1,0,0,sales,low
13325,0.76,0.67,5,243,3,0,0,0,sales,low
13326,0.13,0.97,4,162,6,0,0,0,sales,low
13327,0.6,0.79,4,262,3,0,0,0,sales,low
13328,0.45,0.55,4,206,2,0,0,0,sales,low
13329,0.49,1.0,2,125,4,1,0,0,sales,low
13330,0.19,0.36,3,167,5,0,0,0,sales,low
13331,0.68,0.89,5,218,5,0,0,0,sales,low
13332,0.53,0.91,5,181,3,0,0,0,sales,low
13333,1.0,0.77,5,269,3,0,0,0,sales,low
13334,0.99,0.86,3,167,2,0,0,0,sales,low
13335,0.29,0.75,6,271,10,0,0,0,sales,medium
13336,0.54,0.83,4,201,8,1,0,0,sales,medium
13337,0.25,0.9,6,229,8,0,0,0,sales,medium
13338,0.71,0.76,4,148,8,0,0,0,accounting,medium
13339,0.96,0.84,3,147,8,0,0,0,accounting,medium
13340,0.8,0.9,4,211,8,0,0,0,accounting,medium
13341,0.82,0.87,5,145,6,0,0,0,hr,medium
13342,0.19,0.97,6,269,6,0,0,0,hr,medium
13343,0.43,0.74,4,129,6,0,0,0,hr,medium
13344,0.62,0.84,3,270,6,0,0,0,hr,medium
13345,0.75,0.85,3,250,6,0,0,0,technical,medium
13346,0.56,0.48,5,192,2,1,0,0,technical,medium
13347,0.88,0.91,4,233,4,0,0,0,technical,high
13348,0.63,0.57,4,192,3,0,0,0,technical,high
13349,0.75,0.93,3,247,2,0,0,0,technical,high
13350,0.74,1.0,4,192,4,0,0,0,technical,high
13351,0.55,0.68,3,178,3,1,0,0,technical,high
13352,0.87,0.55,4,197,3,0,0,0,technical,high
13353,0.13,0.9,5,264,6,0,0,0,technical,high
13354,0.33,0.64,2,274,3,1,0,0,technical,high
13355,0.89,0.97,4,147,2,0,0,0,technical,low
13356,0.56,0.94,3,154,3,1,0,0,support,low
13357,0.95,0.61,3,224,2,1,0,0,support,low
13358,0.57,0.59,4,250,2,0,0,0,support,low
13359,0.72,0.53,3,179,3,0,0,0,support,low
13360,0.28,0.44,4,170,2,0,0,0,support,low
13361,0.54,0.61,4,118,5,0,0,0,support,low
13362,0.54,0.95,4,256,3,0,0,0,support,low
13363,0.99,0.8,3,209,2,0,0,0,support,medium
13364,0.37,0.69,2,146,3,0,0,0,support,medium
13365,0.77,0.87,3,275,4,1,0,0,support,medium
13366,0.7,0.88,4,180,2,0,0,0,support,medium
13367,0.8,0.74,3,228,3,0,0,0,technical,medium
13368,0.52,0.63,3,204,3,0,0,0,technical,medium
13369,0.69,0.55,3,172,2,0,0,0,technical,medium
13370,0.6,0.62,5,274,3,0,0,0,management,medium
13371,0.74,0.64,3,136,2,0,0,0,IT,medium
13372,0.69,0.82,4,252,3,1,0,0,IT,medium
13373,0.78,0.89,4,137,3,0,0,0,IT,medium
13374,0.77,0.75,4,191,3,0,0,0,IT,medium
13375,0.91,0.68,4,132,4,0,0,0,IT,medium
13376,0.54,0.68,6,249,5,0,0,0,product_mng,medium
13377,0.48,0.77,6,274,6,0,0,0,product_mng,medium
13378,0.55,0.96,3,194,3,0,0,0,product_mng,medium
13379,0.17,0.36,6,191,2,0,0,0,product_mng,medium
13380,0.77,0.83,5,216,4,0,0,0,IT,medium
13381,0.93,0.98,3,241,3,0,0,0,IT,medium
13382,0.65,0.91,4,243,5,1,0,0,IT,medium
13383,0.67,0.52,4,207,3,0,0,0,IT,medium
13384,0.95,0.88,3,199,3,0,0,0,IT,medium
13385,0.61,0.97,6,286,4,0,0,0,product_mng,medium
13386,0.57,0.39,4,132,3,0,0,0,product_mng,high
13387,0.65,1.0,4,229,4,0,0,0,product_mng,low
13388,0.85,0.81,4,260,3,0,0,0,product_mng,medium
13389,0.61,0.96,3,214,2,0,0,0,IT,medium
13390,0.65,0.9,6,217,4,1,0,1,RandD,medium
13391,0.92,0.93,4,225,2,0,0,1,RandD,medium
13392,0.37,0.41,2,113,3,0,0,1,RandD,medium
13393,0.48,0.77,5,250,2,0,0,1,RandD,medium
13394,0.82,0.91,5,271,2,0,0,1,RandD,medium
13395,0.84,0.75,4,135,3,0,0,1,RandD,medium
13396,0.57,0.46,2,100,6,1,0,1,marketing,medium
13397,0.8,0.75,4,224,3,0,0,1,sales,medium
13398,0.49,0.91,4,134,4,0,0,0,accounting,low
13399,0.79,0.82,5,158,2,0,0,0,support,low
13400,0.48,0.67,3,183,2,0,0,0,technical,low
13401,0.28,0.89,4,97,6,0,0,0,management,low
13402,0.47,0.56,4,226,3,0,0,0,marketing,low
13403,0.91,0.6,4,235,4,1,0,0,marketing,low
13404,0.75,0.6,4,186,10,1,0,0,marketing,low
13405,0.61,0.89,3,242,10,0,0,0,sales,high
13406,0.47,0.79,3,284,10,0,0,0,sales,low
13407,0.22,0.7,2,274,10,0,0,0,sales,high
13408,0.5,0.48,4,130,10,0,0,0,sales,high
13409,0.56,0.87,3,146,10,0,0,0,sales,low
13410,0.84,0.85,4,207,10,0,0,0,sales,low
13411,0.69,0.72,4,210,2,1,0,0,sales,high
13412,0.53,0.64,3,143,2,0,0,0,sales,low
13413,0.17,0.57,4,116,3,0,0,0,sales,medium
13414,0.48,0.71,2,162,3,1,0,0,sales,high
13415,0.94,0.51,3,242,3,0,0,0,sales,medium
13416,0.77,0.89,4,153,7,0,0,0,sales,medium
13417,1.0,0.72,5,194,7,1,0,0,sales,medium
13418,0.49,0.65,4,233,7,0,0,0,sales,medium
13419,0.93,0.73,4,283,7,0,0,0,sales,high
13420,0.38,0.43,3,188,7,0,0,0,sales,medium
13421,0.6,0.54,4,182,6,0,0,0,sales,medium
13422,0.5,0.82,2,286,6,0,0,0,sales,medium
13423,0.97,0.55,5,212,6,0,0,0,sales,high
13424,0.93,0.95,5,176,6,0,0,1,accounting,medium
13425,0.5,1.0,5,264,8,0,0,1,accounting,high
13426,0.52,0.84,3,261,8,0,0,1,accounting,low
13427,0.5,0.71,4,163,8,0,0,1,hr,medium
13428,0.55,0.4,3,139,8,0,0,1,hr,medium
13429,0.95,0.84,3,261,8,1,0,1,hr,medium
13430,0.48,0.42,2,275,6,1,0,1,hr,medium
13431,0.51,0.39,5,132,6,1,0,1,technical,low
13432,0.96,0.48,3,202,6,0,0,0,technical,low
13433,0.97,0.84,4,177,6,0,0,0,technical,low
13434,0.97,0.66,5,234,6,0,0,0,technical,low
13435,0.71,0.54,4,188,6,0,0,0,technical,low
13436,0.82,0.49,5,203,6,0,0,0,technical,low
13437,0.57,1.0,4,227,10,0,0,0,technical,low
13438,0.48,0.93,3,150,10,0,0,0,technical,low
13439,0.71,0.64,3,267,3,0,0,0,technical,low
13440,0.63,0.61,5,186,10,0,0,0,technical,low
13441,0.99,0.84,4,142,10,0,0,0,technical,high
13442,0.79,0.83,3,126,10,1,0,0,support,low
13443,0.65,0.85,4,201,10,0,0,0,support,low
13444,0.7,0.85,4,142,2,0,0,0,support,low
13445,0.99,0.94,4,167,4,0,0,0,support,low
13446,0.65,0.62,4,258,2,0,0,0,support,high
13447,0.92,0.85,3,207,2,0,0,0,support,low
13448,0.24,0.5,4,282,4,1,0,0,support,low
13449,0.39,0.89,3,188,5,0,0,0,support,low
13450,0.82,0.85,3,214,2,0,0,0,support,high
13451,0.78,0.89,4,272,2,0,0,0,support,low
13452,0.62,0.79,3,259,3,0,0,0,support,medium
13453,0.6,0.61,5,191,2,1,0,0,technical,high
13454,0.49,0.57,3,192,3,0,0,0,technical,medium
13455,0.82,0.82,3,164,3,0,0,0,technical,high
13456,0.48,0.81,4,149,2,0,0,0,management,medium
13457,0.69,0.56,4,149,3,0,0,0,IT,medium
13458,0.4,0.89,2,165,3,0,0,0,IT,medium
13459,0.72,0.8,3,222,3,0,0,0,IT,medium
13460,0.75,0.84,5,222,3,1,0,0,IT,medium
13461,0.5,0.77,3,265,3,0,0,0,IT,medium
13462,0.78,0.5,5,247,4,0,0,0,product_mng,medium
13463,0.76,0.45,4,147,2,0,0,0,product_mng,medium
13464,0.94,0.52,3,273,3,0,0,0,product_mng,high
13465,0.24,0.94,6,144,4,0,0,0,product_mng,low
13466,0.99,0.66,3,181,2,0,0,0,IT,medium
13467,0.67,0.64,3,198,2,1,0,0,management,medium
13468,0.76,0.57,5,255,4,0,0,0,management,medium
13469,0.76,0.77,4,169,10,0,0,0,management,medium
13470,0.55,0.64,4,201,10,1,0,0,management,medium
13471,0.74,0.6,4,274,10,1,0,0,management,medium
13472,0.81,0.85,4,134,10,1,0,0,management,medium
13473,0.98,0.67,3,190,10,0,0,0,IT,medium
13474,0.98,0.98,4,170,10,0,0,0,IT,medium
13475,0.58,0.91,3,154,10,0,0,0,product_mng,high
13476,0.18,0.75,3,142,2,0,0,0,product_mng,low
13477,0.57,0.67,5,235,2,0,0,0,product_mng,low
13478,0.7,0.62,3,110,3,0,0,0,product_mng,low
13479,0.49,0.77,3,211,3,0,0,0,IT,high
13480,0.7,0.56,4,214,3,0,0,1,management,medium
13481,0.16,0.93,5,210,7,0,0,1,management,medium
13482,0.58,0.59,3,207,7,0,0,1,management,medium
13483,0.66,0.57,4,161,7,0,0,1,management,medium
13484,0.51,0.55,2,102,7,0,0,1,management,medium
13485,0.48,0.84,4,186,7,0,0,1,management,medium
13486,0.56,0.71,3,211,6,0,0,1,marketing,low
13487,0.81,0.62,3,240,6,0,0,1,sales,low
13488,0.57,0.7,4,237,6,0,0,0,accounting,low
13489,0.66,0.53,3,164,6,0,0,0,support,low
13490,0.22,0.91,6,222,8,0,0,0,technical,low
13491,0.96,0.71,3,205,8,1,0,0,management,medium
13492,0.87,0.88,4,140,8,0,0,0,marketing,medium
13493,0.61,0.42,2,103,8,0,0,0,marketing,medium
13494,0.66,0.85,3,178,8,1,0,0,marketing,medium
13495,0.9,0.51,4,137,6,0,0,0,sales,medium
13496,0.64,0.67,3,143,6,0,0,0,sales,medium
13497,0.76,0.82,4,170,6,0,0,0,sales,medium
13498,0.97,0.41,5,135,6,0,0,0,sales,medium
13499,0.69,0.76,3,174,6,0,0,0,sales,medium
13500,0.98,0.55,3,166,6,1,0,0,sales,medium
13501,0.18,0.61,5,174,6,0,0,0,sales,medium
13502,0.62,0.91,3,251,10,0,0,0,sales,medium
13503,0.29,0.37,6,187,10,1,0,0,sales,high
13504,0.87,0.48,5,170,3,0,0,0,sales,low
13505,0.91,0.64,3,241,10,0,0,0,sales,medium
13506,0.53,0.79,3,221,10,1,0,0,sales,medium
13507,0.69,0.73,4,257,10,1,0,0,sales,medium
13508,0.14,0.58,4,275,10,0,0,0,sales,medium
13509,0.7,0.77,4,245,2,0,0,0,sales,low
13510,0.77,0.75,6,246,6,0,0,0,sales,low
13511,0.77,0.76,6,263,6,0,0,0,sales,low
13512,0.76,0.99,3,133,4,0,0,0,sales,low
13513,0.66,0.49,4,157,3,0,0,0,sales,low
13514,0.5,0.95,3,198,4,0,0,0,accounting,low
13515,0.57,0.9,5,145,3,0,0,0,accounting,low
13516,0.97,0.62,6,118,2,0,0,0,accounting,low
13517,0.26,0.99,5,184,5,0,0,0,hr,low
13518,0.72,0.62,3,243,2,1,0,0,hr,low
13519,0.83,0.93,3,247,2,0,0,0,hr,low
13520,0.55,0.4,3,158,3,0,0,0,hr,low
13521,0.77,0.74,5,243,2,0,0,0,technical,low
13522,0.24,0.63,4,203,5,0,0,0,technical,low
13523,0.8,0.96,3,161,3,0,0,0,technical,low
13524,0.5,0.59,4,214,3,1,0,0,technical,low
13525,0.66,0.59,4,179,3,0,0,0,technical,low
13526,0.66,0.77,4,188,2,0,0,0,technical,low
13527,0.66,0.81,3,174,3,0,0,0,technical,low
13528,0.96,0.83,3,177,4,0,0,0,technical,low
13529,0.75,0.94,5,194,4,0,0,0,technical,low
13530,0.78,0.77,3,244,2,0,0,0,technical,medium
13531,0.57,0.82,4,269,2,0,0,0,technical,medium
13532,0.78,0.68,2,159,3,1,0,0,support,medium
13533,0.57,0.88,4,140,2,0,0,0,support,medium
13534,0.84,0.56,5,224,2,0,0,0,support,medium
13535,0.23,0.94,5,242,4,0,0,0,support,medium
13536,0.53,0.37,3,180,3,0,0,0,support,medium
13537,0.82,0.71,3,150,3,0,0,0,support,medium
13538,0.59,0.64,5,269,3,0,0,0,support,medium
13539,0.5,0.52,2,178,2,0,0,0,support,medium
13540,1.0,0.74,2,187,3,0,0,0,support,medium
13541,0.94,0.61,3,140,2,0,0,0,support,medium
13542,0.86,0.61,4,193,2,0,0,0,support,high
13543,0.73,0.49,4,243,2,0,0,0,technical,low
13544,0.49,0.94,3,144,3,1,0,0,technical,medium
13545,0.79,0.73,2,147,2,0,0,0,technical,medium
13546,0.83,0.5,6,165,3,0,0,0,management,medium
13547,0.85,0.67,3,176,2,0,0,0,IT,medium
13548,0.65,0.37,3,170,6,0,0,0,IT,low
13549,0.94,0.65,4,213,2,1,0,0,IT,low
13550,0.76,0.81,4,242,2,0,0,0,IT,low
13551,0.77,0.54,4,139,3,1,0,0,IT,low
13552,0.77,0.91,4,239,3,1,0,0,product_mng,low
13553,0.59,0.64,5,123,2,0,0,0,product_mng,low
13554,0.69,0.9,3,185,4,0,0,0,product_mng,low
13555,0.51,0.85,4,186,2,0,0,0,product_mng,low
13556,0.8,0.67,3,178,3,0,0,0,IT,low
13557,0.98,0.7,3,153,10,0,0,0,management,high
13558,0.69,0.72,4,185,10,1,0,0,management,high
13559,0.14,0.76,4,142,10,0,0,0,management,high
13560,0.95,0.9,4,221,10,1,0,0,management,high
13561,0.53,0.61,3,148,10,0,0,0,management,high
13562,0.64,0.52,5,258,10,1,0,0,management,high
13563,0.51,0.73,4,229,3,0,0,0,sales,low
13564,0.36,0.73,2,111,2,0,0,0,sales,low
13565,0.62,0.97,2,271,3,0,0,0,sales,low
13566,0.98,0.58,4,133,3,0,0,0,sales,low
13567,0.53,0.7,4,223,3,0,0,0,sales,low
13568,0.8,0.95,4,272,2,0,0,0,sales,low
13569,0.73,0.77,3,233,3,0,0,0,sales,medium
13570,0.82,0.8,3,162,3,0,0,0,sales,medium
13571,0.62,0.75,5,165,4,0,0,0,sales,medium
13572,0.87,0.48,5,242,3,0,0,0,sales,medium
13573,0.43,0.65,4,124,2,0,0,0,sales,medium
13574,0.57,0.6,2,163,3,0,0,0,sales,medium
13575,0.91,0.77,3,144,3,0,0,0,sales,medium
13576,0.75,0.59,5,149,4,0,0,0,sales,medium
13577,0.76,0.8,5,217,2,0,0,0,sales,medium
13578,0.85,0.49,4,139,2,0,0,0,sales,medium
13579,0.56,0.67,3,270,2,0,0,0,sales,medium
13580,0.86,0.84,3,177,3,0,0,0,sales,medium
13581,0.21,0.43,5,175,2,1,0,0,sales,high
13582,0.94,0.59,3,151,2,0,0,0,sales,low
13583,0.98,0.74,3,185,3,0,0,0,sales,medium
13584,0.42,0.45,3,227,3,0,0,0,sales,medium
13585,0.98,0.89,4,218,2,0,0,0,sales,medium
13586,1.0,0.93,5,167,3,0,0,0,sales,medium
13587,0.95,0.52,3,183,2,1,0,0,sales,low
13588,0.95,0.5,4,259,3,0,0,0,sales,low
13589,0.68,0.53,3,138,2,1,0,0,sales,low
13590,0.64,0.38,5,122,4,0,0,0,sales,low
13591,0.24,0.62,6,225,6,0,0,0,sales,low
13592,0.37,0.72,3,121,2,0,0,0,sales,low
13593,0.67,0.4,4,274,3,0,0,0,sales,low
13594,0.86,0.89,4,153,4,0,0,0,sales,low
13595,0.43,0.38,3,119,2,0,0,0,sales,low
13596,0.67,0.67,4,141,2,1,0,0,sales,low
13597,0.92,0.6,4,161,3,0,0,0,IT,low
13598,0.43,0.46,2,186,2,0,0,0,product_mng,low
13599,0.52,0.8,3,252,4,0,0,0,product_mng,low
13600,0.16,0.42,3,182,3,1,0,0,product_mng,low
13601,0.49,0.6,4,264,2,1,0,0,product_mng,low
13602,0.37,0.63,4,167,3,0,0,0,IT,low
13603,0.98,0.68,5,171,3,0,0,0,management,high
13604,0.33,0.97,5,130,4,0,0,0,management,high
13605,0.14,0.79,5,271,4,0,0,0,management,high
13606,0.54,0.79,5,249,3,1,0,0,management,high
13607,0.63,0.48,4,180,4,0,0,0,management,high
13608,0.55,0.69,4,220,3,1,0,0,management,high
13609,0.84,0.53,3,210,4,1,0,0,marketing,medium
13610,0.51,0.97,4,258,2,0,0,0,sales,medium
13611,0.15,0.75,3,150,4,0,0,1,accounting,medium
13612,0.97,0.79,5,259,3,0,0,1,support,medium
13613,0.67,0.69,3,231,3,0,0,1,technical,medium
13614,0.48,0.67,4,220,3,0,0,1,management,medium
13615,0.69,0.58,4,149,3,0,0,1,marketing,medium
13616,0.6,0.62,3,238,4,0,0,1,marketing,medium
13617,0.82,0.71,2,209,5,0,0,1,marketing,medium
13618,0.86,0.95,4,149,3,0,0,1,sales,medium
13619,0.69,0.59,4,264,3,0,0,0,sales,medium
13620,0.87,0.87,5,207,2,0,0,0,sales,high
13621,0.17,0.78,3,239,6,0,0,0,sales,low
13622,0.94,0.51,6,239,5,0,0,0,sales,medium
13623,0.5,1.0,4,258,3,0,0,0,sales,medium
13624,0.16,0.72,3,203,3,0,0,0,sales,medium
13625,0.89,0.99,2,258,3,0,0,0,sales,medium
13626,0.69,0.51,3,257,3,1,0,0,IT,low
13627,0.5,0.51,5,134,3,0,0,0,product_mng,low
13628,0.16,0.46,6,240,2,0,0,0,product_mng,low
13629,0.75,0.99,2,237,5,1,0,0,product_mng,low
13630,0.64,0.66,5,157,2,0,0,0,product_mng,low
13631,0.78,0.43,4,275,3,0,0,0,IT,low
13632,0.81,0.74,2,228,3,0,0,0,management,high
13633,0.55,0.58,3,254,2,0,0,0,management,high
13634,0.53,0.53,4,257,2,0,0,0,management,high
13635,0.69,0.73,3,231,2,1,0,0,management,high
13636,0.8,0.53,3,217,3,0,0,0,management,high
13637,0.77,0.98,3,286,6,0,0,0,management,high
13638,0.84,0.8,4,236,3,0,0,0,marketing,low
13639,0.64,0.55,4,215,2,0,0,0,sales,low
13640,0.78,0.57,4,157,3,0,0,0,accounting,low
13641,0.67,0.7,3,149,3,0,0,0,support,low
13642,0.81,0.77,3,221,2,0,0,0,technical,low
13643,0.91,0.82,4,238,2,0,0,0,management,low
13644,0.75,0.89,6,250,2,0,0,0,marketing,medium
13645,0.78,0.96,3,202,4,1,0,0,marketing,medium
13646,0.54,0.52,4,173,2,0,0,0,marketing,medium
13647,0.77,0.71,5,250,3,1,0,0,sales,medium
13648,0.89,0.63,4,270,3,1,0,0,sales,medium
13649,0.16,0.98,3,232,5,0,0,0,sales,medium
13650,0.77,0.99,4,260,3,0,0,0,sales,medium
13651,0.69,0.48,5,232,4,0,0,0,sales,medium
13652,0.61,0.81,4,134,3,0,0,0,sales,medium
13653,0.59,0.81,4,189,3,0,0,0,sales,medium
13654,0.58,0.8,4,113,3,0,0,0,IT,medium
13655,0.88,0.67,5,264,3,0,0,0,product_mng,medium
13656,0.51,0.63,5,260,2,0,0,0,product_mng,high
13657,0.31,0.7,3,132,3,0,0,0,product_mng,low
13658,0.52,0.52,4,168,3,0,0,0,product_mng,medium
13659,0.57,0.46,3,186,3,1,0,0,IT,medium
13660,0.5,0.77,3,267,2,0,0,0,management,high
13661,0.74,0.63,3,180,3,0,0,0,management,high
13662,0.74,0.77,3,211,3,0,0,0,management,high
13663,0.82,0.51,2,268,2,0,0,0,management,high
13664,0.74,0.71,3,206,3,0,0,0,management,high
13665,0.2,0.59,6,113,3,0,0,0,management,high
13666,0.63,0.48,4,179,3,0,0,0,marketing,low
13667,0.19,0.8,6,157,6,1,0,0,sales,low
13668,0.4,0.62,4,127,5,0,0,0,accounting,low
13669,0.71,0.37,2,179,5,0,0,1,support,low
13670,0.84,0.73,4,197,3,0,0,1,technical,low
13671,0.59,0.84,4,251,4,1,0,1,management,low
13672,0.57,0.85,4,250,3,1,0,1,marketing,low
13673,0.81,0.61,2,176,5,0,0,1,marketing,low
13674,0.8,0.7,4,246,3,0,0,1,marketing,low
13675,0.49,0.66,3,155,3,0,0,1,sales,low
13676,0.55,0.64,3,178,2,0,0,1,sales,low
13677,0.68,0.4,3,213,5,1,0,1,sales,low
13678,0.55,0.67,3,150,2,0,0,1,sales,low
13679,0.59,0.62,3,166,2,0,0,0,sales,low
13680,0.91,0.8,5,169,4,0,0,0,sales,low
13681,0.48,0.9,4,208,3,0,0,0,sales,low
13682,0.84,0.66,3,209,2,0,0,0,sales,low
13683,0.73,0.54,4,167,3,0,0,0,IT,medium
13684,0.28,0.59,6,281,3,0,0,0,product_mng,medium
13685,0.77,0.65,3,156,4,0,0,0,product_mng,medium
13686,0.67,0.65,3,265,3,0,0,0,product_mng,medium
13687,0.5,0.53,3,142,3,1,0,0,product_mng,medium
13688,0.32,0.47,3,143,4,0,0,0,IT,medium
13689,0.57,0.78,3,134,3,0,0,0,RandD,medium
13690,0.51,0.8,5,268,3,0,0,0,RandD,medium
13691,0.61,0.6,3,255,2,0,0,0,RandD,medium
13692,0.83,0.73,4,157,2,0,0,0,RandD,medium
13693,0.87,0.97,5,151,3,0,0,0,RandD,medium
13694,0.7,0.63,3,157,2,0,0,0,RandD,medium
13695,0.78,0.65,3,139,3,0,0,0,marketing,high
13696,0.71,0.53,4,196,2,1,0,0,sales,low
13697,0.68,0.99,3,159,2,0,0,0,accounting,medium
13698,0.75,0.53,4,224,4,1,0,0,support,medium
13699,0.7,0.53,3,215,7,1,0,0,technical,medium
13700,0.59,0.94,5,157,7,1,0,0,management,medium
13701,0.64,0.87,4,157,7,0,0,0,marketing,low
13702,0.61,0.88,5,146,7,1,0,0,marketing,low
13703,0.77,0.49,2,286,7,0,0,0,marketing,low
13704,0.51,0.64,3,203,3,0,0,0,sales,low
13705,0.49,0.49,3,168,7,0,0,0,sales,low
13706,0.77,0.75,3,170,7,0,0,0,sales,low
13707,0.31,0.86,3,266,7,0,0,0,sales,low
13708,0.54,0.76,3,183,3,0,0,0,sales,low
13709,0.56,0.66,4,264,3,0,0,0,sales,low
13710,0.65,0.77,4,205,3,0,0,0,sales,low
13711,0.49,0.36,2,192,3,0,0,0,sales,low
13712,0.82,0.79,3,176,3,0,0,0,technical,low
13713,0.6,0.52,3,183,2,0,0,0,support,low
13714,0.64,0.63,3,156,6,1,0,0,support,low
13715,0.7,0.68,3,150,3,0,0,0,support,low
13716,0.65,0.89,4,204,8,1,0,0,support,low
13717,0.69,0.78,5,131,8,0,0,0,support,low
13718,0.93,0.74,5,248,8,1,0,0,support,low
13719,0.55,0.52,4,168,8,0,0,0,support,low
13720,0.75,0.87,4,146,8,1,0,0,support,low
13721,0.47,0.43,4,246,3,0,0,0,support,low
13722,0.72,0.88,5,216,10,1,0,0,support,medium
13723,0.59,0.92,3,203,10,0,0,0,support,medium
13724,0.98,0.49,3,199,10,0,0,0,technical,medium
13725,0.39,0.52,2,102,8,0,0,0,technical,medium
13726,0.93,0.87,4,139,8,0,0,0,technical,medium
13727,0.71,0.97,5,208,8,1,0,0,management,medium
13728,0.49,0.54,4,215,4,0,0,0,IT,medium
13729,0.63,0.93,4,233,3,0,0,0,IT,medium
13730,0.45,0.64,3,169,10,0,0,0,IT,medium
13731,0.77,0.64,3,190,10,1,0,0,IT,medium
13732,0.77,0.63,4,236,7,0,0,0,IT,medium
13733,0.5,0.92,4,266,7,0,0,0,product_mng,medium
13734,0.45,0.42,4,156,7,0,0,0,product_mng,high
13735,0.81,0.47,4,153,7,0,0,0,product_mng,low
13736,0.83,0.67,3,175,3,0,0,0,product_mng,medium
13737,0.47,0.76,6,174,10,0,0,0,IT,medium
13738,0.25,0.89,4,154,10,0,0,0,management,high
13739,0.89,0.55,5,251,10,0,0,0,management,high
13740,0.97,0.57,3,164,10,0,0,0,management,high
13741,0.6,0.65,2,225,10,0,0,0,management,high
13742,0.67,0.72,2,134,10,0,0,0,management,high
13743,0.89,0.77,3,144,3,0,0,0,management,high
13744,0.6,0.91,5,211,3,0,0,0,sales,low
13745,0.64,0.79,4,139,3,0,0,0,sales,low
13746,0.57,0.66,3,268,3,0,0,0,sales,low
13747,0.56,0.98,5,171,3,1,0,0,sales,low
13748,0.6,0.9,4,260,2,0,0,0,sales,medium
13749,0.17,0.66,6,224,3,0,0,0,sales,medium
13750,0.74,0.49,4,233,3,0,0,0,sales,medium
13751,0.44,0.41,3,125,7,0,0,0,sales,medium
13752,0.51,0.89,4,233,7,0,0,0,sales,medium
13753,0.86,0.57,3,162,7,0,0,0,sales,medium
13754,0.96,0.48,4,198,7,0,0,0,sales,medium
13755,0.87,0.82,4,198,7,0,0,0,sales,medium
13756,0.58,0.79,3,243,3,1,0,0,sales,medium
13757,0.24,0.56,4,281,7,0,0,0,sales,medium
13758,0.42,0.8,4,259,7,1,0,0,sales,medium
13759,0.65,0.94,4,184,7,0,0,0,sales,medium
13760,0.73,0.92,6,189,3,1,0,0,sales,medium
13761,0.63,0.6,4,258,3,0,0,0,sales,medium
13762,0.95,0.48,4,225,3,0,0,0,sales,medium
13763,0.52,0.83,5,145,3,0,0,0,sales,medium
13764,0.96,0.55,3,164,3,0,0,0,sales,medium
13765,0.66,0.51,4,254,2,0,0,0,sales,medium
13766,0.98,0.44,4,154,6,1,0,0,sales,medium
13767,0.56,0.79,5,248,3,0,0,0,sales,medium
13768,0.97,0.54,3,154,8,1,0,0,sales,medium
13769,0.72,0.92,3,242,8,0,0,0,sales,medium
13770,0.74,0.78,4,194,8,0,0,0,sales,medium
13771,0.2,0.6,5,261,8,0,0,0,sales,medium
13772,0.73,0.56,3,245,8,0,0,0,sales,medium
13773,0.76,0.79,3,247,3,0,0,0,sales,low
13774,0.65,0.54,4,147,10,0,0,0,sales,low
13775,0.66,0.5,3,139,10,1,0,0,sales,low
13776,0.96,0.97,6,137,10,0,0,0,sales,low
13777,0.57,0.55,4,177,8,0,0,0,sales,low
13778,0.61,0.82,4,184,8,0,0,0,IT,low
13779,0.57,0.69,3,212,8,0,0,0,product_mng,low
13780,0.59,0.47,3,159,4,0,0,0,product_mng,low
13781,0.92,0.68,4,178,3,0,0,0,product_mng,low
13782,0.79,0.56,3,149,10,0,0,0,product_mng,low
13783,0.95,0.66,4,223,10,0,0,0,IT,low
13784,0.24,0.81,6,263,7,0,0,0,management,high
13785,0.49,0.52,4,161,7,0,0,0,management,high
13786,0.49,0.68,3,192,7,0,0,0,management,high
13787,0.97,0.51,5,215,7,0,0,0,management,high
13788,0.55,0.78,4,261,3,0,0,0,management,high
13789,0.76,0.56,5,222,10,0,0,0,management,high
13790,0.53,0.99,3,223,10,0,0,0,marketing,low
13791,0.51,0.86,3,182,10,0,0,0,sales,low
13792,0.57,0.93,2,204,10,0,0,0,accounting,low
13793,0.58,0.91,3,195,10,0,0,0,support,low
13794,0.6,0.98,4,146,10,0,0,0,technical,low
13795,0.65,0.74,4,233,4,1,0,0,management,low
13796,0.91,0.75,2,147,3,0,0,0,marketing,low
13797,0.65,0.55,3,156,5,0,0,0,marketing,low
13798,0.18,0.49,3,240,2,1,0,0,marketing,low
13799,0.66,0.9,4,177,7,0,0,0,sales,low
13800,0.78,0.8,3,135,7,0,0,0,sales,medium
13801,0.82,0.65,5,178,7,1,0,0,sales,medium
13802,0.54,0.64,3,190,7,0,0,0,sales,medium
13803,0.95,0.84,3,240,7,0,0,0,sales,medium
13804,0.65,0.85,4,172,3,0,0,0,sales,medium
13805,0.83,0.55,3,271,7,0,0,0,sales,medium
13806,0.15,0.6,5,188,7,0,0,0,sales,medium
13807,0.59,0.59,4,197,7,0,0,0,IT,medium
13808,0.99,0.94,5,151,3,0,0,0,product_mng,medium
13809,0.76,0.72,3,263,3,0,0,0,product_mng,medium
13810,0.64,0.67,2,223,3,0,0,0,product_mng,medium
13811,0.95,0.75,4,151,3,0,0,0,product_mng,medium
13812,0.53,0.66,3,191,3,0,0,0,IT,high
13813,0.59,0.5,2,162,2,0,0,0,management,high
13814,0.69,0.86,5,195,6,0,0,0,management,high
13815,0.5,0.49,4,222,3,0,0,0,management,high
13816,0.89,0.96,3,179,8,0,0,0,management,high
13817,0.56,0.39,3,106,8,0,0,0,management,high
13818,0.77,0.68,3,214,8,1,0,0,management,high
13819,0.15,0.75,3,259,8,1,0,0,marketing,high
13820,0.88,0.58,3,145,8,0,0,0,sales,low
13821,0.89,0.86,4,153,3,0,0,0,accounting,low
13822,0.65,0.52,2,117,10,1,0,0,support,low
13823,0.58,0.99,3,207,10,0,0,0,technical,low
13824,0.56,0.85,3,265,10,1,0,0,management,low
13825,0.25,0.72,5,279,8,0,0,0,marketing,low
13826,0.87,0.89,4,225,8,0,0,0,marketing,low
13827,0.62,0.4,3,158,8,1,0,0,marketing,low
13828,0.72,0.75,4,211,4,0,0,0,sales,medium
13829,0.49,0.94,4,175,3,0,0,0,sales,medium
13830,0.57,0.91,4,224,10,0,0,0,sales,medium
13831,0.63,0.65,3,190,10,0,0,0,sales,medium
13832,0.91,0.63,5,240,7,0,0,0,sales,medium
13833,0.7,0.68,5,225,7,0,0,0,sales,medium
13834,0.66,0.95,5,192,7,0,0,0,sales,medium
13835,0.77,0.48,5,262,7,0,0,0,IT,medium
13836,0.68,0.97,3,250,3,1,0,0,product_mng,medium
13837,0.34,0.46,3,155,10,0,0,0,product_mng,medium
13838,0.97,0.64,4,238,10,1,0,0,product_mng,medium
13839,0.57,0.75,4,249,10,0,0,0,product_mng,medium
13840,0.66,0.65,3,272,10,0,0,0,IT,medium
13841,0.68,0.67,4,162,10,0,0,0,management,high
13842,0.49,0.78,4,254,10,0,0,0,management,high
13843,0.72,0.66,4,184,3,0,0,0,management,high
13844,0.77,0.89,4,269,10,0,0,0,management,high
13845,0.77,0.73,3,201,10,0,0,0,management,high
13846,0.59,0.73,4,247,10,0,0,0,management,high
13847,0.41,0.67,6,221,10,0,0,0,marketing,medium
13848,0.94,0.64,5,247,10,0,0,0,sales,medium
13849,0.91,0.61,4,135,10,0,0,0,accounting,medium
13850,0.7,0.84,3,260,4,1,0,0,support,medium
13851,0.51,0.52,3,188,3,0,0,0,technical,high
13852,0.22,0.7,4,159,5,0,0,0,management,low
13853,0.69,0.65,3,153,2,0,0,0,marketing,medium
13854,0.2,0.68,5,167,7,0,0,0,marketing,medium
13855,0.9,0.85,3,158,7,0,0,0,marketing,medium
13856,0.76,0.85,3,180,7,0,0,0,sales,medium
13857,0.88,0.51,3,211,7,0,0,0,sales,medium
13858,0.31,0.63,4,104,7,1,0,0,sales,medium
13859,0.17,0.66,6,174,3,0,0,0,sales,medium
13860,0.91,0.77,3,195,7,0,0,0,sales,medium
13861,0.97,0.38,5,211,7,1,0,0,sales,medium
13862,0.61,0.77,5,232,7,0,0,0,sales,medium
13863,0.74,0.67,5,216,3,0,0,0,sales,low
13864,0.65,0.82,5,265,3,0,0,0,IT,low
13865,0.87,0.73,5,184,3,0,0,0,product_mng,low
13866,0.56,0.71,5,244,3,0,0,0,product_mng,low
13867,0.78,0.69,4,202,3,0,0,0,product_mng,low
13868,0.73,0.57,3,146,2,0,0,0,product_mng,low
13869,0.66,0.78,4,161,6,0,0,0,IT,low
13870,0.15,0.81,5,280,3,1,0,0,RandD,high
13871,0.52,0.69,5,208,8,1,0,0,RandD,low
13872,0.44,0.66,6,134,8,0,0,0,RandD,high
13873,0.7,0.7,3,162,8,0,0,0,RandD,high
13874,0.63,0.52,5,209,8,1,0,0,RandD,low
13875,0.89,0.59,3,265,8,0,0,0,RandD,low
13876,0.96,0.85,4,173,3,0,0,0,marketing,high
13877,0.98,0.99,4,261,10,1,0,0,sales,low
13878,0.62,0.82,3,204,10,0,0,0,accounting,medium
13879,0.62,0.73,3,144,10,1,0,0,support,high
13880,0.69,0.43,5,113,8,0,0,0,technical,medium
13881,0.5,0.91,4,144,8,0,0,0,management,medium
13882,0.71,0.93,5,140,8,0,0,0,marketing,medium
13883,0.5,0.68,3,245,4,0,0,0,marketing,medium
13884,0.93,0.6,3,188,3,0,0,0,marketing,high
13885,0.95,0.77,5,199,10,1,0,0,sales,medium
13886,0.17,0.61,6,154,10,1,0,0,sales,medium
13887,0.92,0.68,4,138,7,0,0,0,sales,medium
13888,0.64,0.48,3,147,7,0,0,0,sales,high
13889,0.27,0.42,6,173,7,0,0,0,sales,medium
13890,0.66,0.87,3,223,7,0,0,0,sales,high
13891,0.59,0.69,3,200,3,0,0,0,sales,low
13892,0.93,0.98,4,189,10,0,0,0,sales,medium
13893,0.58,0.67,5,133,10,0,0,0,technical,medium
13894,0.96,0.6,3,160,10,0,0,0,support,medium
13895,0.69,0.85,3,153,10,0,0,0,support,medium
13896,0.41,0.38,4,142,10,1,0,0,support,low
13897,0.36,0.41,3,167,10,0,0,0,support,low
13898,0.71,0.78,4,227,2,0,0,0,support,low
13899,0.94,0.9,4,144,4,0,0,0,support,low
13900,0.51,0.76,4,140,3,0,0,0,support,low
13901,0.83,0.48,4,220,3,1,0,0,support,low
13902,0.22,0.62,3,180,3,0,0,0,support,low
13903,0.66,0.89,4,173,4,0,0,0,support,low
13904,0.14,0.58,3,179,5,0,0,0,support,low
13905,0.16,0.96,5,137,5,1,0,0,technical,low
13906,0.81,0.78,3,165,3,0,0,0,technical,high
13907,0.73,0.94,3,177,3,0,0,0,technical,low
13908,0.7,0.58,5,168,3,0,0,0,management,low
13909,0.62,0.73,3,245,4,0,0,0,IT,low
13910,0.5,0.83,5,258,2,0,0,0,IT,low
13911,0.7,0.88,3,159,2,0,0,0,IT,high
13912,0.53,0.73,3,163,3,1,0,0,IT,low
13913,0.87,0.9,3,174,2,0,0,0,IT,low
13914,0.59,0.6,3,214,2,1,0,0,product_mng,low
13915,0.94,0.67,4,191,3,1,0,0,product_mng,high
13916,0.2,0.53,5,272,5,0,0,0,product_mng,low
13917,0.42,0.44,3,183,2,0,0,0,product_mng,medium
13918,0.43,0.66,4,135,2,0,0,0,IT,high
13919,0.43,0.76,6,154,2,0,0,0,management,high
13920,0.77,0.86,5,238,3,0,0,0,management,high
13921,0.76,0.98,2,235,3,0,0,0,management,high
13922,0.82,0.9,3,215,4,0,0,0,management,high
13923,0.75,0.66,5,234,2,0,0,0,management,high
13924,0.63,0.98,4,187,3,0,0,0,management,high
13925,0.51,0.75,3,133,3,0,0,0,sales,medium
13926,0.23,0.7,3,123,5,0,0,0,sales,medium
13927,0.77,0.58,4,202,3,0,0,0,sales,medium
13928,0.54,0.63,4,140,3,0,0,0,sales,medium
13929,0.63,0.85,4,182,3,1,0,0,sales,high
13930,0.55,0.45,3,179,2,1,0,0,sales,low
13931,0.31,0.63,3,150,3,1,0,0,sales,medium
13932,0.98,0.74,4,151,3,0,0,0,sales,medium
13933,0.16,0.95,6,117,7,0,0,0,sales,medium
13934,0.54,0.78,3,156,7,0,0,0,sales,medium
13935,0.73,0.48,3,211,7,0,0,0,sales,medium
13936,0.16,0.63,6,286,7,0,0,1,sales,medium
13937,0.57,0.82,5,233,7,0,0,1,sales,medium
13938,0.88,0.88,4,222,3,1,0,1,sales,medium
13939,0.95,0.81,4,258,7,0,0,1,sales,medium
13940,0.93,0.7,5,231,7,0,0,1,sales,high
13941,0.91,0.58,3,220,7,0,0,1,sales,low
13942,0.77,0.82,4,134,3,0,0,1,sales,low
13943,0.24,0.94,6,141,3,1,0,0,sales,low
13944,0.74,0.74,5,160,3,1,0,0,sales,high
13945,0.53,0.59,4,259,3,0,0,0,sales,low
13946,0.89,0.77,5,232,3,0,0,0,sales,low
13947,0.23,0.77,5,272,2,0,0,0,sales,low
13948,0.69,0.66,3,215,6,0,0,0,sales,high
13949,0.52,0.72,4,222,3,0,0,0,sales,low
13950,0.9,0.58,3,244,8,0,0,0,sales,low
13951,0.92,0.63,5,224,8,1,0,0,sales,low
13952,0.72,0.59,5,200,8,1,0,0,sales,low
13953,0.92,0.61,4,143,8,0,0,0,sales,low
13954,0.79,0.86,5,238,8,0,0,0,sales,low
13955,0.48,0.89,4,145,3,0,0,0,sales,low
13956,0.27,0.76,4,108,10,0,0,0,sales,medium
13957,0.67,0.49,3,247,10,0,0,0,sales,medium
13958,0.48,0.7,3,213,10,0,0,0,sales,medium
13959,0.99,0.6,4,209,8,1,0,0,IT,medium
13960,0.49,0.88,4,240,8,0,0,0,product_mng,medium
13961,0.39,0.45,3,100,8,1,0,0,product_mng,medium
13962,0.99,0.92,4,265,4,1,0,0,product_mng,medium
13963,0.78,0.57,3,209,3,0,0,0,product_mng,medium
13964,0.5,0.73,3,154,10,0,0,0,IT,medium
13965,0.61,0.79,5,230,10,0,0,0,management,high
13966,0.88,0.6,4,208,7,0,0,1,management,high
13967,0.44,0.44,2,141,7,1,0,1,management,high
13968,0.73,0.78,3,262,7,1,0,1,management,high
13969,0.58,0.84,4,206,7,0,0,1,management,high
13970,0.74,0.98,3,166,3,1,0,1,management,high
13971,0.32,0.48,4,117,10,0,0,1,marketing,medium
13972,0.88,0.83,4,273,10,0,0,0,sales,medium
13973,0.81,0.9,4,270,10,0,0,0,accounting,medium
13974,0.59,0.92,3,138,10,0,0,0,support,low
13975,0.79,0.65,3,235,10,0,0,0,technical,low
13976,0.92,0.64,4,190,10,1,0,0,management,low
13977,0.76,0.85,3,192,3,0,0,0,marketing,low
13978,0.91,0.65,5,214,3,1,0,0,marketing,low
13979,0.8,0.84,4,242,2,1,0,0,marketing,low
13980,0.73,0.72,4,233,2,0,0,0,sales,low
13981,0.88,0.53,3,218,4,0,0,0,sales,low
13982,0.65,0.4,5,125,4,0,0,0,sales,low
13983,0.84,0.5,4,178,2,0,0,0,sales,low
13984,0.93,0.5,5,272,3,0,0,0,sales,low
13985,0.64,0.6,3,265,4,0,0,0,sales,low
13986,0.66,0.72,4,271,3,0,0,0,sales,low
13987,0.76,0.56,3,179,3,1,0,0,sales,low
13988,0.34,0.72,3,118,4,0,0,0,IT,low
13989,0.48,0.8,4,196,5,0,0,0,product_mng,low
13990,0.79,0.61,4,173,2,0,0,0,product_mng,low
13991,0.82,0.67,4,156,3,0,0,0,product_mng,low
13992,0.51,0.71,2,180,3,0,0,0,product_mng,low
13993,0.84,0.78,4,263,3,0,0,0,IT,low
13994,0.66,0.79,5,134,3,0,0,0,management,high
13995,0.72,0.88,3,189,3,1,0,0,management,high
13996,0.53,0.91,4,167,4,0,0,0,management,high
13997,0.81,0.8,5,132,2,1,0,0,management,high
13998,0.58,0.9,3,209,2,0,0,0,management,high
13999,0.82,0.56,2,227,5,1,0,0,management,high
14000,0.72,0.99,4,239,3,0,0,0,marketing,medium
14001,0.9,0.54,4,172,4,0,0,0,sales,medium
14002,0.98,0.91,3,188,4,0,0,0,accounting,medium
14003,0.56,0.74,3,265,3,0,0,0,support,medium
14004,0.77,0.82,3,153,3,1,0,0,technical,medium
14005,0.61,0.89,4,242,2,0,0,0,management,medium
14006,0.97,0.61,4,262,3,1,0,1,marketing,medium
14007,0.64,0.55,3,246,2,0,0,1,marketing,high
14008,0.99,0.97,4,211,2,0,0,1,marketing,low
14009,0.61,0.42,3,145,4,0,0,1,sales,medium
14010,0.72,0.71,4,256,3,0,0,1,sales,medium
14011,0.67,0.91,2,245,2,1,0,1,sales,medium
14012,0.9,0.56,3,151,3,0,0,0,sales,medium
14013,0.9,0.73,4,245,2,0,0,0,sales,low
14014,0.63,0.61,4,171,3,0,0,0,sales,low
14015,0.64,0.88,3,252,2,0,0,0,sales,low
14016,0.44,0.65,3,175,2,0,0,0,IT,low
14017,0.64,0.94,4,210,3,0,0,0,product_mng,low
14018,0.65,0.95,2,180,2,0,0,0,product_mng,low
14019,0.69,0.9,5,103,5,0,0,0,product_mng,low
14020,0.93,0.51,4,110,3,0,0,0,product_mng,low
14021,0.73,0.9,5,184,3,0,0,0,IT,low
14022,0.83,0.6,4,161,2,0,0,0,management,high
14023,0.82,0.49,5,210,3,0,0,0,management,high
14024,0.39,0.91,2,212,2,0,0,0,management,high
14025,0.53,0.47,6,106,6,0,0,0,management,high
14026,0.88,0.81,4,179,3,0,0,0,management,high
14027,0.8,0.6,5,217,3,0,0,0,management,high
14028,0.68,0.79,4,184,3,0,0,0,marketing,low
14029,0.66,0.6,3,210,2,0,0,0,sales,low
14030,0.61,0.61,4,246,2,0,0,0,accounting,low
14031,0.74,0.55,4,262,3,0,0,0,support,low
14032,0.61,0.83,4,245,3,1,0,1,technical,low
14033,0.57,0.99,3,222,3,1,0,1,management,low
14034,0.68,0.54,4,146,4,0,0,1,marketing,medium
14035,0.75,0.79,4,263,3,0,0,1,marketing,medium
14036,0.29,0.57,5,134,2,0,0,1,marketing,medium
14037,0.81,0.81,5,250,4,0,0,1,sales,medium
14038,0.53,0.68,4,173,3,0,0,0,sales,medium
14039,0.42,0.96,6,173,3,0,0,0,sales,medium
14040,0.64,0.67,4,252,3,1,0,0,sales,medium
14041,0.63,0.5,2,230,4,0,0,0,sales,medium
14042,0.81,0.81,4,212,2,1,0,0,sales,medium
14043,0.71,0.66,5,187,2,0,0,0,sales,medium
14044,0.7,0.83,5,241,2,0,0,0,sales,medium
14045,0.53,1.0,3,164,4,0,0,0,IT,medium
14046,0.16,0.93,6,218,6,1,0,0,product_mng,high
14047,0.17,0.55,4,194,3,0,0,0,product_mng,low
14048,0.7,0.95,3,158,2,0,0,0,product_mng,medium
14049,0.43,0.88,2,149,4,0,0,0,product_mng,medium
14050,0.49,0.62,4,161,2,0,0,0,IT,medium
14051,0.5,0.9,5,226,2,0,0,0,management,high
14052,0.57,0.59,2,111,2,0,0,0,management,high
14053,0.68,0.75,4,258,3,0,0,0,management,high
14054,0.62,0.61,3,266,2,0,0,0,management,high
14055,0.69,0.75,3,253,3,0,0,0,management,high
14056,0.63,0.7,5,160,3,0,0,0,management,high
14057,0.76,0.62,5,230,3,1,0,0,marketing,low
14058,0.62,0.76,5,198,3,0,0,0,sales,low
14059,0.82,0.69,3,250,3,0,0,0,accounting,low
14060,0.2,0.7,4,225,5,0,0,0,support,low
14061,0.16,0.7,3,178,3,1,0,0,technical,low
14062,0.2,0.78,4,196,3,0,0,0,management,low
14063,0.53,0.51,4,240,2,0,0,0,marketing,low
14064,0.71,0.63,3,204,3,0,0,0,marketing,low
14065,0.7,0.93,3,250,3,0,0,0,marketing,low
14066,0.92,0.94,2,224,2,0,0,0,sales,low
14067,0.81,0.92,4,268,3,0,0,0,sales,low
14068,0.79,0.62,5,167,3,0,0,0,sales,low
14069,0.53,0.64,3,168,3,0,0,0,sales,low
14070,0.51,0.56,4,168,2,0,0,0,sales,low
14071,0.78,0.9,5,158,3,0,0,0,sales,low
14072,0.5,0.91,3,240,3,0,0,0,sales,low
14073,0.92,1.0,4,261,4,0,0,0,sales,medium
14074,0.59,0.54,4,176,2,0,0,0,technical,medium
14075,0.77,0.55,3,217,3,0,0,0,support,medium
14076,0.74,0.87,5,224,2,0,0,0,support,medium
14077,0.67,0.97,4,196,3,0,0,0,support,medium
14078,0.56,0.59,3,223,3,0,0,0,support,medium
14079,0.84,0.44,5,131,5,1,0,0,support,medium
14080,0.53,0.77,2,167,2,0,0,0,support,medium
14081,0.86,0.71,5,273,3,0,0,0,support,medium
14082,0.77,0.68,3,98,3,0,0,0,support,medium
14083,0.97,0.94,4,253,3,0,0,0,support,medium
14084,0.69,0.87,5,174,3,0,0,0,support,medium
14085,0.73,0.9,3,274,2,0,0,0,support,high
14086,0.42,0.47,6,174,5,0,0,0,technical,low
14087,0.4,0.47,5,173,5,0,0,0,technical,medium
14088,0.33,0.41,2,198,4,0,0,0,technical,medium
14089,0.68,0.66,3,238,2,0,0,0,management,medium
14090,0.78,0.8,3,256,2,0,0,0,IT,medium
14091,0.92,0.6,3,179,2,0,0,0,IT,low
14092,0.66,0.66,4,273,4,1,0,0,IT,low
14093,0.6,0.45,3,104,4,0,0,0,IT,low
14094,0.86,0.83,4,208,3,1,0,0,IT,low
14095,0.61,0.49,3,275,2,0,0,0,product_mng,low
14096,0.71,0.68,3,231,2,1,0,0,product_mng,low
14097,0.86,0.62,4,186,3,0,0,0,product_mng,low
14098,0.96,0.59,3,241,3,0,0,0,product_mng,low
14099,0.7,0.54,3,194,2,1,0,0,IT,low
14100,0.38,0.49,4,196,3,0,0,1,management,high
14101,0.39,0.75,6,185,3,0,0,1,management,high
14102,0.49,0.4,2,148,2,1,0,1,management,high
14103,0.78,0.62,4,150,3,0,0,1,management,high
14104,0.74,0.79,5,121,5,0,0,1,management,high
14105,0.82,0.76,4,266,3,0,0,1,management,high
14106,0.6,0.42,2,109,6,0,0,0,sales,low
14107,0.72,0.99,3,143,4,0,0,0,sales,low
14108,0.73,0.97,3,174,3,0,0,0,sales,low
14109,0.89,0.55,4,159,2,0,0,0,sales,medium
14110,0.74,0.94,4,157,2,0,0,0,sales,medium
14111,0.83,0.57,2,222,2,0,0,0,sales,medium
14112,0.24,0.88,5,199,5,1,0,0,sales,medium
14113,0.93,0.89,3,255,7,1,0,0,sales,medium
14114,0.96,0.62,4,253,7,0,0,0,sales,medium
14115,0.16,0.68,5,149,7,1,0,0,sales,medium
14116,0.21,0.85,6,285,7,0,0,0,sales,medium
14117,0.69,0.54,3,164,7,0,0,0,sales,medium
14118,0.66,0.96,3,243,3,1,0,0,sales,medium
14119,0.67,0.39,2,207,7,0,0,0,sales,medium
14120,0.85,0.58,4,186,7,0,0,0,sales,medium
14121,0.37,0.92,4,211,7,0,0,0,sales,high
14122,0.64,0.64,2,190,3,0,0,0,sales,low
14123,0.91,0.82,2,241,3,0,0,0,sales,medium
14124,0.96,0.68,3,206,3,0,0,0,sales,medium
14125,0.74,0.7,4,273,3,0,0,0,sales,medium
14126,0.94,0.99,2,157,3,0,0,0,sales,medium
14127,0.37,0.72,3,183,2,0,0,0,sales,low
14128,0.92,0.85,3,151,6,1,0,0,sales,low
14129,0.86,0.72,3,217,3,0,0,0,sales,low
14130,0.66,0.49,5,235,8,1,0,0,sales,low
14131,0.19,0.61,4,127,8,0,0,0,sales,low
14132,0.65,0.61,5,167,8,0,0,0,sales,low
14133,0.92,0.44,3,260,8,0,0,0,sales,low
14134,0.83,0.8,3,240,8,0,0,0,sales,low
14135,0.94,0.82,4,187,3,0,0,0,sales,low
14136,0.42,0.69,3,126,2,0,0,0,sales,low
14137,0.78,0.53,6,168,3,0,0,0,sales,low
14138,0.58,0.76,4,197,5,0,0,0,sales,low
14139,0.5,0.64,2,170,8,0,0,0,sales,low
14140,0.82,0.76,3,219,8,1,0,0,IT,low
14141,0.97,0.92,6,137,8,1,0,0,product_mng,low
14142,0.8,0.93,3,225,4,0,0,0,product_mng,low
14143,0.82,0.84,3,194,3,0,0,0,product_mng,low
14144,0.95,0.99,5,251,4,0,0,0,product_mng,low
14145,0.88,0.51,5,195,4,0,0,0,IT,low
14146,0.5,0.86,3,180,7,0,0,1,management,high
14147,0.53,0.8,2,225,7,1,0,1,management,high
14148,0.82,0.74,3,229,7,0,0,1,management,high
14149,0.15,0.74,6,144,7,0,0,1,management,high
14150,0.92,0.7,3,129,3,0,0,1,management,high
14151,0.53,0.74,3,172,10,0,0,1,management,high
14152,0.58,1.0,4,220,10,0,0,0,marketing,medium
14153,0.88,0.74,3,273,10,0,0,0,sales,medium
14154,0.85,0.72,3,245,10,0,0,0,accounting,medium
14155,0.99,0.68,5,264,10,1,0,0,support,medium
14156,0.94,0.73,3,268,10,0,0,0,technical,medium
14157,0.63,0.94,3,172,3,0,0,0,management,medium
14158,0.85,0.9,3,245,3,0,0,0,marketing,medium
14159,0.95,0.66,5,192,3,0,0,0,marketing,medium
14160,0.71,0.66,3,268,4,0,0,0,marketing,high
14161,0.49,0.88,4,244,3,0,0,0,sales,low
14162,0.71,0.69,4,222,4,0,0,0,sales,medium
14163,0.52,0.62,5,239,2,0,0,0,sales,medium
14164,0.48,0.72,3,143,4,0,0,0,sales,medium
14165,0.82,0.79,3,160,3,0,0,0,sales,medium
14166,0.83,0.76,2,255,7,0,0,0,sales,low
14167,0.85,0.87,4,152,7,0,0,0,sales,low
14168,0.57,0.64,4,226,7,0,0,0,sales,low
14169,0.16,0.63,5,266,7,0,0,0,IT,low
14170,0.85,0.64,5,256,7,0,0,0,product_mng,low
14171,0.82,0.67,3,198,3,1,0,0,product_mng,low
14172,0.9,0.89,4,254,7,0,0,0,product_mng,low
14173,0.92,0.64,2,104,7,0,0,0,product_mng,low
14174,0.9,0.48,4,136,7,0,0,0,IT,low
14175,0.82,0.8,5,205,3,0,0,0,IT,low
14176,0.84,0.81,4,236,3,1,0,0,IT,low
14177,0.92,0.65,3,176,3,0,0,0,IT,low
14178,0.82,0.82,3,148,3,0,0,0,IT,low
14179,0.8,0.8,4,146,3,1,0,0,IT,low
14180,0.6,0.85,3,242,2,0,0,0,IT,low
14181,0.14,0.38,5,115,6,1,0,0,marketing,high
14182,0.85,0.89,4,150,3,0,0,0,accounting,high
14183,0.55,0.81,3,239,8,0,0,0,accounting,high
14184,0.49,0.71,4,178,8,0,0,0,IT,medium
14185,0.82,0.58,5,263,8,0,0,0,IT,medium
14186,0.59,0.77,3,272,8,0,0,0,management,high
14187,0.9,0.82,3,133,8,0,0,0,marketing,medium
14188,0.62,0.72,3,149,3,1,0,0,marketing,medium
14189,0.61,0.68,3,193,2,0,0,0,marketing,medium
14190,0.52,0.55,5,174,3,1,0,0,sales,medium
14191,0.79,0.87,4,223,5,0,0,0,sales,medium
14192,0.49,0.89,4,201,8,0,0,0,sales,medium
14193,0.73,0.67,2,139,8,0,0,0,sales,medium
14194,0.67,0.49,5,241,8,0,0,0,sales,medium
14195,0.52,0.61,4,187,4,1,0,0,sales,medium
14196,0.72,0.64,4,192,3,0,0,0,sales,medium
14197,0.48,0.5,5,142,4,0,0,0,IT,medium
14198,0.19,0.79,4,229,4,0,0,0,product_mng,medium
14199,0.49,0.49,3,104,7,0,0,0,product_mng,high
14200,0.9,0.76,3,255,7,0,0,0,product_mng,low
14201,0.49,0.49,4,212,7,0,0,0,product_mng,medium
14202,0.6,0.53,2,235,7,0,0,0,IT,medium
14203,0.62,0.85,3,237,3,1,0,0,IT,medium
14204,0.64,0.5,4,253,10,0,0,1,management,high
14205,0.22,0.94,3,193,10,0,0,1,management,high
14206,0.9,0.55,3,259,10,1,0,1,management,high
14207,0.74,0.95,5,266,10,0,0,1,management,high
14208,0.85,0.54,3,185,10,0,0,1,management,high
14209,0.33,0.65,3,172,10,0,0,1,marketing,high
14210,0.5,0.73,4,180,3,0,0,0,IT,low
14211,0.38,0.53,2,157,3,0,1,0,sales,low
14212,0.8,0.86,5,262,6,0,1,0,sales,medium
14213,0.11,0.88,7,272,4,0,1,0,sales,medium
14214,0.72,0.87,5,223,5,0,1,0,sales,low
14215,0.37,0.52,2,159,3,0,1,0,sales,low
14216,0.41,0.5,2,153,3,0,1,0,sales,low
14217,0.1,0.77,6,247,4,0,1,0,sales,low
14218,0.92,0.85,5,259,5,0,1,0,sales,low
14219,0.89,1.0,5,224,5,0,1,0,sales,low
14220,0.42,0.53,2,142,3,0,1,0,sales,low
14221,0.45,0.54,2,135,3,0,1,0,sales,low
14222,0.11,0.81,6,305,4,0,1,0,sales,low
14223,0.84,0.92,4,234,5,0,1,0,sales,low
14224,0.41,0.55,2,148,3,0,1,0,sales,low
14225,0.36,0.56,2,137,3,0,1,0,sales,low
14226,0.38,0.54,2,143,3,0,1,0,sales,low
14227,0.45,0.47,2,160,3,0,1,0,sales,low
14228,0.78,0.99,4,255,6,0,1,0,sales,low
14229,0.45,0.51,2,160,3,1,1,1,sales,low
14230,0.76,0.89,5,262,5,0,1,0,sales,low
14231,0.11,0.83,6,282,4,0,1,0,sales,low
14232,0.38,0.55,2,147,3,0,1,0,sales,low
14233,0.09,0.95,6,304,4,0,1,0,sales,low
14234,0.46,0.57,2,139,3,0,1,0,sales,low
14235,0.4,0.53,2,158,3,0,1,0,sales,low
14236,0.89,0.92,5,242,5,0,1,0,sales,low
14237,0.82,0.87,4,239,5,0,1,0,sales,low
14238,0.4,0.49,2,135,3,0,1,0,sales,low
14239,0.41,0.46,2,128,3,0,1,0,accounting,low
14240,0.38,0.5,2,132,3,0,1,0,accounting,low
14241,0.09,0.62,6,294,4,0,1,0,accounting,low
14242,0.45,0.57,2,134,3,0,1,0,hr,low
14243,0.4,0.51,2,145,3,0,1,0,hr,low
14244,0.45,0.55,2,140,3,0,1,0,hr,low
14245,0.84,0.87,4,246,6,0,1,0,hr,low
14246,0.1,0.94,6,255,4,0,1,0,technical,low
14247,0.38,0.46,2,137,3,0,1,0,technical,low
14248,0.45,0.5,2,126,3,0,1,0,technical,low
14249,0.11,0.89,6,306,4,0,1,0,technical,low
14250,0.41,0.54,2,152,3,0,1,0,technical,low
14251,0.87,0.88,5,269,5,0,1,0,technical,low
14252,0.45,0.48,2,158,3,0,1,0,technical,low
14253,0.4,0.46,2,127,3,0,1,0,technical,low
14254,0.1,0.8,7,281,4,0,1,0,technical,low
14255,0.09,0.89,6,276,4,0,1,0,technical,low
14256,0.84,0.74,3,182,4,0,1,0,technical,low
14257,0.4,0.55,2,147,3,0,1,0,support,low
14258,0.57,0.7,3,273,6,0,1,0,support,low
14259,0.4,0.54,2,148,3,0,1,0,support,low
14260,0.43,0.47,2,147,3,0,1,0,support,low
14261,0.13,0.78,6,152,2,0,1,0,support,low
14262,0.44,0.55,2,135,3,0,1,0,support,low
14263,0.38,0.55,2,134,3,0,1,0,support,low
14264,0.39,0.54,2,132,3,0,1,0,support,low
14265,0.1,0.92,7,307,4,0,1,0,support,low
14266,0.37,0.46,2,140,3,0,1,0,support,low
14267,0.11,0.94,7,255,4,0,1,0,support,low
14268,0.1,0.81,6,309,4,0,1,0,technical,low
14269,0.38,0.54,2,128,3,0,1,0,technical,low
14270,0.85,1.0,4,225,5,0,1,0,technical,low
14271,0.85,0.91,5,226,5,0,1,0,management,medium
14272,0.11,0.93,7,308,4,0,1,0,IT,medium
14273,0.1,0.95,6,244,5,0,1,0,IT,medium
14274,0.36,0.56,2,132,3,0,1,0,IT,medium
14275,0.11,0.94,6,286,4,0,1,0,IT,medium
14276,0.81,0.7,6,161,4,0,1,0,IT,medium
14277,0.43,0.54,2,153,3,0,1,0,product_mng,medium
14278,0.9,0.98,4,264,6,0,1,0,product_mng,medium
14279,0.76,0.86,5,223,5,1,1,0,product_mng,medium
14280,0.43,0.5,2,135,3,0,1,0,product_mng,medium
14281,0.74,0.99,2,277,3,0,1,0,IT,medium
14282,0.09,0.77,5,275,4,0,1,0,product_mng,medium
14283,0.45,0.49,2,149,3,0,1,0,product_mng,high
14284,0.09,0.87,7,295,4,0,1,0,product_mng,low
14285,0.11,0.97,6,277,4,0,1,0,product_mng,medium
14286,0.11,0.79,7,306,4,0,1,0,product_mng,medium
14287,0.1,0.83,6,295,4,0,1,0,product_mng,medium
14288,0.4,0.54,2,137,3,0,1,0,marketing,medium
14289,0.43,0.56,2,157,3,0,1,0,sales,low
14290,0.39,0.56,2,142,3,0,1,0,accounting,low
14291,0.45,0.54,2,140,3,0,1,0,support,low
14292,0.38,0.49,2,151,3,0,1,0,technical,low
14293,0.79,0.59,4,139,3,0,1,1,management,low
14294,0.84,0.85,4,249,6,0,1,0,marketing,low
14295,0.11,0.77,6,291,4,0,1,0,marketing,low
14296,0.11,0.87,6,305,4,0,1,0,marketing,low
14297,0.17,0.84,5,232,3,0,1,0,sales,low
14298,0.44,0.45,2,132,3,0,1,0,sales,low
14299,0.37,0.57,2,130,3,0,1,0,sales,low
14300,0.1,0.79,6,291,4,0,1,0,sales,low
14301,0.4,0.5,2,130,3,0,1,0,sales,low
14302,0.89,1.0,5,246,5,0,1,0,sales,low
14303,0.42,0.48,2,143,3,0,1,0,sales,low
14304,0.46,0.55,2,129,3,0,1,0,sales,low
14305,0.09,0.83,6,255,4,0,1,0,sales,low
14306,0.37,0.51,2,155,3,0,1,0,sales,low
14307,0.1,0.77,6,265,4,0,1,0,sales,low
14308,0.1,0.84,6,279,4,0,1,0,sales,low
14309,0.11,0.97,6,284,4,0,1,0,sales,low
14310,0.9,1.0,5,221,6,0,1,0,sales,medium
14311,0.38,0.52,2,154,3,0,1,0,sales,medium
14312,0.36,0.52,2,147,3,0,1,0,sales,medium
14313,0.42,0.46,2,150,3,0,1,0,sales,medium
14314,0.09,0.94,7,267,4,0,1,0,sales,medium
14315,0.43,0.52,2,158,3,0,1,0,sales,medium
14316,0.24,0.46,7,224,5,0,1,0,accounting,medium
14317,0.91,1.0,4,257,5,0,1,0,accounting,medium
14318,0.44,0.5,2,148,3,0,1,0,accounting,medium
14319,0.71,0.87,3,177,4,0,1,0,hr,medium
14320,0.4,0.49,2,155,3,0,1,0,hr,medium
14321,0.43,0.47,2,144,3,0,1,0,hr,medium
14322,0.09,0.85,6,289,4,0,1,0,hr,high
14323,0.43,0.52,2,160,3,0,1,0,technical,low
14324,0.9,0.96,4,258,5,0,1,0,technical,medium
14325,0.84,1.0,5,234,5,0,1,0,technical,medium
14326,0.37,0.48,2,137,3,0,1,0,technical,medium
14327,0.86,0.68,5,263,2,0,1,0,technical,medium
14328,0.11,0.84,6,251,4,0,1,0,technical,low
14329,0.37,0.57,2,133,3,0,1,0,technical,low
14330,0.4,0.46,2,132,3,0,1,0,technical,low
14331,0.14,0.62,4,158,4,1,1,0,technical,low
14332,0.4,0.46,2,135,3,0,1,0,technical,low
14333,0.75,1.0,4,216,6,0,1,0,technical,low
14334,0.11,0.84,6,300,5,1,1,0,support,low
14335,0.46,0.49,2,138,3,0,1,0,support,low
14336,0.11,0.92,6,260,4,0,1,0,support,low
14337,0.38,0.49,2,132,3,0,1,0,support,low
14338,0.7,0.89,3,183,5,0,1,0,support,low
14339,0.09,0.82,6,250,4,0,1,0,support,low
14340,0.37,0.45,2,151,3,0,1,0,support,low
14341,0.1,0.83,6,292,4,0,1,0,support,low
14342,0.38,0.57,2,140,3,0,1,0,support,low
14343,0.9,1.0,5,221,5,0,1,0,support,low
14344,0.44,0.51,2,138,3,0,1,0,support,low
14345,0.36,0.5,2,132,3,0,1,0,technical,low
14346,0.31,0.84,7,133,5,0,1,0,technical,low
14347,0.1,0.84,6,283,4,1,1,0,technical,low
14348,0.42,0.48,2,129,3,0,1,0,management,low
14349,0.74,1.0,4,249,5,0,1,0,IT,low
14350,0.73,0.87,5,257,5,0,1,0,IT,low
14351,0.09,0.96,6,245,4,0,1,0,IT,low
14352,0.45,0.53,2,155,3,0,1,0,IT,low
14353,0.11,0.8,6,256,4,0,1,0,IT,low
14354,0.37,0.47,2,152,3,0,1,0,product_mng,low
14355,0.84,0.99,4,267,5,0,1,0,product_mng,low
14356,0.41,0.46,2,151,3,0,1,0,product_mng,low
14357,0.76,0.92,4,239,5,0,1,0,product_mng,low
14358,0.11,0.87,6,306,4,0,1,0,IT,low
14359,0.84,0.88,4,263,5,1,1,0,marketing,low
14360,0.39,0.5,2,147,3,0,1,0,marketing,low
14361,0.11,0.91,6,278,4,0,1,0,marketing,low
14362,0.45,0.56,2,154,3,0,1,0,marketing,low
14363,0.37,0.52,2,143,3,0,1,0,marketing,low
14364,0.4,0.52,2,155,3,0,1,0,marketing,low
14365,0.39,0.48,2,160,3,0,1,0,sales,low
14366,0.11,0.8,6,304,4,0,1,0,accounting,low
14367,0.83,1.0,5,240,5,0,1,0,support,low
14368,0.11,0.92,6,305,4,0,1,0,technical,low
14369,0.39,0.5,2,136,3,0,1,0,management,low
14370,0.45,0.45,2,132,3,0,1,0,marketing,low
14371,0.1,0.95,7,301,4,0,1,0,marketing,low
14372,0.9,0.98,5,243,6,0,1,0,marketing,low
14373,0.45,0.51,2,147,3,0,1,0,sales,low
14374,0.79,0.89,5,239,5,0,1,0,sales,low
14375,0.9,0.99,5,260,5,0,1,0,sales,low
14376,0.11,0.84,7,296,4,0,1,0,sales,low
14377,0.43,0.55,2,129,3,0,1,0,sales,low
14378,0.31,0.54,5,132,5,0,1,0,sales,low
14379,0.32,0.5,2,135,5,0,1,0,sales,low
14380,0.45,0.57,2,158,3,0,1,0,sales,low
14381,0.81,0.99,4,259,5,0,1,0,sales,low
14382,0.41,0.46,2,160,3,0,1,1,sales,low
14383,0.11,0.78,7,278,4,0,1,0,sales,low
14384,0.1,0.88,6,284,4,0,1,0,sales,low
14385,0.7,0.53,2,274,4,0,1,0,sales,low
14386,0.54,0.74,4,164,2,0,1,0,sales,low
14387,0.41,0.48,2,148,3,0,1,0,sales,low
14388,0.38,0.5,2,140,3,0,1,0,sales,medium
14389,0.37,0.51,2,127,3,0,1,0,sales,medium
14390,0.11,0.85,6,308,5,0,1,0,sales,medium
14391,0.4,0.47,2,146,3,0,1,0,sales,medium
14392,0.1,0.84,6,261,4,0,1,0,accounting,medium
14393,0.89,0.99,5,257,5,0,1,0,accounting,medium
14394,0.11,0.8,6,285,4,0,1,0,accounting,medium
14395,0.36,0.55,2,141,3,0,1,0,hr,medium
14396,0.4,0.46,2,127,3,0,1,0,hr,medium
14397,0.09,0.85,6,297,4,0,1,0,hr,medium
14398,0.4,0.46,2,143,3,0,1,0,hr,medium
14399,0.37,0.55,2,152,3,0,1,0,technical,medium
14400,0.44,0.51,2,156,3,0,1,0,technical,high
14401,0.09,0.8,7,283,5,0,1,0,technical,low
14402,0.92,0.87,4,226,6,1,1,0,technical,medium
14403,0.74,0.91,4,232,5,0,1,0,technical,medium
14404,0.09,0.82,6,249,4,0,1,0,technical,medium
14405,0.89,0.95,4,275,5,0,1,0,technical,medium
14406,0.09,0.8,6,304,4,0,1,0,technical,low
14407,0.27,0.54,7,278,3,0,1,0,technical,low
14408,0.1,0.91,6,287,4,0,1,0,technical,low
14409,0.1,0.89,7,285,4,0,1,0,technical,low
14410,0.77,0.94,5,226,6,0,1,0,support,low
14411,0.9,0.82,5,259,5,0,1,0,support,low
14412,0.39,0.5,2,135,3,0,1,0,support,low
14413,0.76,1.0,5,219,5,0,1,0,support,low
14414,0.1,0.93,6,256,4,0,1,0,support,low
14415,0.87,0.9,5,254,6,0,1,0,support,low
14416,0.38,0.5,2,153,3,0,1,0,support,low
14417,0.77,0.99,5,228,5,0,1,0,support,low
14418,0.78,0.87,4,228,5,0,1,0,support,low
14419,0.44,0.5,2,128,3,0,1,0,support,low
14420,0.38,0.52,2,153,3,0,1,0,support,low
14421,0.43,0.46,2,156,3,0,1,0,technical,low
14422,0.39,0.5,4,294,3,0,1,0,technical,low
14423,0.88,1.0,5,219,5,0,1,0,technical,low
14424,0.45,0.46,2,153,3,0,1,0,management,low
14425,0.4,0.53,2,151,3,0,1,0,IT,low
14426,0.36,0.51,2,155,3,0,1,0,IT,low
14427,0.36,0.48,2,158,3,0,1,0,IT,low
14428,0.9,0.98,5,245,5,0,1,0,IT,low
14429,0.43,0.53,2,131,3,0,1,0,IT,low
14430,0.89,0.87,5,225,5,0,1,0,product_mng,low
14431,0.1,0.84,6,286,4,0,1,0,product_mng,low
14432,0.37,0.5,2,135,3,0,1,0,product_mng,low
14433,0.37,0.51,2,153,3,0,1,0,product_mng,low
14434,0.87,0.9,5,252,5,0,1,0,IT,low
14435,0.4,0.56,2,149,3,0,1,0,accounting,low
14436,0.9,0.97,4,258,5,0,1,0,accounting,low
14437,0.37,0.46,2,158,3,0,1,0,hr,low
14438,0.44,0.54,2,149,3,0,1,0,hr,low
14439,0.85,0.95,5,236,5,0,1,0,hr,low
14440,0.78,0.98,5,239,6,0,1,0,marketing,low
14441,0.42,0.47,2,159,3,0,1,0,marketing,low
14442,0.92,0.99,5,255,6,0,1,0,sales,low
14443,0.11,0.83,6,244,4,0,1,0,accounting,low
14444,0.42,0.56,2,134,3,0,1,0,support,low
14445,0.48,0.57,4,270,4,0,1,0,technical,low
14446,0.83,0.85,4,255,5,0,1,0,management,low
14447,0.4,0.53,2,151,3,0,1,0,marketing,low
14448,0.43,0.45,2,135,3,0,1,0,marketing,low
14449,0.43,0.53,2,146,3,0,1,0,marketing,low
14450,0.1,0.97,7,254,4,0,1,0,sales,low
14451,0.1,0.87,7,289,4,0,1,0,sales,low
14452,0.37,0.46,2,156,3,0,1,0,sales,low
14453,0.38,0.53,2,156,3,0,1,0,sales,low
14454,0.4,0.5,2,128,3,0,1,0,sales,low
14455,0.89,0.86,5,275,5,0,1,0,sales,low
14456,0.45,0.46,2,155,3,0,1,0,sales,low
14457,0.37,0.48,2,159,3,0,1,0,sales,low
14458,0.46,0.49,2,148,3,0,1,0,sales,low
14459,0.87,0.91,4,228,5,0,1,0,sales,low
14460,0.11,0.84,6,298,4,0,1,0,sales,low
14461,0.79,0.87,5,261,5,0,1,0,sales,low
14462,0.79,0.92,5,254,6,0,1,0,sales,low
14463,0.19,0.59,7,192,3,0,1,0,sales,low
14464,0.87,0.98,4,248,5,0,1,0,sales,low
14465,0.6,0.92,2,258,5,0,1,0,sales,low
14466,0.44,0.45,2,156,3,0,1,0,sales,medium
14467,0.11,0.81,6,266,4,1,1,0,sales,medium
14468,0.42,0.54,2,156,3,0,1,0,sales,medium
14469,0.88,0.88,5,232,5,1,1,0,accounting,medium
14470,0.11,0.84,6,287,4,0,1,0,accounting,medium
14471,0.46,0.46,2,154,3,0,1,0,accounting,medium
14472,0.82,0.97,5,263,5,0,1,0,hr,medium
14473,0.44,0.56,2,131,3,0,1,0,hr,medium
14474,0.11,0.78,6,260,4,0,1,0,hr,medium
14475,0.42,0.5,2,139,3,0,1,0,hr,medium
14476,0.84,0.93,4,251,5,0,1,0,technical,medium
14477,0.11,0.95,6,286,4,0,1,0,technical,medium
14478,0.45,0.53,2,129,3,0,1,0,technical,high
14479,0.38,0.56,2,156,3,0,1,0,technical,low
14480,0.38,0.86,6,139,6,0,1,0,technical,medium
14481,0.44,0.51,2,127,3,0,1,0,technical,medium
14482,0.11,0.84,6,251,4,0,1,0,technical,medium
14483,0.81,0.93,5,270,5,0,1,0,technical,medium
14484,0.09,0.96,6,296,4,0,1,0,technical,low
14485,0.11,0.9,6,254,4,0,1,0,technical,low
14486,0.81,0.95,5,238,6,0,1,0,technical,low
14487,0.1,0.97,6,267,4,1,1,0,support,low
14488,0.74,0.89,5,229,6,0,1,0,support,low
14489,0.09,0.78,6,254,4,0,1,0,support,low
14490,0.82,0.81,4,233,4,1,1,0,support,low
14491,0.1,0.98,6,268,4,0,1,0,support,low
14492,0.27,0.56,3,301,3,0,1,0,support,low
14493,0.83,0.92,5,267,6,0,1,0,support,low
14494,0.1,0.93,6,289,4,1,1,0,support,low
14495,0.38,0.47,2,144,3,0,1,0,support,low
14496,0.4,0.56,2,148,3,0,1,0,support,low
14497,0.11,0.83,6,306,4,0,1,0,support,low
14498,0.11,0.79,6,292,4,0,1,1,technical,low
14499,0.82,0.91,5,232,5,0,1,0,technical,low
14500,0.36,0.48,2,137,3,0,1,0,technical,low
14501,0.4,0.46,2,128,3,0,1,0,management,low
14502,0.87,0.84,5,231,5,0,1,0,IT,low
14503,0.41,0.49,2,146,3,0,1,0,IT,low
14504,0.11,0.91,6,308,4,1,1,0,IT,low
14505,0.1,0.93,6,253,4,0,1,0,IT,medium
14506,0.38,0.51,2,146,3,0,1,0,IT,medium
14507,0.39,0.55,2,156,3,0,1,0,product_mng,medium
14508,0.4,0.52,2,147,3,0,1,0,product_mng,medium
14509,0.45,0.48,2,136,3,0,1,0,product_mng,medium
14510,0.74,0.84,5,249,5,0,1,0,product_mng,medium
14511,0.45,0.55,2,151,3,0,1,0,IT,medium
14512,0.12,1.0,3,278,4,0,1,0,RandD,medium
14513,0.1,0.77,7,250,5,0,1,0,RandD,medium
14514,0.37,0.55,2,127,3,0,1,0,RandD,medium
14515,0.89,0.87,5,255,5,0,1,0,RandD,medium
14516,0.45,0.47,2,135,3,0,1,0,RandD,medium
14517,0.37,0.46,2,149,3,0,1,0,marketing,high
14518,0.11,0.81,5,287,4,0,1,0,sales,low
14519,0.41,0.48,2,145,3,0,1,0,accounting,medium
14520,0.1,0.94,6,285,4,0,1,0,support,medium
14521,0.1,0.93,7,305,4,0,1,0,technical,medium
14522,0.11,0.95,7,300,4,0,1,0,management,medium
14523,0.4,0.54,2,139,3,0,1,0,marketing,low
14524,0.41,0.49,2,130,3,0,1,0,marketing,low
14525,0.1,0.81,6,268,4,0,1,0,marketing,low
14526,0.73,0.86,4,245,6,0,1,0,sales,low
14527,0.43,0.47,2,135,3,0,1,0,sales,low
14528,0.37,0.46,2,153,3,0,1,0,sales,low
14529,0.11,0.94,6,276,4,0,1,0,sales,low
14530,0.4,0.46,2,130,3,0,1,0,sales,low
14531,0.41,0.54,2,153,3,1,1,0,sales,low
14532,0.82,0.84,5,244,5,0,1,0,sales,low
14533,0.61,0.47,2,253,3,0,1,0,sales,low
14534,0.11,0.91,7,287,4,0,1,0,sales,low
14535,0.37,0.45,2,131,3,0,1,0,sales,low
14536,0.41,0.52,2,135,3,0,1,0,sales,low
14537,0.37,0.52,2,157,3,0,1,0,sales,low
14538,0.88,0.99,5,262,6,0,1,0,sales,low
14539,0.1,0.85,6,266,4,0,1,0,sales,low
14540,0.44,0.48,2,148,3,0,1,0,sales,low
14541,0.38,0.57,2,140,3,0,1,0,sales,low
14542,0.11,0.85,7,302,4,0,1,0,sales,low
14543,0.09,0.98,6,271,4,0,1,0,sales,low
14544,0.45,0.52,2,145,3,0,1,0,sales,medium
14545,0.1,0.81,6,290,4,0,1,0,accounting,medium
14546,0.45,0.47,2,151,3,0,1,0,accounting,medium
14547,0.77,0.87,5,266,5,0,1,0,accounting,medium
14548,0.44,0.51,2,140,3,0,1,0,hr,medium
14549,0.39,0.5,2,142,3,0,1,0,hr,medium
14550,0.1,0.91,6,246,4,0,1,0,hr,medium
14551,0.09,0.89,7,308,5,0,1,0,hr,medium
14552,0.37,0.47,2,141,3,0,1,0,technical,medium
14553,0.9,1.0,5,232,5,0,1,0,technical,medium
14554,0.41,0.56,2,143,3,0,1,0,technical,medium
14555,0.37,0.52,2,155,3,0,1,0,technical,medium
14556,0.1,0.86,6,278,4,0,1,0,technical,high
14557,0.81,1.0,4,253,5,0,1,0,technical,low
14558,0.11,0.8,6,282,4,0,1,0,technical,medium
14559,0.11,0.84,7,264,4,0,1,0,technical,medium
14560,0.4,0.46,2,149,3,0,1,0,technical,medium
14561,0.09,0.8,6,304,5,0,1,0,technical,medium
14562,0.48,0.93,3,219,6,0,1,0,technical,low
14563,0.91,0.91,4,262,6,0,1,0,support,low
14564,0.43,0.57,2,135,3,0,1,0,support,low
14565,0.33,0.88,6,219,5,0,1,0,support,low
14566,0.41,0.57,2,136,3,0,1,0,support,low
14567,0.41,0.55,2,154,3,0,1,0,support,low
14568,0.37,0.54,2,149,3,0,1,0,support,low
14569,0.31,0.62,6,135,5,0,1,0,support,low
14570,0.09,0.91,6,275,4,0,1,0,support,low
14571,0.1,0.87,6,290,4,0,1,0,support,low
14572,0.76,0.9,4,263,5,0,1,0,support,low
14573,0.41,0.54,2,145,3,0,1,0,support,low
14574,0.72,0.96,5,267,5,0,1,0,technical,low
14575,0.4,0.5,2,141,3,1,1,0,technical,low
14576,0.91,0.87,4,235,5,0,1,0,technical,low
14577,0.1,0.83,6,258,4,0,1,0,management,low
14578,0.4,0.56,2,131,3,0,1,0,IT,low
14579,0.82,0.86,5,243,5,0,1,0,IT,low
14580,0.1,0.82,6,266,4,0,1,0,IT,low
14581,0.37,0.45,2,142,3,0,1,0,IT,low
14582,0.36,0.51,2,135,3,0,1,0,IT,low
14583,0.39,0.48,2,141,3,0,1,0,product_mng,medium
14584,0.36,0.57,2,142,3,0,1,0,product_mng,medium
14585,0.86,0.84,5,254,5,0,1,0,product_mng,medium
14586,0.73,0.99,5,262,5,0,1,0,product_mng,medium
14587,0.56,0.71,4,296,2,0,1,0,IT,medium
14588,0.44,0.56,2,158,3,0,1,0,accounting,medium
14589,0.31,0.56,4,238,2,0,1,0,accounting,medium
14590,0.77,0.93,4,231,5,0,1,0,hr,medium
14591,0.44,0.45,2,156,3,0,1,0,hr,medium
14592,0.38,0.46,2,145,3,0,1,0,hr,medium
14593,0.45,0.48,2,144,3,0,1,0,marketing,medium
14594,0.38,0.51,2,159,3,0,1,0,sales,medium
14595,0.36,0.48,2,156,3,0,1,0,accounting,high
14596,0.75,0.9,5,256,5,0,1,0,support,low
14597,0.1,0.93,6,298,4,0,1,0,technical,medium
14598,0.1,0.97,6,247,4,0,1,0,management,medium
14599,0.45,0.5,2,157,3,0,1,0,marketing,medium
14600,0.42,0.57,2,154,3,1,1,0,marketing,medium
14601,0.78,1.0,4,253,5,0,1,0,marketing,low
14602,0.45,0.55,2,148,3,0,1,0,sales,low
14603,0.84,1.0,4,261,5,0,1,0,sales,low
14604,0.11,0.93,6,282,4,0,1,0,sales,low
14605,0.42,0.56,2,133,3,0,1,0,sales,low
14606,0.45,0.46,2,128,3,0,1,0,sales,low
14607,0.46,0.57,2,139,3,0,1,0,sales,low
14608,0.09,0.79,6,293,5,0,1,0,sales,low
14609,0.87,0.83,4,265,6,0,1,0,sales,low
14610,0.1,0.87,6,250,4,0,1,0,sales,low
14611,0.91,1.0,5,251,6,0,1,0,sales,low
14612,0.76,0.92,4,246,5,0,1,0,sales,low
14613,0.74,1.0,5,275,5,0,1,0,sales,low
14614,0.92,0.93,5,240,5,0,1,0,sales,low
14615,0.76,0.87,5,245,5,0,1,0,sales,low
14616,0.47,0.5,4,254,4,0,1,0,sales,low
14617,0.73,0.99,5,241,5,0,1,0,sales,low
14618,0.09,0.94,6,257,4,0,1,0,sales,low
14619,0.91,0.92,4,246,5,0,1,0,sales,low
14620,0.82,0.98,4,233,5,0,1,0,sales,low
14621,0.28,0.45,6,218,4,0,1,0,accounting,low
14622,0.84,0.99,4,262,6,0,1,0,accounting,medium
14623,0.45,0.53,2,138,3,0,1,0,accounting,medium
14624,0.45,0.54,2,142,3,0,1,0,hr,medium
14625,0.91,0.97,5,233,5,0,1,0,hr,medium
14626,0.42,0.48,2,155,3,0,1,0,hr,medium
14627,0.82,1.0,4,229,6,0,1,0,hr,medium
14628,0.11,0.9,6,264,4,0,1,0,technical,medium
14629,0.42,0.53,3,199,4,0,1,0,technical,medium
14630,0.82,0.85,4,223,5,0,1,0,technical,medium
14631,0.09,0.96,6,268,4,0,1,0,technical,medium
14632,0.1,0.94,6,287,4,0,1,0,technical,medium
14633,0.86,1.0,5,257,5,0,1,0,technical,medium
14634,0.4,0.46,2,143,3,0,1,0,technical,high
14635,0.45,0.46,2,130,3,0,1,0,technical,low
14636,0.42,0.51,2,136,3,0,1,0,technical,medium
14637,0.74,0.92,4,261,5,0,1,0,technical,medium
14638,0.55,0.6,3,180,4,0,1,0,technical,medium
14639,0.37,0.45,2,126,3,0,1,0,support,medium
14640,0.41,0.52,2,127,3,1,1,0,support,low
14641,0.89,0.65,5,195,6,0,1,0,support,low
14642,0.41,0.57,2,160,3,0,1,0,support,low
14643,0.44,0.51,2,150,3,0,1,0,support,low
14644,0.87,0.84,4,264,6,0,1,0,support,low
14645,,0.84,6,309,4,0,1,0,support,low
14646,,0.47,2,135,3,0,1,0,support,low
14647,,0.85,6,261,4,0,1,0,support,low
14648,,0.53,2,160,3,0,1,0,support,low
14649,,0.9,4,237,5,0,1,0,support,low
14650,,0.52,2,136,3,0,1,0,technical,low
14651,,0.48,2,139,3,0,1,0,technical,low
14652,,0.78,2,151,4,0,1,0,technical,low
14653,,1.0,5,229,5,0,1,0,management,low
14654,,0.98,5,245,5,0,1,0,IT,low
14655,,0.54,2,127,3,0,1,0,IT,low
14656,,0.94,6,283,5,0,1,0,IT,low
14657,,0.46,2,143,3,0,1,0,IT,low
14658,,0.84,5,298,4,0,1,0,IT,low
14659,,0.48,2,159,3,0,1,0,product_mng,low
14660,,0.92,5,239,5,0,1,0,product_mng,low
14661,,0.9,4,226,5,0,1,0,product_mng,medium
14662,,0.98,5,248,5,0,1,0,product_mng,medium
14663,,0.87,6,286,4,0,1,0,IT,medium
14664,,0.54,2,145,3,0,1,0,RandD,medium
14665,,0.97,7,254,4,1,1,0,RandD,medium
14666,,0.53,2,127,3,0,1,0,RandD,medium
14667,,0.93,5,223,5,0,1,0,RandD,medium
14668,,1.0,4,255,5,0,1,0,RandD,medium
14669,,0.48,2,136,3,0,1,0,marketing,medium
14670,,0.48,2,137,3,0,1,0,sales,medium
14671,,0.49,2,135,3,0,1,0,accounting,medium
14672,,0.5,2,137,3,0,1,0,support,medium
14673,,0.53,3,255,5,0,1,0,technical,high
14674,,0.85,4,273,5,0,1,0,management,low
14675,,0.98,5,234,5,0,1,0,marketing,medium
14676,,0.54,2,152,3,0,1,0,marketing,medium
14677,,0.48,2,134,3,0,1,0,marketing,medium
14678,,0.95,6,292,4,0,1,0,sales,medium
14679,,0.92,5,245,5,0,1,0,sales,low
14680,,0.52,2,159,3,0,1,0,sales,low
14681,,0.85,6,260,4,0,1,0,sales,low
14682,,0.53,2,149,3,0,1,0,sales,low
14683,,0.85,5,266,5,0,1,0,sales,low
14684,,0.56,2,149,3,0,1,0,sales,low
14685,,1.0,5,242,5,0,1,0,sales,low
14686,,0.57,2,134,3,0,1,0,sales,low
14687,,0.87,5,271,4,0,1,0,sales,low
14688,,0.79,6,275,4,0,1,0,sales,low
14689,,0.83,5,227,5,0,1,0,sales,low
14690,,0.96,7,277,5,0,1,0,sales,low
14691,,0.49,2,151,3,0,1,0,sales,low
14692,,0.79,6,274,4,0,1,0,sales,low
14693,,0.87,4,242,6,0,1,0,sales,low
14694,,0.54,2,143,3,1,1,0,sales,low
14695,,0.52,2,145,3,0,1,0,sales,low
14696,,0.95,5,172,2,0,1,0,sales,low
14697,,0.49,2,135,3,0,1,0,accounting,low
14698,,1.0,4,192,4,0,1,0,accounting,low
14699,,0.83,7,276,4,0,1,0,accounting,low
14700,,0.88,4,206,4,0,1,0,hr,medium
14701,,0.56,4,281,6,0,1,0,hr,medium
14702,,0.51,2,151,3,0,1,0,hr,medium
14703,,0.83,6,244,4,0,1,0,hr,medium
14704,,0.94,6,309,4,0,1,0,technical,medium
14705,,1.0,5,218,5,0,1,0,technical,medium
14706,,0.99,4,263,6,0,1,0,technical,medium
14707,,0.82,6,244,4,0,1,0,technical,medium
14708,,0.49,7,263,4,0,1,0,technical,medium
14709,,0.48,2,143,3,0,1,0,technical,medium
14710,,0.95,2,181,5,0,1,0,technical,medium
14711,,0.84,5,265,5,0,1,0,technical,medium
14712,,0.57,5,161,5,0,1,0,technical,high
14713,,0.87,7,282,5,0,1,0,technical,low
14714,,0.51,2,155,3,0,1,0,technical,medium
14715,,0.83,4,217,6,0,1,0,support,medium
14716,,0.97,6,289,5,0,1,0,support,medium
14717,,0.98,4,259,5,0,1,0,support,medium
14718,,0.54,2,158,3,0,1,0,support,low
14719,,0.55,2,158,3,0,1,0,support,low
14720,,0.57,2,155,3,0,1,0,support,low
14721,,0.48,2,146,3,0,1,0,support,low
14722,,0.85,2,164,5,0,1,0,support,low
14723,,0.96,6,259,4,0,1,0,support,low
14724,,0.89,6,293,4,0,1,0,support,low
14725,,0.96,5,275,5,0,1,0,support,low
14726,,1.0,5,219,6,1,1,0,technical,low
14727,,0.89,6,247,4,0,1,0,technical,low
14728,,0.86,7,309,4,0,1,0,technical,low
14729,,0.54,2,151,3,0,1,0,management,low
14730,,0.51,2,129,3,0,1,0,IT,low
14731,,0.94,4,274,5,0,1,0,IT,low
14732,,0.99,4,233,5,0,1,0,IT,low
14733,,0.95,7,289,4,0,1,0,IT,low
14734,,0.82,4,239,6,0,1,0,IT,low
14735,,0.99,5,221,5,0,1,0,product_mng,low
14736,,0.56,2,150,3,0,1,0,product_mng,low
14737,,0.45,2,144,3,1,1,0,product_mng,low
14738,,0.9,7,289,4,0,1,0,product_mng,low
14739,,0.8,6,301,5,0,1,0,IT,medium
14740,,0.57,2,145,3,0,1,0,accounting,medium
14741,,0.56,2,137,3,0,1,0,accounting,medium
14742,,0.54,2,131,3,1,1,0,hr,medium
14743,,0.84,6,246,4,0,1,0,hr,medium
14744,,0.51,2,136,3,0,1,0,hr,medium
14745,,0.85,5,240,6,1,1,0,marketing,medium
14746,,0.56,2,156,3,0,1,0,sales,medium
14747,,0.85,6,305,4,0,1,0,accounting,medium
14748,,0.45,2,154,3,1,1,0,support,medium
14749,,1.0,5,261,5,1,1,0,technical,medium
14750,,0.94,7,244,4,0,1,0,management,medium
14751,,0.54,2,129,3,0,1,0,marketing,high
14752,,0.87,4,254,5,0,1,0,marketing,low
14753,,0.91,5,236,5,0,1,0,marketing,medium
14754,,0.92,5,237,5,0,1,0,sales,medium
14755,,0.49,2,135,3,0,1,0,sales,medium
14756,,1.0,5,236,5,0,1,0,sales,medium
14757,,0.47,2,149,3,0,1,0,sales,low
14758,,0.5,2,141,3,0,1,0,sales,low
14759,,0.82,4,270,5,0,1,0,sales,low
14760,,0.47,2,138,3,0,1,0,sales,low
14761,,0.96,6,298,4,0,1,0,sales,low
14762,,0.99,5,254,5,0,1,0,sales,low
14763,,0.85,5,248,5,0,1,0,sales,low
14764,,1.0,5,257,6,0,1,0,sales,low
14765,,0.53,2,150,3,0,1,0,sales,low
14766,,0.9,7,281,4,0,1,0,sales,low
14767,,0.48,2,141,3,1,1,0,sales,low
14768,,0.57,2,157,3,0,1,0,sales,low
14769,,0.55,2,136,3,0,1,0,sales,low
14770,,0.8,7,296,4,0,1,0,sales,low
14771,,0.86,6,279,4,0,1,0,sales,low
14772,,0.53,2,131,3,0,1,0,sales,low
14773,,0.57,2,160,3,0,1,0,accounting,low
14774,,0.77,7,291,4,0,1,0,accounting,low
14775,,0.53,2,157,3,0,1,0,accounting,low
14776,,0.58,3,294,4,0,1,0,hr,low
14777,,0.79,7,310,4,0,1,0,hr,low
14778,,0.97,6,282,4,0,1,0,hr,medium
14779,,0.51,2,134,3,0,1,0,hr,medium
14780,,0.46,4,214,4,0,1,0,technical,medium
14781,,0.52,2,137,3,0,1,0,technical,medium
14782,,1.0,4,252,5,0,1,0,technical,medium
14783,,0.97,5,243,6,0,1,0,technical,medium
14784,,0.47,2,148,3,0,1,0,technical,medium
14785,,0.49,2,151,3,0,1,0,technical,medium
14786,,0.49,2,129,3,0,1,0,technical,medium
14787,,0.78,2,198,2,0,1,0,technical,medium
14788,,0.72,4,275,6,0,1,0,technical,medium
14789,,0.96,5,243,5,0,1,0,technical,medium
14790,,0.55,2,159,3,0,1,0,technical,high
14791,,0.51,2,145,3,0,1,0,support,low
14792,,0.88,5,242,5,0,1,0,support,medium
14793,,0.87,5,242,5,0,1,0,support,medium
14794,,0.56,2,145,3,0,1,0,support,medium
14795,,0.56,2,154,3,0,1,1,support,medium
14796,,0.51,2,139,3,0,1,0,support,low
14797,,0.57,2,152,3,0,1,0,support,low
14798,,0.83,2,211,3,0,1,0,support,low
14799,,0.9,5,258,5,0,1,0,support,low
14800,,0.54,2,155,3,0,1,0,support,low
14801,,0.55,2,148,3,0,1,0,support,low
14802,,0.67,2,255,3,0,1,0,technical,low
14803,,0.8,6,264,4,0,1,0,technical,low
14804,,0.54,2,132,3,0,1,0,technical,low
14805,,0.77,6,255,4,0,1,0,management,low
14806,,0.87,5,263,4,0,1,0,IT,low
14807,,0.84,5,222,5,0,1,0,IT,low
14808,,0.9,6,263,4,0,1,0,IT,low
14809,,0.46,2,157,3,0,1,0,IT,low
14810,,0.92,7,307,4,0,1,0,IT,low
14811,,0.98,5,259,6,0,1,0,product_mng,low
14812,,0.94,5,222,6,0,1,0,product_mng,low
14813,,0.84,7,250,4,0,1,0,product_mng,low
14814,,0.9,5,245,5,0,1,0,product_mng,low
14815,,0.79,6,292,4,0,1,0,IT,low
14816,,0.92,5,252,5,0,1,0,RandD,low
14817,,0.56,2,161,3,0,1,0,RandD,medium
14818,,0.88,5,250,4,0,1,0,RandD,medium
14819,,0.49,2,134,3,0,1,0,RandD,medium
14820,,0.85,7,279,4,0,1,0,RandD,medium
14821,,0.95,7,256,4,0,1,0,marketing,medium
14822,,0.53,2,127,3,0,1,0,sales,medium
14823,,0.47,2,138,3,1,1,0,accounting,medium
14824,,0.97,5,243,5,0,1,0,support,medium
14825,,0.9,7,296,4,0,1,0,technical,medium
14826,,0.88,7,267,4,0,1,0,management,medium
14827,,0.49,2,144,3,0,1,0,marketing,medium
14828,,0.95,4,251,5,0,1,0,marketing,medium
14829,,0.57,2,148,3,0,1,0,marketing,high
14830,,0.51,2,141,3,0,1,0,sales,low
14831,,0.75,3,268,2,0,1,0,sales,medium
14832,,0.86,6,247,4,0,1,0,sales,medium
14833,,0.55,2,247,4,0,1,0,sales,medium
14834,,0.52,2,146,3,0,1,0,sales,medium
14835,,0.5,2,140,3,0,1,0,sales,low
14836,,0.98,5,263,6,0,1,0,sales,low
14837,,0.49,2,145,3,0,1,0,sales,low
14838,,0.46,2,156,3,1,1,0,sales,low
14839,,0.85,5,244,6,0,1,0,sales,low
14840,,0.54,2,144,3,0,1,0,sales,low
14841,,0.9,7,286,4,0,1,0,sales,low
14842,,0.67,4,141,2,0,1,0,sales,low
14843,,0.89,6,260,5,0,1,0,sales,low
14844,,0.56,2,154,3,0,1,0,sales,low
14845,,0.92,5,225,5,0,1,0,sales,low
14846,,0.57,2,127,3,0,1,0,sales,low
14847,,0.53,2,140,3,0,1,0,sales,low
14848,,0.52,2,147,3,0,1,0,sales,low
14849,,0.83,4,227,5,0,1,0,accounting,low
14850,,0.48,2,153,3,0,1,0,accounting,low
14851,,0.52,2,128,3,0,1,0,accounting,low
14852,,0.97,4,228,5,0,1,0,hr,low
14853,,0.97,5,235,5,0,1,0,hr,low
14854,,0.47,2,148,3,0,1,0,hr,low
14855,,0.62,4,238,3,0,1,0,hr,low
14856,,0.54,2,141,3,0,1,0,technical,medium
14857,,0.83,5,249,4,0,1,0,technical,medium
14858,,0.5,2,151,3,0,1,0,technical,medium
14859,,0.54,2,129,3,0,1,0,technical,medium
14860,,0.5,2,156,3,0,1,0,technical,medium
14861,,0.45,2,134,3,0,1,0,technical,medium
14862,,0.88,6,269,4,0,1,0,technical,medium
14863,,0.77,6,290,4,0,1,0,technical,medium
14864,,0.51,2,132,3,0,1,0,technical,medium
14865,,0.89,7,308,4,0,1,0,technical,medium
14866,,1.0,4,232,5,0,1,0,technical,medium
14867,,0.86,5,235,5,0,1,0,support,medium
14868,,0.55,2,130,3,0,1,0,support,high
14869,,0.53,2,146,3,0,1,0,support,low
14870,,0.91,5,221,6,0,1,0,support,medium
14871,,0.5,2,130,3,0,1,0,support,medium
14872,0.39,,2,136,3,0,1,0,support,medium
14873,0.1,,6,275,4,0,1,0,management,low
14874,0.1,,6,299,4,0,1,0,marketing,low
14875,0.36,,2,147,3,0,1,0,marketing,low
14876,0.1,,7,306,4,0,1,0,marketing,low
14877,0.84,,5,242,5,0,1,0,sales,low
14878,0.38,,2,159,3,0,1,0,sales,low
14879,0.41,,2,147,3,0,1,0,sales,low
14880,0.37,,2,154,3,1,1,0,sales,low
14881,0.43,,2,129,3,0,1,0,sales,low
14882,0.46,,2,161,3,0,1,0,sales,low
14883,0.09,,6,269,4,0,1,0,sales,low
14884,0.78,,5,274,5,0,1,0,sales,low
14885,0.45,,2,159,3,0,1,0,sales,low
14886,0.42,,2,135,3,0,1,0,sales,low
14887,0.46,,2,147,3,0,1,0,sales,low
14888,0.39,,2,142,3,0,1,0,sales,low
14889,0.36,,2,130,3,0,1,0,sales,low
14890,0.43,,2,147,3,0,1,0,sales,medium
14891,0.85,,5,246,5,1,1,0,sales,medium
14892,0.11,,6,281,4,0,1,0,sales,medium
14893,0.11,,6,253,4,0,1,0,sales,medium
14894,0.38,,2,128,3,0,1,0,sales,medium
14895,0.43,,2,129,3,0,1,0,sales,medium
14896,0.75,,5,223,6,0,1,0,accounting,medium
14897,0.11,,6,269,4,0,1,0,accounting,medium
14898,0.1,,7,269,4,0,1,0,accounting,medium
14899,0.1,,7,244,5,0,1,0,hr,medium
14900,0.37,,2,154,3,0,1,0,hr,medium
14901,0.11,,5,140,5,0,1,0,hr,medium
14902,0.45,,2,159,3,0,1,0,hr,high
14903,0.44,,2,158,3,0,1,0,technical,low
14904,0.44,,2,133,3,0,1,0,technical,medium
14905,0.11,,6,247,4,0,1,0,technical,medium
14906,0.79,,5,268,5,0,1,0,technical,medium
14907,0.8,,5,267,5,0,1,0,technical,medium
14908,0.1,,7,251,5,0,1,0,technical,low
14909,0.09,,6,279,4,0,1,0,technical,low
14910,0.7,,6,161,4,0,1,0,technical,low
14911,0.72,,4,256,5,0,1,0,technical,low
14912,0.11,,6,304,4,0,1,0,technical,low
14913,0.39,,2,137,3,0,1,0,technical,low
14914,0.4,,2,144,3,0,1,0,support,low
14915,0.43,,2,142,3,0,1,0,support,low
14916,0.76,,5,262,5,0,1,0,support,low
14917,0.4,,2,142,3,0,1,0,support,low
14918,0.09,,6,282,4,0,1,0,support,low
14919,0.37,,2,157,3,0,1,0,support,low
14920,0.87,,5,228,5,0,1,0,support,low
14921,0.1,,6,283,4,0,1,0,support,low
14922,0.11,,6,286,4,0,1,0,support,low
14923,0.43,,2,148,3,0,1,0,support,low
14924,0.1,,6,245,4,0,1,0,support,low
14925,0.11,,6,279,4,0,1,0,technical,low
14926,0.85,,5,245,5,0,1,0,technical,low
14927,0.37,,2,138,3,0,1,0,technical,low
14928,0.44,,2,141,3,0,1,0,management,low
14929,0.1,,7,302,5,0,1,0,IT,medium
14930,0.11,,6,268,4,0,1,0,IT,medium
14931,0.87,,5,240,5,0,1,0,IT,medium
14932,0.39,,2,127,3,0,1,0,IT,medium
14933,0.1,,7,264,4,0,1,0,IT,medium
14934,0.44,,2,155,3,0,1,0,product_mng,medium
14935,0.4,,2,143,3,0,1,0,product_mng,medium
14936,0.76,,5,217,6,0,1,0,product_mng,medium
14937,0.46,,2,147,3,0,1,0,product_mng,medium
14938,0.9,,4,271,5,0,1,0,IT,medium
14939,0.85,,4,273,5,0,1,0,RandD,medium
14940,0.1,,5,285,4,1,1,0,RandD,medium
14941,0.43,,2,131,3,0,1,0,RandD,high
14942,0.2,,5,135,6,0,1,0,RandD,low
14943,0.81,,5,239,5,0,1,0,RandD,medium
14944,0.83,,5,237,5,0,1,0,marketing,medium
14945,0.14,,4,277,5,1,1,0,sales,medium
14946,0.1,,5,303,5,0,1,0,accounting,medium
14947,0.91,,4,242,6,0,1,0,support,low
14948,0.37,,2,158,3,0,1,0,technical,low
14949,0.42,,2,147,3,1,1,0,management,low
14950,0.39,,2,282,5,0,1,0,marketing,low
14951,0.39,,2,154,3,0,1,0,marketing,low
14952,0.44,,2,149,3,0,1,0,marketing,low
14953,0.37,,2,149,3,0,1,0,sales,low
14954,0.39,,2,146,3,0,1,0,sales,low
14955,0.72,,4,258,5,0,1,0,sales,low
14956,0.37,,2,148,3,0,1,0,sales,low
14957,0.82,,5,236,5,0,1,0,sales,low
14958,0.42,,2,134,3,0,1,0,sales,low
14959,0.59,,2,155,5,0,1,0,sales,low
14960,0.82,,5,257,5,0,1,0,sales,low
14961,0.73,,6,189,2,0,1,0,sales,low
14962,0.78,,3,164,3,0,1,0,sales,low
14963,0.09,,6,271,4,0,1,0,sales,low
14964,0.1,,6,280,4,0,1,0,sales,low
14965,0.45,,2,149,3,0,1,0,sales,low
14966,0.83,,5,219,5,0,1,0,sales,low
14967,0.43,,2,128,3,0,1,0,sales,low
14968,0.4,,2,128,3,0,1,0,sales,medium
14969,0.43,,2,157,3,0,1,0,sales,medium
14970,0.78,,4,225,5,0,1,0,sales,medium
14971,0.39,,2,140,3,0,1,0,sales,medium
14972,0.11,,6,310,4,0,1,0,accounting,medium
14973,0.36,,2,143,3,0,1,0,accounting,medium
14974,0.36,,2,153,3,0,1,0,accounting,medium
14975,0.1,,7,310,4,0,1,0,hr,medium
14976,0.4,,2,136,3,0,1,0,hr,medium
14977,0.81,,4,251,6,0,1,0,hr,medium
14978,0.4,,2,144,3,0,1,0,hr,medium
14979,0.09,,6,296,4,0,1,0,technical,medium
14980,0.76,,5,238,5,0,1,0,technical,high
14981,0.73,,5,162,4,0,1,0,technical,low
14982,0.38,,2,137,3,0,1,0,technical,medium
14983,0.72,,5,257,5,0,1,0,technical,medium
14984,0.4,,2,148,3,0,1,0,technical,medium
14985,0.91,,5,254,5,0,1,0,technical,medium
14986,0.85,,4,247,6,0,1,0,technical,low
14987,0.9,,5,206,4,0,1,0,technical,low
14988,0.46,,2,145,3,0,1,0,technical,low
14989,0.43,,2,159,3,1,1,0,technical,low
14990,0.89,,5,228,5,1,1,0,support,low
14991,0.09,,6,257,4,0,1,0,support,low
14992,0.4,,2,155,3,0,1,0,support,low
14993,0.76,,6,293,6,0,1,0,support,low
14994,0.4,,2,151,3,0,1,0,support,low
14995,0.37,,2,160,3,0,1,0,support,low
14996,0.37,,2,143,3,0,1,0,support,low
14997,0.11,,6,280,4,0,1,0,support,low
14998,0.37,,2,158,3,0,1,0,support,low
